-1.195733249187469482e-02 -3.571077063679695129e-02 9.989930987358093262e-01
2.757351100444793701e-02 -4.515972733497619629e-02 9.177045226097106934e-01
2.862291038036346436e-02 -2.047040313482284546e-02 8.945583105087280273e-01
8.291430771350860596e-02 -2.162281982600688934e-02 9.045692086219787598e-01
5.486117303371429443e-02 -3.920757025480270386e-02 9.942493438720703125e-01
9.458564221858978271e-02 -5.470663309097290039e-02 1.005115151405334473e+00
1.187415570020675659e-01 -8.226661384105682373e-02 1.040665984153747559e+00
1.513451039791107178e-01 -7.958799600601196289e-02 9.866766929626464844e-01
1.945227533578872681e-01 -9.269411861896514893e-02 1.070105195045471191e+00
1.882868856191635132e-01 -2.040079794824123383e-02 9.751893281936645508e-01
2.982366681098937988e-01 -1.403516530990600586e-02 9.856869578361511230e-01
2.672117352485656738e-01 -4.507048986852169037e-03 9.272881746292114258e-01
2.694297432899475098e-01 -2.544881775975227356e-03 9.278476834297180176e-01
2.799814343452453613e-01 -6.711157038807868958e-03 9.131583571434020996e-01
2.544090151786804199e-01 -1.401899196207523346e-02 8.340598940849304199e-01
3.482550382614135742e-01 -1.438588090240955353e-02 8.057616949081420898e-01
3.678169250488281250e-01 -1.012348569929599762e-02 7.714703083038330078e-01
3.313507437705993652e-01 -2.251623012125492096e-02 5.791190862655639648e-01
3.111233115196228027e-01 -1.927084662020206451e-02 6.008605957031250000e-01
3.552845120429992676e-01 -6.255516782402992249e-03 4.862366020679473877e-01
4.599299430847167969e-01 -7.813947275280952454e-03 4.918537437915802002e-01
6.420212984085083008e-01 -1.331517286598682404e-02 4.308194518089294434e-01
8.052912950515747070e-01 -2.628091163933277130e-02 3.942205309867858887e-01
7.690936923027038574e-01 -2.105120383203029633e-02 3.261402249336242676e-01
7.271827459335327148e-01 -1.305800117552280426e-02 2.639053463935852051e-01
5.894745588302612305e-01 -3.907361999154090881e-03 2.785965204238891602e-01
6.314883232116699219e-01 3.728790208697319031e-03 2.471542358398437500e-01
5.287097096443176270e-01 1.391385681927204132e-02 2.216805219650268555e-01
5.265406370162963867e-01 2.293337695300579071e-02 1.890141963958740234e-01
4.960253238677978516e-01 4.790088161826133728e-03 1.697510480880737305e-01
5.863835215568542480e-01 1.891247369349002838e-02 2.136957049369812012e-01
6.364228129386901855e-01 9.367076680064201355e-03 1.945021152496337891e-01
5.414147377014160156e-01 2.206671051681041718e-02 1.875747144222259521e-01
5.257478952407836914e-01 2.343574725091457367e-02 1.530345082283020020e-01
5.871129035949707031e-01 2.482591196894645691e-03 1.265766024589538574e-01
5.843625664710998535e-01 8.074911311268806458e-03 9.321647882461547852e-02
6.037685871124267578e-01 1.263748295605182648e-02 1.003140211105346680e-01
6.379870176315307617e-01 2.080364711582660675e-02 1.327660679817199707e-01
6.557573080062866211e-01 1.288735680282115936e-02 1.251014471054077148e-01
6.938816905021667480e-01 1.869080588221549988e-03 1.307712197303771973e-01
6.429324150085449219e-01 5.884757265448570251e-03 1.351396441459655762e-01
7.015754580497741699e-01 -3.387620672583580017e-03 1.020240187644958496e-01
6.603367328643798828e-01 -2.098338678479194641e-03 3.428673744201660156e-02
8.610918521881103516e-01 1.265018619596958160e-02 -4.534587264060974121e-02
8.571812510490417480e-01 5.119418725371360779e-03 2.095341868698596954e-02
8.183993101119995117e-01 1.242291182279586792e-04 1.520890183746814728e-02
8.400362730026245117e-01 -2.703601494431495667e-03 -4.355216026306152344e-02
7.824268937110900879e-01 -3.878856077790260315e-03 -2.665656618773937225e-02
8.080480098724365234e-01 3.350442275404930115e-03 -2.900582365691661835e-02
7.578789591789245605e-01 1.856134273111820221e-02 -2.141398005187511444e-02
7.639261484146118164e-01 2.041238732635974884e-02 -1.430124640464782715e-01
8.246521353721618652e-01 1.845507137477397919e-02 -1.922234296798706055e-01
9.324901103973388672e-01 1.553999446332454681e-02 -1.711248755455017090e-01
9.916435480117797852e-01 1.264935545623302460e-02 -2.270500063896179199e-01
9.949997663497924805e-01 2.936028502881526947e-02 -2.525368332862854004e-01
9.351881742477416992e-01 4.322001338005065918e-02 -3.352226614952087402e-01
9.921308755874633789e-01 2.962123416364192963e-02 -3.211467266082763672e-01
9.348826408386230469e-01 2.280774526298046112e-02 -2.869586944580078125e-01
1.035202741622924805e+00 4.070404171943664551e-02 -2.594369649887084961e-01
9.678500890731811523e-01 1.814307086169719696e-02 -2.655348777770996094e-01
9.982626438140869141e-01 -6.723506376147270203e-03 -3.338236808776855469e-01
9.743517041206359863e-01 -3.958956897258758545e-02 -3.627788424491882324e-01
9.646089076995849609e-01 -5.231157690286636353e-02 -4.133283495903015137e-01
1.037304997444152832e+00 -4.832002520561218262e-02 -4.877260923385620117e-01
1.044795751571655273e+00 -2.954031340777873993e-02 -5.662997961044311523e-01
9.474802017211914062e-01 -2.929544635117053986e-02 -5.592055916786193848e-01
9.786413908004760742e-01 -9.686091914772987366e-03 -6.521438956260681152e-01
9.773277640342712402e-01 -1.402879320085048676e-02 -6.795414686203002930e-01
9.248952269554138184e-01 -2.954234741628170013e-02 -6.255957484245300293e-01
8.998892903327941895e-01 -2.041597850620746613e-02 -5.740701556205749512e-01
8.386957645416259766e-01 -1.706637628376483917e-02 -6.024021506309509277e-01
8.595608472824096680e-01 -1.897064782679080963e-02 -6.916080713272094727e-01
8.196051716804504395e-01 -2.131512202322483063e-02 -6.417512297630310059e-01
8.461078405380249023e-01 -3.157877922058105469e-02 -5.966507196426391602e-01
8.219369649887084961e-01 -1.495447941124439240e-02 -5.781359672546386719e-01
8.163148164749145508e-01 -2.289580740034580231e-02 -5.933098793029785156e-01
8.288813829421997070e-01 -2.514752186834812164e-02 -5.421817898750305176e-01
8.825647234916687012e-01 -3.251727670431137085e-02 -6.115685701370239258e-01
9.024391770362854004e-01 -3.010092489421367645e-02 -5.739408135414123535e-01
9.109369516372680664e-01 -3.431498259305953979e-02 -6.243214011192321777e-01
9.444936513900756836e-01 -2.855333685874938965e-02 -5.879648327827453613e-01
9.060337543487548828e-01 -5.773904174566268921e-02 -6.056591868400573730e-01
9.670091271400451660e-01 -3.712677955627441406e-02 -6.170212030410766602e-01
9.429791569709777832e-01 -3.722286969423294067e-02 -5.861008167266845703e-01
9.294910430908203125e-01 -4.212625324726104736e-02 -5.838217139244079590e-01
9.054685235023498535e-01 -3.846030682325363159e-02 -5.464576482772827148e-01
8.986414074897766113e-01 -4.407314211130142212e-02 -5.674610733985900879e-01
8.918958306312561035e-01 -4.993145167827606201e-02 -5.338671803474426270e-01
8.698270916938781738e-01 -4.167680069804191589e-02 -5.079038143157958984e-01
8.930842280387878418e-01 -3.693854808807373047e-02 -5.184270739555358887e-01
9.027826189994812012e-01 -4.618816822767257690e-02 -5.000778436660766602e-01
9.421961307525634766e-01 -4.672767221927642822e-02 -5.321996808052062988e-01
9.295650720596313477e-01 -3.386794030666351318e-02 -4.966859817504882812e-01
8.812377452850341797e-01 -3.135515004396438599e-02 -5.078581571578979492e-01
8.393120765686035156e-01 -2.084943838417530060e-02 -4.952917695045471191e-01
8.584256172180175781e-01 -1.936435885727405548e-02 -5.118321180343627930e-01
8.799071311950683594e-01 -2.606059797108173370e-02 -5.303320288658142090e-01
8.157532215118408203e-01 -2.346576191484928131e-02 -5.454104542732238770e-01
7.854318618774414062e-01 -2.404394559562206268e-02 -5.357812643051147461e-01
7.709437608718872070e-01 -2.085995860397815704e-02 -5.153691768646240234e-01
8.011346459388732910e-01 -2.718181721866130829e-02 -5.765879750251770020e-01
7.260832786560058594e-01 -2.150166966021060944e-02 -4.944360256195068359e-01
6.952512264251708984e-01 -1.742698810994625092e-02 -5.030035376548767090e-01
6.819679141044616699e-01 -1.605410128831863403e-02 -4.834004640579223633e-01
7.353252768516540527e-01 -1.089946366846561432e-02 -5.317625999450683594e-01
6.699186563491821289e-01 7.277354598045349121e-06 -6.075873970985412598e-01
7.668656110763549805e-01 -5.380716174840927124e-03 -6.473104953765869141e-01
7.910245656967163086e-01 -1.201361790299415588e-02 -5.915603637695312500e-01
6.191840171813964844e-01 -1.352155022323131561e-02 -5.704799294471740723e-01
6.371747851371765137e-01 -3.209430724382400513e-04 -6.000831127166748047e-01
4.425307512283325195e-01 7.417073473334312439e-03 -5.008082985877990723e-01
6.346945762634277344e-01 -4.000073298811912537e-03 -4.626311957836151123e-01
5.345748662948608398e-01 -1.528933830559253693e-02 -5.936746597290039062e-01
6.449618935585021973e-01 -1.741298474371433258e-02 -4.747239351272583008e-01
5.767287015914916992e-01 -7.353788241744041443e-03 -5.413298606872558594e-01
5.685721635818481445e-01 -6.250428035855293274e-03 -5.290719270706176758e-01
5.161787271499633789e-01 1.388182863593101501e-03 -4.475063979625701904e-01
6.353578567504882812e-01 -2.282322384417057037e-02 -4.205660521984100342e-01
6.079291105270385742e-01 -1.716841943562030792e-02 -4.864277839660644531e-01
6.691721677780151367e-01 -6.489230319857597351e-03 -4.192253351211547852e-01
7.290984392166137695e-01 -1.690938510000705719e-02 -4.264802038669586182e-01
7.164320349693298340e-01 -2.144032157957553864e-02 -4.436662197113037109e-01
7.079440355300903320e-01 -3.291893005371093750e-02 -4.174057841300964355e-01
6.657584905624389648e-01 -2.650751359760761261e-02 -5.233451128005981445e-01
6.392643451690673828e-01 -2.246140874922275543e-02 -4.836512207984924316e-01
6.923806667327880859e-01 -1.919858343899250031e-02 -5.300216674804687500e-01
6.761627793312072754e-01 -2.171337045729160309e-02 -5.012574195861816406e-01
7.777124643325805664e-01 -2.337848953902721405e-02 -4.504820108413696289e-01
7.091940045356750488e-01 -1.436549611389636993e-02 -4.631303250789642334e-01
7.354484200477600098e-01 -8.183816447854042053e-03 -4.621750414371490479e-01
7.145596146583557129e-01 -4.333304241299629211e-03 -5.150715708732604980e-01
8.633998036384582520e-01 -2.085697837173938751e-02 -4.006087779998779297e-01
7.516831159591674805e-01 -1.835789345204830170e-02 -3.862958848476409912e-01
8.435469865798950195e-01 -1.924798823893070221e-02 -4.313098788261413574e-01
9.255977869033813477e-01 -1.949166692793369293e-02 -4.827632904052734375e-01
9.272300601005554199e-01 -1.362576521933078766e-02 -5.024860501289367676e-01
1.050518393516540527e+00 -6.426731124520301819e-03 -4.656661748886108398e-01
9.800163507461547852e-01 -7.057091221213340759e-03 -4.417061209678649902e-01
8.296716809272766113e-01 -2.116926945745944977e-02 -3.958493471145629883e-01
8.806618452072143555e-01 -3.340914845466613770e-02 -3.990240097045898438e-01
9.482209086418151855e-01 -2.876046486198902130e-02 -2.732022106647491455e-01
9.510039091110229492e-01 -2.106285654008388519e-02 -3.351109623908996582e-01
9.067520499229431152e-01 -1.887392438948154449e-02 -3.551186919212341309e-01
9.249069690704345703e-01 -1.190542802214622498e-02 -4.023349881172180176e-01
9.907710552215576172e-01 -5.263710394501686096e-03 -4.573575258255004883e-01
1.023449897766113281e+00 -3.494285792112350464e-02 -3.979080915451049805e-01
1.022295594215393066e+00 -3.863701969385147095e-02 -3.943397402763366699e-01
9.148645401000976562e-01 -3.936822712421417236e-02 -3.024291992187500000e-01
8.809109926223754883e-01 -3.247956559062004089e-02 -3.200082778930664062e-01
1.042040467262268066e+00 -1.539281755685806274e-02 -3.782390356063842773e-01
1.016863703727722168e+00 -2.839432097971439362e-02 -3.679594397544860840e-01
9.808441400527954102e-01 -2.613355033099651337e-02 -2.680168747901916504e-01
9.114723801612854004e-01 -1.802721619606018066e-02 -2.171720266342163086e-01
9.292531013488769531e-01 -6.193036213517189026e-03 -2.693622112274169922e-01
9.750167131423950195e-01 -1.712955906987190247e-02 -2.417989373207092285e-01
1.028610110282897949e+00 5.874659866094589233e-03 -2.309692800045013428e-01
1.034110903739929199e+00 7.660733535885810852e-03 -2.316486835479736328e-01
1.030029058456420898e+00 3.155278041958808899e-03 -2.303048968315124512e-01
1.040455937385559082e+00 1.845994964241981506e-03 -2.205395996570587158e-01
9.577705860137939453e-01 1.075138896703720093e-02 -2.424713373184204102e-01
1.022978663444519043e+00 6.651928648352622986e-03 -1.952579319477081299e-01
9.877538681030273438e-01 4.975853487849235535e-03 -2.157763838768005371e-01
9.025761485099792480e-01 1.586003415286540985e-02 -1.852482557296752930e-01
8.046914935111999512e-01 1.091661863029003143e-02 -1.666175127029418945e-01
8.631252646446228027e-01 1.328956149518489838e-02 -2.209292054176330566e-01
1.047620534896850586e+00 -7.246376015245914459e-03 -1.491701006889343262e-01
9.043910503387451172e-01 -7.164282724261283875e-04 -1.289552450180053711e-01
8.102974891662597656e-01 3.703353926539421082e-03 -1.087518632411956787e-01
8.484227061271667480e-01 -1.164673827588558197e-02 -1.341763138771057129e-01
8.706074357032775879e-01 -3.456939011812210083e-04 -8.516371250152587891e-02
8.643614053726196289e-01 -1.095573045313358307e-02 -1.279558539390563965e-01
8.393141627311706543e-01 1.425212621688842773e-02 -1.308730840682983398e-01
8.940593004226684570e-01 -1.121971942484378815e-02 -5.554431676864624023e-02
8.428431749343872070e-01 -3.418976441025733948e-03 -1.238133311271667480e-01
8.035037517547607422e-01 -1.363788731396198273e-02 -1.132723689079284668e-01
8.041955232620239258e-01 -1.084694638848304749e-03 -1.276411414146423340e-01
7.673203945159912109e-01 -6.146723404526710510e-03 -1.486362218856811523e-01
8.453511595726013184e-01 -1.969408430159091949e-02 -1.686300039291381836e-01
9.364539384841918945e-01 -3.223226964473724365e-02 -1.952441930770874023e-01
8.571392297744750977e-01 -2.010851539671421051e-02 -1.895200610160827637e-01
8.806060552597045898e-01 -7.436027750372886658e-03 -2.275403738021850586e-01
8.639776110649108887e-01 9.625600650906562805e-03 -2.003430128097534180e-01
8.582319617271423340e-01 2.882282622158527374e-02 -2.548369169235229492e-01
8.700253963470458984e-01 1.549657993018627167e-02 -2.490948736667633057e-01
8.632510304450988770e-01 1.909309811890125275e-02 -2.561531960964202881e-01
6.487261056900024414e-01 2.898692898452281952e-02 -2.850471735000610352e-01
7.015697956085205078e-01 2.698917500674724579e-02 -3.083225488662719727e-01
7.451465725898742676e-01 1.383815705776214600e-02 -2.625994086265563965e-01
5.430895090103149414e-01 -2.454511821269989014e-03 -2.404069006443023682e-01
6.976389884948730469e-01 5.397032946348190308e-02 -2.030429542064666748e-01
6.593923568725585938e-01 -6.470305845141410828e-03 -1.765231192111968994e-01
7.011672258377075195e-01 -2.073468454182147980e-02 -1.217643618583679199e-01
7.478135228157043457e-01 -1.795807853341102600e-02 -1.049100160598754883e-01
7.773359417915344238e-01 -2.712018415331840515e-02 -1.595665216445922852e-01
7.668609023094177246e-01 -2.340679243206977844e-02 -7.116645574569702148e-02
7.516654729843139648e-01 -2.172234468162059784e-02 -3.092658333480358124e-02
7.879041433334350586e-01 -2.430808357894420624e-02 -3.344076871871948242e-02
9.066707491874694824e-01 -3.287662565708160400e-02 -4.002118110656738281e-02
8.085692524909973145e-01 -2.346860431134700775e-02 -3.695046901702880859e-02
8.596465587615966797e-01 -1.830372028052806854e-02 -5.517703294754028320e-02
8.057134151458740234e-01 -2.559582330286502838e-02 -5.962455272674560547e-02
7.911553978919982910e-01 -2.895298786461353302e-02 -8.149486780166625977e-02
8.501806855201721191e-01 -2.582489140331745148e-02 -7.389956712722778320e-02
8.641377091407775879e-01 -4.204606637358665466e-03 -3.505730628967285156e-02
8.610148429870605469e-01 -4.296490922570228577e-03 -6.213033199310302734e-02
7.105541229248046875e-01 -2.263856306672096252e-02 -7.242196798324584961e-02
6.435030102729797363e-01 -9.883666411042213440e-03 -9.141904115676879883e-02
7.019295692443847656e-01 -1.462376397103071213e-02 -4.544478654861450195e-02
7.230802774429321289e-01 -2.612498588860034943e-02 -7.365244626998901367e-02
7.224445939064025879e-01 -2.474736236035823822e-02 -5.632764101028442383e-02
7.089676856994628906e-01 -2.521568723022937775e-02 -4.818171262741088867e-02
7.209007740020751953e-01 -2.307463251054286957e-02 -5.603116750717163086e-02
6.796099543571472168e-01 -2.404637262225151062e-02 -5.346828699111938477e-02
6.899079680442810059e-01 -2.700172178447246552e-02 -2.917539887130260468e-02
7.211298346519470215e-01 -2.340471372008323669e-02 -2.104943804442882538e-02
7.905549407005310059e-01 -3.198487311601638794e-02 -7.337009906768798828e-02
7.459136247634887695e-01 -4.099138826131820679e-02 -3.722667694091796875e-02
7.311822175979614258e-01 -2.830121479928493500e-02 -4.968726634979248047e-02
6.839236021041870117e-01 -2.630443125963211060e-02 -4.980993270874023438e-02
6.847856044769287109e-01 -2.922093309462070465e-02 -4.230201244354248047e-02
7.080147862434387207e-01 -3.148126602172851562e-02 -5.469548702239990234e-02
7.848033905029296875e-01 -2.961022034287452698e-02 -5.019050836563110352e-02
7.737982273101806641e-01 -2.940885163843631744e-02 -3.872513771057128906e-02
7.422959208488464355e-01 -3.026788681745529175e-02 -2.553802542388439178e-02
7.218432426452636719e-01 -1.821984350681304932e-02 -1.245957426726818085e-02
7.167167663574218750e-01 -1.933935098350048065e-02 1.957768388092517853e-02
7.440240383148193359e-01 -2.238860353827476501e-02 3.657233715057373047e-02
7.794924974441528320e-01 -3.400793671607971191e-02 2.780199237167835236e-02
8.174832463264465332e-01 -2.289068326354026794e-02 6.065787747502326965e-03
8.220587372779846191e-01 -1.935312151908874512e-02 1.873946376144886017e-02
8.359167575836181641e-01 -3.076158091425895691e-02 5.076539516448974609e-02
8.565274477005004883e-01 -2.491216361522674561e-02 7.131695747375488281e-02
8.079466223716735840e-01 -2.493233792483806610e-02 8.649253845214843750e-02
8.050292134284973145e-01 -1.530544739216566086e-02 6.810128688812255859e-02
7.492797970771789551e-01 -2.078434079885482788e-02 8.260011672973632812e-02
7.717153429985046387e-01 -1.743103004992008209e-02 2.469384856522083282e-02
8.554315567016601562e-01 -6.766073405742645264e-03 6.716221570968627930e-02
8.807053565979003906e-01 -1.166740339249372482e-02 8.771687746047973633e-02
8.853104114532470703e-01 -1.232496090233325958e-02 1.113327145576477051e-01
8.177890777587890625e-01 -9.058786556124687195e-03 1.168093085289001465e-01
7.554402351379394531e-01 -2.119366265833377838e-02 9.525361657142639160e-02
6.754205226898193359e-01 -8.444707840681076050e-03 1.613890230655670166e-01
6.302427053451538086e-01 -9.906847961246967316e-03 1.260176599025726318e-01
7.092471122741699219e-01 -1.263291761279106140e-02 1.071065962314605713e-01
7.257144451141357422e-01 -3.158934414386749268e-03 9.434217214584350586e-02
9.063774943351745605e-01 3.137787804007530212e-03 7.430972531437873840e-03
9.481964111328125000e-01 4.363311454653739929e-03 6.997030973434448242e-02
9.374349117279052734e-01 8.993547409772872925e-03 7.997608184814453125e-02
9.054674506187438965e-01 3.343632444739341736e-03 7.267183065414428711e-02
8.625428676605224609e-01 1.092512160539627075e-03 1.208621263504028320e-01
8.607873320579528809e-01 3.009714186191558838e-03 1.157675981521606445e-01
8.748024106025695801e-01 4.301249980926513672e-03 9.344416856765747070e-02
9.222579002380371094e-01 1.065367087721824646e-02 5.497199296951293945e-02
8.648388981819152832e-01 1.429230533540248871e-02 6.434261798858642578e-02
8.716561794281005859e-01 1.370640099048614502e-02 6.794589757919311523e-02
8.563692569732666016e-01 2.151307277381420135e-02 1.135630607604980469e-01
8.692821264266967773e-01 2.273884974420070648e-02 1.162173748016357422e-01
7.805145978927612305e-01 1.074072532355785370e-02 1.929086446762084961e-01
7.959516644477844238e-01 1.548139937222003937e-02 1.670377850532531738e-01
8.577830195426940918e-01 1.199510507285594940e-02 2.563216090202331543e-01
8.184589743614196777e-01 1.666509173810482025e-02 2.438422441482543945e-01
7.921836972236633301e-01 7.669573649764060974e-03 3.263021707534790039e-01
8.088039755821228027e-01 1.284938491880893707e-02 2.572576403617858887e-01
8.067188858985900879e-01 1.193461753427982330e-02 2.500050663948059082e-01
7.849390506744384766e-01 1.255116425454616547e-02 3.106865882873535156e-01
7.540034055709838867e-01 1.801717095077037811e-02 2.539487481117248535e-01
7.330424189567565918e-01 1.576771028339862823e-02 2.799525856971740723e-01
6.747732162475585938e-01 1.199143379926681519e-02 2.658119201660156250e-01
6.869661808013916016e-01 1.247128657996654510e-02 2.688235640525817871e-01
6.733325123786926270e-01 1.094773411750793457e-02 3.103914260864257812e-01
6.836003065109252930e-01 1.190798170864582062e-02 2.647489905357360840e-01
7.254275083541870117e-01 9.967001155018806458e-03 3.449689149856567383e-01
6.640339493751525879e-01 5.559457466006278992e-03 3.249284327030181885e-01
6.559522151947021484e-01 3.972677513957023621e-03 3.493005037307739258e-01
7.056729197502136230e-01 2.740640193223953247e-04 3.054119944572448730e-01
6.816797852516174316e-01 5.252065137028694153e-03 2.654012441635131836e-01
6.977567672729492188e-01 7.814696058630943298e-03 2.093147635459899902e-01
6.589953899383544922e-01 3.140358254313468933e-03 2.525328993797302246e-01
6.758828759193420410e-01 -2.876901999115943909e-03 2.103339135646820068e-01
7.032099962234497070e-01 -1.496183313429355621e-02 2.206841111183166504e-01
7.374541759490966797e-01 -2.510843239724636078e-02 1.902877092361450195e-01
6.642360687255859375e-01 -1.362494565546512604e-02 2.257014214992523193e-01
7.120229005813598633e-01 -1.291687972843647003e-02 2.144224047660827637e-01
6.226207613945007324e-01 -1.360004581511020660e-02 2.773536443710327148e-01
6.856738924980163574e-01 -8.066767826676368713e-03 2.218058109283447266e-01
7.632923126220703125e-01 -5.286917090415954590e-03 1.880331039428710938e-01
8.622067570686340332e-01 -2.300137467682361603e-02 2.099474072456359863e-01
8.269791007041931152e-01 -2.073150686919689178e-02 1.742113232612609863e-01
8.436291813850402832e-01 -1.081858016550540924e-02 1.757594943046569824e-01
8.906487226486206055e-01 -1.064737327396869659e-03 1.456248760223388672e-01
8.912328481674194336e-01 4.577353596687316895e-03 1.428583264350891113e-01
8.364319801330566406e-01 5.884690210223197937e-03 1.752370595932006836e-01
9.104289412498474121e-01 1.213857717812061310e-02 1.208713054656982422e-01
9.155471324920654297e-01 1.451862789690494537e-02 2.011477351188659668e-01
9.662020206451416016e-01 1.129263080656528473e-02 1.622212529182434082e-01
9.508924484252929688e-01 9.682113304734230042e-03 1.481049656867980957e-01
9.426739215850830078e-01 1.136375591158866882e-02 1.322568058967590332e-01
9.749802350997924805e-01 4.466142505407333374e-03 1.294336915016174316e-01
9.457354545593261719e-01 7.521839812397956848e-03 1.148597002029418945e-01
9.760071039199829102e-01 7.927915081381797791e-03 1.174595952033996582e-01
9.708157777786254883e-01 -2.069380134344100952e-04 1.426141262054443359e-01
9.893439412117004395e-01 5.955021828413009644e-03 1.557182669639587402e-01
9.979085922241210938e-01 1.648163422942161560e-03 1.940609216690063477e-01
9.595620632171630859e-01 3.683751448988914490e-03 2.028996944427490234e-01
9.644030928611755371e-01 3.473738208413124084e-03 2.062454819679260254e-01
9.540519714355468750e-01 4.154177382588386536e-03 2.556462883949279785e-01
1.007705926895141602e+00 1.125126890838146210e-02 2.938072681427001953e-01
9.795882105827331543e-01 9.202644228935241699e-03 2.752860784530639648e-01
9.438589811325073242e-01 1.172412373125553131e-02 2.775764465332031250e-01
9.209538102149963379e-01 3.346996381878852844e-03 2.427737712860107422e-01
9.083526730537414551e-01 5.237882956862449646e-03 3.141527175903320312e-01
9.114900827407836914e-01 6.200050935149192810e-03 3.245708346366882324e-01
8.881311416625976562e-01 1.441969536244869232e-02 3.547952771186828613e-01
8.702429533004760742e-01 2.095873095095157623e-02 3.511747121810913086e-01
8.443336486816406250e-01 2.389423362910747528e-02 3.615307807922363281e-01
8.374111652374267578e-01 2.385844849050045013e-02 4.046605229377746582e-01
8.411883711814880371e-01 2.312841080129146576e-02 3.349370360374450684e-01
8.486269116401672363e-01 1.203722879290580750e-02 3.307557702064514160e-01
8.947240710258483887e-01 2.206234447658061981e-02 3.237405419349670410e-01
8.417958617210388184e-01 2.076764218509197235e-02 4.494776725769042969e-01
9.037005901336669922e-01 2.035428397357463837e-02 3.793613314628601074e-01
9.178082942962646484e-01 2.297794446349143982e-03 2.844241261482238770e-01
8.924549221992492676e-01 2.439692616462707520e-05 2.832559645175933838e-01
8.537986874580383301e-01 1.252275332808494568e-02 2.727586627006530762e-01
7.706254720687866211e-01 2.579566650092601776e-02 3.318946957588195801e-01
8.790467977523803711e-01 1.640960760414600372e-02 3.544922471046447754e-01
7.735310792922973633e-01 1.158259622752666473e-02 4.544083476066589355e-01
8.825202584266662598e-01 2.225166186690330505e-03 5.121308565139770508e-01
8.973755836486816406e-01 8.618967607617378235e-03 4.308062791824340820e-01
8.544431328773498535e-01 4.776623100042343140e-03 3.285497426986694336e-01
8.728044033050537109e-01 4.432143643498420715e-03 2.791650295257568359e-01
8.598606586456298828e-01 1.106865145266056061e-02 2.708970308303833008e-01
8.280788660049438477e-01 1.397838629782199860e-02 2.942857146263122559e-01
8.495433330535888672e-01 1.972825638949871063e-02 3.228321075439453125e-01
7.521732449531555176e-01 -3.861570730805397034e-03 4.311490356922149658e-01
8.333679437637329102e-01 1.499820500612258911e-04 3.622495532035827637e-01
8.365886211395263672e-01 -1.304823905229568481e-03 3.617929816246032715e-01
8.176856040954589844e-01 -5.868000909686088562e-03 3.976666331291198730e-01
8.402929306030273438e-01 -6.560605019330978394e-03 4.315220117568969727e-01
8.688723444938659668e-01 -4.612858407199382782e-03 4.054155945777893066e-01
8.223256468772888184e-01 -9.927781298756599426e-03 4.160594940185546875e-01
8.428719639778137207e-01 -8.775195106863975525e-03 3.576859235763549805e-01
8.479880690574645996e-01 2.323890104889869690e-03 3.193318247795104980e-01
8.500618338584899902e-01 9.032009169459342957e-03 3.242102861404418945e-01
8.133200407028198242e-01 -5.505906417965888977e-03 4.631374478340148926e-01
7.735483646392822266e-01 -2.160841599106788635e-03 4.532095789909362793e-01
7.940403223037719727e-01 -4.450436681509017944e-04 4.812073707580566406e-01
7.790004611015319824e-01 -2.915600314736366272e-03 4.501748085021972656e-01
7.207389473915100098e-01 -5.534017458558082581e-03 5.427327752113342285e-01
7.304974198341369629e-01 -8.018458262085914612e-03 5.817840099334716797e-01
7.771993279457092285e-01 -7.636958733201026917e-03 6.344507336616516113e-01
7.871547937393188477e-01 -6.310911849141120911e-03 6.284190416336059570e-01
8.110989332199096680e-01 -1.169762201607227325e-02 5.249623656272888184e-01
8.555443286895751953e-01 -2.064587548375129700e-03 3.977660536766052246e-01
8.271493315696716309e-01 -4.729684442281723022e-04 4.544324874877929688e-01
8.394411802291870117e-01 -7.628912106156349182e-03 5.466485619544982910e-01
8.130297660827636719e-01 -1.278655417263507843e-02 5.957802534103393555e-01
7.903150320053100586e-01 -1.322292722761631012e-02 5.916647315025329590e-01
8.465965986251831055e-01 -8.670249953866004944e-03 5.992506146430969238e-01
8.688049316406250000e-01 -7.496895268559455872e-03 5.031772255897521973e-01
7.867030501365661621e-01 -1.143150217831134796e-02 4.398793578147888184e-01
7.756748199462890625e-01 -9.514810517430305481e-03 4.928047657012939453e-01
8.385732173919677734e-01 1.604067161679267883e-03 5.452374219894409180e-01
8.494298458099365234e-01 6.067065522074699402e-03 5.325493812561035156e-01
8.553741574287414551e-01 -7.855314761400222778e-04 5.141289234161376953e-01
8.373674750328063965e-01 1.739775761961936951e-03 4.340481162071228027e-01
8.233910799026489258e-01 -5.702972412109375000e-04 4.908157587051391602e-01
7.671978473663330078e-01 -6.664237007498741150e-03 4.339103698730468750e-01
7.559310197830200195e-01 -9.458893910050392151e-03 5.391448736190795898e-01
7.658459544181823730e-01 -1.381758041679859161e-02 5.169108510017395020e-01
7.557076215744018555e-01 -1.873586513102054596e-02 4.450262188911437988e-01
6.823004484176635742e-01 -2.416648901998996735e-02 5.846047401428222656e-01
6.986666917800903320e-01 -1.907369680702686310e-02 5.049827694892883301e-01
6.773529052734375000e-01 -1.384530402719974518e-02 4.712806344032287598e-01
6.921963691711425781e-01 -9.550074115395545959e-03 5.322845578193664551e-01
7.715817093849182129e-01 -3.106208518147468567e-03 6.780376434326171875e-01
6.766581535339355469e-01 2.350283786654472351e-03 6.530180573463439941e-01
7.347032427787780762e-01 -6.165118888020515442e-03 6.299338340759277344e-01
7.079271078109741211e-01 9.145345538854598999e-04 6.376885175704956055e-01
7.431181669235229492e-01 3.850428387522697449e-03 6.618143320083618164e-01
7.396349310874938965e-01 9.505199268460273743e-03 6.188334226608276367e-01
7.520523071289062500e-01 1.051973365247249603e-02 5.688272714614868164e-01
8.162642121315002441e-01 1.366336084902286530e-02 5.938024520874023438e-01
7.849802374839782715e-01 3.274026513099670410e-02 6.363221406936645508e-01
8.308167457580566406e-01 3.436149656772613525e-02 6.323551535606384277e-01
8.885822892189025879e-01 2.546009607613086700e-02 6.223027110099792480e-01
8.751943707466125488e-01 2.037102170288562775e-02 5.354697108268737793e-01
8.199645876884460449e-01 2.986097149550914764e-02 5.592935085296630859e-01
8.683641552925109863e-01 2.840310335159301758e-03 4.513686299324035645e-01
8.458170294761657715e-01 8.766116574406623840e-03 4.485370218753814697e-01
8.356760740280151367e-01 6.636938080191612244e-03 4.792411923408508301e-01
8.536094427108764648e-01 1.377854496240615845e-04 4.757890403270721436e-01
8.579564094543457031e-01 8.898731321096420288e-04 4.466871619224548340e-01
8.636196255683898926e-01 2.380749210715293884e-03 4.878655672073364258e-01
8.512458205223083496e-01 5.542356520891189575e-04 5.421024560928344727e-01
7.783035039901733398e-01 -9.574765339493751526e-03 5.978077650070190430e-01
7.662218809127807617e-01 -9.540664032101631165e-03 5.335820913314819336e-01
7.274584174156188965e-01 -8.347945287823677063e-03 5.115771889686584473e-01
7.711225748062133789e-01 -6.775615736842155457e-03 5.693938732147216797e-01
7.722322344779968262e-01 -2.845998853445053101e-03 6.057388186454772949e-01
8.105662465095520020e-01 -1.269400119781494141e-03 6.582118868827819824e-01
7.469819784164428711e-01 -3.316956572234630585e-03 6.340991258621215820e-01
7.232788205146789551e-01 -8.615411818027496338e-03 6.826457381248474121e-01
7.226159572601318359e-01 -9.453278034925460815e-04 6.799658536911010742e-01
7.541327476501464844e-01 6.827097386121749878e-04 7.192934751510620117e-01
7.504085302352905273e-01 3.402663394808769226e-03 6.814223527908325195e-01
7.091403603553771973e-01 2.080200240015983582e-03 6.721208095550537109e-01
7.259218692779541016e-01 2.269824966788291931e-03 7.054674625396728516e-01
7.623120546340942383e-01 -3.634411841630935669e-04 7.118870019912719727e-01
7.442780137062072754e-01 -2.101527526974678040e-03 7.319213151931762695e-01
7.697065472602844238e-01 -1.450274325907230377e-02 7.622915506362915039e-01
8.073377609252929688e-01 -9.957635775208473206e-03 7.698442935943603516e-01
8.028988838195800781e-01 -1.536937989294528961e-02 8.302262425422668457e-01
6.730657815933227539e-01 -1.981819607317447662e-02 8.108531236648559570e-01
6.486688256263732910e-01 -1.829185523092746735e-02 8.098113536834716797e-01
6.932412385940551758e-01 -9.517701342701911926e-03 8.502719402313232422e-01
6.492473483085632324e-01 -1.042002625763416290e-02 7.748160362243652344e-01
6.500029563903808594e-01 -1.233679242432117462e-02 7.862917780876159668e-01
6.147968769073486328e-01 -2.130593545734882355e-02 8.193671703338623047e-01
6.537355184555053711e-01 -1.150397397577762604e-02 8.298993706703186035e-01
6.881051659584045410e-01 -9.598495438694953918e-03 8.573451042175292969e-01
7.054638266563415527e-01 -9.581224992871284485e-03 8.796564340591430664e-01
6.781281828880310059e-01 -1.129410602152347565e-02 8.614321351051330566e-01
6.507071852684020996e-01 -6.896579638123512268e-03 8.994026780128479004e-01
6.924006938934326172e-01 -7.822180166840553284e-03 9.428424239158630371e-01
6.695232987403869629e-01 -5.696320906281471252e-03 9.642761945724487305e-01
6.391458511352539062e-01 -6.885552778840065002e-03 9.960826635360717773e-01
6.460660099983215332e-01 -4.610346630215644836e-03 9.675439596176147461e-01
6.106435060501098633e-01 -2.587737515568733215e-03 8.140085935592651367e-01
6.340416669845581055e-01 -1.364262588322162628e-02 8.016995191574096680e-01
6.318019628524780273e-01 -1.306502707302570343e-02 7.925213575363159180e-01
6.125787496566772461e-01 -5.407268181443214417e-03 8.479583263397216797e-01
6.135028600692749023e-01 5.502086132764816284e-04 7.989514470100402832e-01
5.739077329635620117e-01 1.712216064333915710e-03 7.589597105979919434e-01
5.702094435691833496e-01 9.509360417723655701e-03 6.829109191894531250e-01
5.898339152336120605e-01 6.423024460673332214e-03 6.906692981719970703e-01
6.044065356254577637e-01 5.057422444224357605e-03 6.309655904769897461e-01
5.887877345085144043e-01 1.614562980830669403e-02 5.867582559585571289e-01
6.467915773391723633e-01 1.018405146896839142e-02 6.895409822463989258e-01
6.537940502166748047e-01 9.460432454943656921e-03 6.707146763801574707e-01
6.706971526145935059e-01 -8.574070408940315247e-03 7.641777992248535156e-01
6.128433346748352051e-01 -2.496952190995216370e-03 7.386695146560668945e-01
6.267390847206115723e-01 2.920074388384819031e-03 7.776063084602355957e-01
5.848969221115112305e-01 8.453046903014183044e-03 7.935758233070373535e-01
6.731228232383728027e-01 1.243070699274539948e-02 7.621703147888183594e-01
5.923157334327697754e-01 9.936181828379631042e-03 7.746344804763793945e-01
5.639535188674926758e-01 1.402900181710720062e-02 7.433996200561523438e-01
6.243857145309448242e-01 2.304483391344547272e-02 7.901320457458496094e-01
5.412555336952209473e-01 1.904456503689289093e-02 6.958751082420349121e-01
5.395029187202453613e-01 1.781294681131839752e-02 7.807163000106811523e-01
5.866509675979614258e-01 9.822594001889228821e-03 6.682500839233398438e-01
5.779320001602172852e-01 1.661687903106212616e-02 5.906151533126831055e-01
6.018716096878051758e-01 9.884769096970558167e-03 6.872488260269165039e-01
5.454140901565551758e-01 7.603919133543968201e-03 5.897026062011718750e-01
5.605701208114624023e-01 1.042815484106540680e-02 7.019683718681335449e-01
5.579107403755187988e-01 5.815928801894187927e-03 6.370378732681274414e-01
5.917778611183166504e-01 3.842780366539955139e-03 6.163785457611083984e-01
6.172487139701843262e-01 6.554398685693740845e-03 5.673086047172546387e-01
5.818334221839904785e-01 4.513187333941459656e-03 6.722098588943481445e-01
5.294929146766662598e-01 -6.348052993416786194e-03 5.718464255332946777e-01
5.593397617340087891e-01 2.648903056979179382e-03 6.476016640663146973e-01
5.846908092498779297e-01 -6.021815352141857147e-03 6.232519745826721191e-01
4.459121227264404297e-01 2.312688156962394714e-03 6.257721185684204102e-01
5.267435312271118164e-01 -1.209542714059352875e-02 5.113227963447570801e-01
5.345754623413085938e-01 -1.111285388469696045e-02 5.673276782035827637e-01
5.622770190238952637e-01 -1.240624673664569855e-02 5.810095667839050293e-01
6.268771886825561523e-01 -9.446534328162670135e-03 5.043153166770935059e-01
6.226142644882202148e-01 -2.161888405680656433e-03 5.491655468940734863e-01
6.320720314979553223e-01 -2.491399645805358887e-03 5.702987909317016602e-01
6.399135589599609375e-01 -1.750439405441284180e-04 5.486338138580322266e-01
5.738933682441711426e-01 -1.551204547286033630e-02 5.021948814392089844e-01
6.621735095977783203e-01 -1.689166761934757233e-03 5.060073137283325195e-01
5.857050418853759766e-01 5.645124241709709167e-03 5.935719013214111328e-01
6.145790219306945801e-01 1.591963507235050201e-02 5.595508813858032227e-01
6.531072854995727539e-01 9.285805746912956238e-03 5.449069142341613770e-01
7.147608399391174316e-01 1.427361927926540375e-02 5.718514323234558105e-01
7.853705883026123047e-01 1.497385837137699127e-02 5.190423727035522461e-01
7.647326588630676270e-01 1.280087605118751526e-02 5.472795367240905762e-01
7.033541202545166016e-01 1.036667637526988983e-02 5.686182975769042969e-01
7.150819301605224609e-01 8.139891549944877625e-03 5.627957582473754883e-01
7.773883342742919922e-01 -5.814695730805397034e-03 3.992919921875000000e-01
8.538686037063598633e-01 -5.265343934297561646e-04 3.948431611061096191e-01
7.082130908966064453e-01 -8.404262363910675049e-03 4.394342303276062012e-01
6.317598819732666016e-01 -6.074933335185050964e-04 5.201711654663085938e-01
6.990122795104980469e-01 3.500798717141151428e-03 5.291949510574340820e-01
6.825165748596191406e-01 6.691094487905502319e-03 6.092599630355834961e-01
6.663184762001037598e-01 5.896318703889846802e-03 5.672892928123474121e-01
6.454358696937561035e-01 9.152119979262351990e-03 6.364054083824157715e-01
6.803809404373168945e-01 1.647868566215038300e-02 5.887224078178405762e-01
6.518312692642211914e-01 8.102478459477424622e-03 5.755293369293212891e-01
6.699041724205017090e-01 5.314594134688377380e-03 5.316244363784790039e-01
6.536396741867065430e-01 -2.581508830189704895e-03 6.246769428253173828e-01
6.806207895278930664e-01 -1.519973017275333405e-02 6.266977190971374512e-01
6.767838001251220703e-01 -2.849051728844642639e-03 6.205074787139892578e-01
6.508120298385620117e-01 -8.267076686024665833e-03 7.286997437477111816e-01
6.575410962104797363e-01 5.759056657552719116e-04 7.442262172698974609e-01
6.454438567161560059e-01 -5.521753802895545959e-03 6.819970607757568359e-01
6.229346990585327148e-01 3.694010898470878601e-03 6.349889636039733887e-01
6.197503805160522461e-01 7.904822006821632385e-03 6.140179634094238281e-01
6.389399170875549316e-01 1.784121617674827576e-03 6.533285975456237793e-01
7.099099159240722656e-01 8.732641115784645081e-03 5.656228065490722656e-01
6.605250239372253418e-01 1.272015832364559174e-02 5.998631715774536133e-01
6.777412295341491699e-01 1.996089704334735870e-02 5.453565120697021484e-01
6.594104766845703125e-01 1.922074146568775177e-02 5.278648138046264648e-01
6.731977462768554688e-01 2.258530817925930023e-02 5.342123508453369141e-01
6.304308772087097168e-01 2.474275417625904083e-02 5.416406989097595215e-01
6.788590550422668457e-01 3.033726476132869720e-02 5.191228985786437988e-01
7.125692963600158691e-01 2.549396269023418427e-02 6.066375374794006348e-01
7.406104207038879395e-01 2.529805339872837067e-02 4.786117076873779297e-01
7.588205337524414062e-01 2.907422371208667755e-02 4.393357038497924805e-01
7.185534834861755371e-01 3.103907965123653412e-02 4.177403450012207031e-01
6.950987577438354492e-01 2.333216182887554169e-02 5.515332221984863281e-01
6.158006787300109863e-01 1.086274348199367523e-02 6.053944230079650879e-01
6.466295719146728516e-01 2.768503502011299133e-03 5.853874087333679199e-01
6.781534552574157715e-01 4.133356735110282898e-03 5.878094434738159180e-01
7.394836544990539551e-01 2.729114145040512085e-03 5.730649232864379883e-01
7.499209046363830566e-01 6.383052095770835876e-03 6.480098962783813477e-01
7.531113028526306152e-01 2.188285812735557556e-03 5.799285173416137695e-01
7.071400284767150879e-01 2.970891073346138000e-03 6.932666301727294922e-01
6.942942142486572266e-01 5.205255001783370972e-03 6.930261850357055664e-01
7.464386224746704102e-01 3.162603825330734253e-04 6.582627296447753906e-01
7.623487114906311035e-01 -4.178026691079139709e-03 6.525952219963073730e-01
7.736492156982421875e-01 -1.134311594069004059e-02 5.848957896232604980e-01
7.648071646690368652e-01 -8.661666885018348694e-03 5.849072933197021484e-01
7.801505327224731445e-01 -1.379746384918689728e-02 6.098611950874328613e-01
7.505795955657958984e-01 -1.694818772375583649e-02 6.391857862472534180e-01
6.817300319671630859e-01 -7.429623976349830627e-03 6.274598836898803711e-01
6.608690619468688965e-01 3.465170040726661682e-03 6.434184312820434570e-01
6.215772032737731934e-01 -1.095570065081119537e-02 6.314153671264648438e-01
6.564666628837585449e-01 -2.028840221464633942e-02 5.633503198623657227e-01
6.741949319839477539e-01 -1.872759498655796051e-02 5.588636994361877441e-01
6.919988393783569336e-01 -6.373362615704536438e-03 5.735904574394226074e-01
6.740586757659912109e-01 -7.837230339646339417e-03 5.636611580848693848e-01
7.347953915596008301e-01 -1.149714551866054535e-02 5.731983184814453125e-01
5.983752012252807617e-01 5.516316741704940796e-04 5.262741446495056152e-01
5.328902602195739746e-01 -7.604027166962623596e-03 4.684280157089233398e-01
7.122772932052612305e-01 -1.285124756395816803e-02 5.899940133094787598e-01
7.122148275375366211e-01 -6.185295060276985168e-03 5.438779592514038086e-01
6.858426332473754883e-01 7.917862385511398315e-04 5.878294110298156738e-01
6.406923532485961914e-01 5.578976124525070190e-04 5.785630941390991211e-01
6.919642090797424316e-01 1.981882378458976746e-03 4.769473075866699219e-01
7.816777825355529785e-01 -3.746824339032173157e-03 4.988986253738403320e-01
7.687191963195800781e-01 -8.556107059121131897e-03 3.904612660408020020e-01
8.071669340133666992e-01 -1.179642416536808014e-02 4.042419195175170898e-01
8.822840452194213867e-01 -2.081397362053394318e-02 3.397019505500793457e-01
6.598754525184631348e-01 -2.984637394547462463e-03 3.522206544876098633e-01
7.167600393295288086e-01 2.687361650168895721e-02 3.412770032882690430e-01
6.555966734886169434e-01 1.241159252822399139e-02 3.663993477821350098e-01
5.663459300994873047e-01 2.156397514045238495e-02 3.755391836166381836e-01
5.735436081886291504e-01 1.552329771220684052e-02 3.878062367439270020e-01
5.692831277847290039e-01 1.278926990926265717e-02 3.535391092300415039e-01
4.918022155761718750e-01 2.280085347592830658e-02 4.012515544891357422e-01
5.550512075424194336e-01 2.907632850110530853e-02 3.527853786945343018e-01
6.198005676269531250e-01 7.949974387884140015e-04 3.351846933364868164e-01
7.181351780891418457e-01 9.978106245398521423e-03 3.519416749477386475e-01
7.292263507843017578e-01 1.686272211372852325e-02 3.622296750545501709e-01
7.554442286491394043e-01 1.257259957492351532e-02 2.962781190872192383e-01
7.199123501777648926e-01 1.529531739652156830e-02 2.501588463783264160e-01
7.801036238670349121e-01 6.709745153784751892e-03 2.465147972106933594e-01
7.038111090660095215e-01 1.205657236278057098e-02 2.342026829719543457e-01
6.738692522048950195e-01 1.270475052297115326e-02 2.500919401645660400e-01
7.780919671058654785e-01 2.700646035373210907e-02 2.714737057685852051e-01
9.060352444648742676e-01 1.616237126290798187e-02 2.447610497474670410e-01
9.022310376167297363e-01 2.732559107244014740e-02 2.055523395538330078e-01
9.029960632324218750e-01 2.736347727477550507e-02 2.899606227874755859e-01
9.352775812149047852e-01 1.907744817435741425e-02 3.228271007537841797e-01
1.003367304801940918e+00 8.419422432780265808e-03 3.089048862457275391e-01
9.588140845298767090e-01 9.791148826479911804e-03 2.572988867759704590e-01
9.954179525375366211e-01 9.859202429652214050e-03 2.533794641494750977e-01
1.039487957954406738e+00 1.851501874625682831e-02 2.102327942848205566e-01
1.012620687484741211e+00 2.592621557414531708e-02 8.425235748291015625e-02
9.818965196609497070e-01 2.343429252505302429e-03 7.157194614410400391e-02
1.010890245437622070e+00 1.515470258891582489e-02 7.640910148620605469e-02
9.395957589149475098e-01 1.245399005711078644e-02 1.024560332298278809e-01
1.087872982025146484e+00 6.294986233115196228e-03 6.755399703979492188e-02
9.985330104827880859e-01 4.467105492949485779e-03 5.818772315979003906e-02
9.017248749732971191e-01 -5.970442667603492737e-03 9.258943796157836914e-02
8.779355287551879883e-01 -2.040380612015724182e-03 1.539918184280395508e-01
7.811175584793090820e-01 1.198629103600978851e-02 1.003390550613403320e-01
8.829401731491088867e-01 7.742075249552726746e-03 6.822067499160766602e-02
8.240931034088134766e-01 -8.842671290040016174e-03 6.398832798004150391e-02
9.074357748031616211e-01 -5.798960104584693909e-03 6.683367490768432617e-02
8.889620304107666016e-01 -2.776799723505973816e-03 3.166973590850830078e-02
9.147067666053771973e-01 2.994139678776264191e-02 -5.242047831416130066e-03
9.748299121856689453e-01 5.135224759578704834e-02 -9.083626791834831238e-03
9.775083661079406738e-01 4.833300411701202393e-02 -3.264594078063964844e-02
9.238014817237854004e-01 4.878185689449310303e-02 1.479596085846424103e-02
9.071241617202758789e-01 3.643178194761276245e-02 1.478201337158679962e-02
9.592808485031127930e-01 4.998086392879486084e-02 -4.346781969070434570e-02
9.983220100402832031e-01 3.272560238838195801e-02 -2.511548809707164764e-02
1.033140897750854492e+00 8.651142939925193787e-03 3.667801618576049805e-02
1.030157446861267090e+00 8.976748213171958923e-03 1.729321666061878204e-02
9.493150115013122559e-01 1.297137700021266937e-02 1.395058818161487579e-02
9.427790045738220215e-01 1.823850534856319427e-02 1.427602954208850861e-02
8.926328420639038086e-01 2.583594806492328644e-02 9.989690780639648438e-02
8.770432472229003906e-01 8.733069524168968201e-03 9.035962820053100586e-02
9.461252689361572266e-01 7.947906851768493652e-06 1.066691279411315918e-01
9.271614551544189453e-01 -1.046823151409626007e-02 1.627800464630126953e-01
9.330525398254394531e-01 -1.088359393179416656e-02 1.847663521766662598e-01
8.694241642951965332e-01 -5.355501547455787659e-03 6.842064857482910156e-02
9.077182412147521973e-01 -1.051382906734943390e-02 6.162071228027343750e-02
9.084897637367248535e-01 -2.192045934498310089e-02 5.219185352325439453e-02
9.800887107849121094e-01 -1.223397441208362579e-02 5.509436130523681641e-02
9.863132834434509277e-01 -1.328721828758716583e-02 6.026345491409301758e-02
9.967801570892333984e-01 -1.196628250181674957e-02 7.027214765548706055e-02
9.734508991241455078e-01 -9.464146569371223450e-03 6.937772035598754883e-02
1.009316682815551758e+00 -8.444907143712043762e-03 6.931018829345703125e-02
9.822420477867126465e-01 -1.462989486753940582e-02 5.517703294754028320e-02
9.959854483604431152e-01 -1.421059109270572662e-02 6.005185842514038086e-02
9.564728140830993652e-01 -1.613270677626132965e-02 1.992704346776008606e-03
9.027209281921386719e-01 -1.712815649807453156e-02 5.564512684941291809e-03
8.495982289314270020e-01 -1.758042164146900177e-02 1.921536400914192200e-03
8.972107768058776855e-01 -1.358667202293872833e-02 -4.219537973403930664e-02
9.095471501350402832e-01 -2.048319019377231598e-02 -5.973100662231445312e-02
9.886455535888671875e-01 -2.683806978166103363e-02 -9.123498201370239258e-02
1.050292015075683594e+00 -3.910412639379501343e-02 -1.236979961395263672e-01
1.029260635375976562e+00 -3.764344006776809692e-02 -1.665572524070739746e-01
1.057743549346923828e+00 -4.282886534929275513e-02 -1.232157349586486816e-01
1.095460176467895508e+00 -4.733477532863616943e-02 -9.455364942550659180e-02
1.082449674606323242e+00 -4.877812415361404419e-02 -9.954214096069335938e-02
1.075064778327941895e+00 -5.081295967102050781e-02 -1.257802248001098633e-01
1.059036612510681152e+00 -5.449866503477096558e-02 -1.377989053726196289e-01
1.065034151077270508e+00 -6.297764927148818970e-02 -1.361789703369140625e-01
1.075398325920104980e+00 -6.197629123926162720e-02 -1.230869293212890625e-01
1.040726423263549805e+00 -6.118345260620117188e-02 -1.590181589126586914e-01
9.400520324707031250e-01 -6.417193263769149780e-02 -1.200325489044189453e-01
8.962945342063903809e-01 -7.035911083221435547e-02 -1.107050180435180664e-01
8.502916097640991211e-01 -5.605362355709075928e-02 -8.361870050430297852e-02
8.605868220329284668e-01 -5.412786453962326050e-02 -9.147679805755615234e-02
9.320622682571411133e-01 -5.949559807777404785e-02 -6.154507398605346680e-02
9.258532524108886719e-01 -6.500825285911560059e-02 -6.450778245925903320e-02
9.413460493087768555e-01 -6.032839417457580566e-02 -4.873657226562500000e-02
9.366787075996398926e-01 -6.752753257751464844e-02 -3.934389352798461914e-02
9.180853366851806641e-01 -6.420381367206573486e-02 -1.814448647201061249e-02
9.200270175933837891e-01 -5.321218818426132202e-02 -5.721205472946166992e-02
9.129653573036193848e-01 -5.892508476972579956e-02 -6.318509578704833984e-02
9.167090654373168945e-01 -4.855336993932723999e-02 -1.020014882087707520e-01
8.174211978912353516e-01 -4.998569190502166748e-02 -7.095164060592651367e-02
8.346237540245056152e-01 -4.754808545112609863e-02 -5.314224958419799805e-02
8.626891970634460449e-01 -4.495408385992050171e-02 -4.924219846725463867e-02
9.192233085632324219e-01 -4.497357457876205444e-02 -6.548339128494262695e-02
9.394319057464599609e-01 -5.439217388629913330e-02 -7.999247312545776367e-02
9.765379428863525391e-01 -3.581215441226959229e-02 -4.352968931198120117e-02
9.737297892570495605e-01 -4.971552640199661255e-02 -4.251921176910400391e-02
1.023611783981323242e+00 -4.575849324464797974e-02 -4.342865943908691406e-02
1.000987291336059570e+00 -4.604883864521980286e-02 -2.992176823318004608e-02
9.806492328643798828e-01 -3.989638388156890869e-02 -1.491397432982921600e-02
9.660217761993408203e-01 -4.496583342552185059e-02 2.421677298843860626e-02
9.671685695648193359e-01 -4.999677836894989014e-02 1.051891036331653595e-02
1.006310582160949707e+00 -5.089513212442398071e-02 -2.013647370040416718e-02
1.008414268493652344e+00 -4.377907887101173401e-02 6.149113178253173828e-02
8.793251514434814453e-01 -4.014489427208900452e-02 7.081729173660278320e-02
8.814290761947631836e-01 -4.699196666479110718e-02 7.840901613235473633e-02
9.110465049743652344e-01 -3.970793634653091431e-02 1.403002738952636719e-01
9.667736291885375977e-01 -6.034780293703079224e-02 1.381466388702392578e-01
1.016495347023010254e+00 -5.905337631702423096e-02 1.395167708396911621e-01
1.013923764228820801e+00 -5.929245054721832275e-02 1.504572629928588867e-01
1.078099608421325684e+00 -5.488879233598709106e-02 1.994124054908752441e-01
1.037517428398132324e+00 -5.192125588655471802e-02 1.907392144203186035e-01
1.039810419082641602e+00 -4.869368672370910645e-02 1.872922182083129883e-01
1.003866672515869141e+00 -3.858960419893264771e-02 1.854689121246337891e-01
1.031280040740966797e+00 -5.572812259197235107e-02 2.235425710678100586e-01
9.583901166915893555e-01 -4.515481367707252502e-02 2.358173727989196777e-01
9.425104856491088867e-01 -4.760186374187469482e-02 2.424677014350891113e-01
8.780281543731689453e-01 -4.161351174116134644e-02 2.586455941200256348e-01
8.512977957725524902e-01 -2.919818460941314697e-02 3.141984343528747559e-01
7.595429420471191406e-01 -2.235868759453296661e-02 3.427657485008239746e-01
7.816557884216308594e-01 -2.374106831848621368e-02 4.189428985118865967e-01
7.805239558219909668e-01 -1.913428492844104767e-02 4.796479940414428711e-01
8.187220096588134766e-01 -1.189298368990421295e-02 4.861004352569580078e-01
7.908229827880859375e-01 -1.345241256058216095e-02 4.760766625404357910e-01
7.833135724067687988e-01 -1.949913986027240753e-02 4.854299426078796387e-01
7.905601859092712402e-01 -1.254060305655002594e-02 5.642092227935791016e-01
7.361350655555725098e-01 -9.367445483803749084e-03 4.975448250770568848e-01
7.868053913116455078e-01 -1.116221584379673004e-02 5.173453092575073242e-01
8.308779001235961914e-01 7.099552080035209656e-03 5.726427435874938965e-01
8.174674510955810547e-01 1.786520704627037048e-03 5.772154927253723145e-01
7.868593335151672363e-01 -1.563895493745803833e-04 5.635933876037597656e-01
7.725102901458740234e-01 3.450965508818626404e-03 5.564330220222473145e-01
7.785704135894775391e-01 2.646422013640403748e-03 5.430745482444763184e-01
7.878597378730773926e-01 -1.037465408444404602e-03 5.475879907608032227e-01
7.836559414863586426e-01 -4.133084788918495178e-03 5.805285573005676270e-01
7.789711356163024902e-01 -3.156978636980056763e-04 6.125476956367492676e-01
7.715359926223754883e-01 -2.787346020340919495e-03 6.206621527671813965e-01
7.574191093444824219e-01 3.631314262747764587e-03 6.021319031715393066e-01
7.572573423385620117e-01 -1.427260972559452057e-02 6.374762058258056641e-01
7.679811716079711914e-01 -7.883617654442787170e-03 5.851042866706848145e-01
7.823805212974548340e-01 -8.009055629372596741e-03 5.720590353012084961e-01
7.878496646881103516e-01 -1.839523948729038239e-02 5.575011372566223145e-01
7.872331142425537109e-01 -1.571135409176349640e-02 5.429709553718566895e-01
8.057814240455627441e-01 -1.506249047815799713e-02 5.423865914344787598e-01
8.637591600418090820e-01 -2.111210115253925323e-02 5.024760365486145020e-01
8.034847378730773926e-01 -1.495666988193988800e-02 6.156638860702514648e-01
7.861502170562744141e-01 -1.136125810444355011e-02 6.407269239425659180e-01
8.381940126419067383e-01 -1.720167137682437897e-02 6.572456955909729004e-01
8.115335106849670410e-01 -2.103261090815067291e-02 6.893805861473083496e-01
8.030824661254882812e-01 -1.722326315939426422e-02 6.584798693656921387e-01
7.893313765525817871e-01 -2.140288986265659332e-02 6.506602764129638672e-01
7.880454659461975098e-01 -1.249973662197589874e-02 6.096235513687133789e-01
7.990058660507202148e-01 -2.072462625801563263e-02 5.661938786506652832e-01
6.899795532226562500e-01 -1.936005242168903351e-02 4.684569835662841797e-01
5.172775983810424805e-01 -9.874114766716957092e-03 4.280318319797515869e-01
5.296885371208190918e-01 -9.290540590882301331e-03 4.296806752681732178e-01
6.035145521163940430e-01 -1.129872538149356842e-02 4.682627916336059570e-01
5.939940214157104492e-01 -1.270578242838382721e-02 4.280512928962707520e-01
5.847890377044677734e-01 -1.328366063535213470e-02 4.470991492271423340e-01
5.520568490028381348e-01 -1.184243150055408478e-02 3.690732717514038086e-01
5.962547063827514648e-01 -1.973282359540462494e-02 3.812724351882934570e-01
6.284649372100830078e-01 -2.006960101425647736e-02 3.430525660514831543e-01
5.761936306953430176e-01 -1.099277101457118988e-02 3.933558464050292969e-01
5.115692019462585449e-01 -1.329875178635120392e-02 3.438394367694854736e-01
5.477722287178039551e-01 -1.047571189701557159e-02 3.714966177940368652e-01
5.610370039939880371e-01 5.363481119275093079e-03 3.227003216743469238e-01
5.728896856307983398e-01 3.767764195799827576e-03 2.853278517723083496e-01
6.318727135658264160e-01 -4.808353260159492493e-03 3.085368871688842773e-01
6.786367893218994141e-01 -1.128237135708332062e-02 2.665681242942810059e-01
5.613480210304260254e-01 -2.250993624329566956e-03 2.168128490447998047e-01
5.469291806221008301e-01 -4.899838939309120178e-03 1.811016798019409180e-01
5.583558082580566406e-01 -4.974128678441047668e-03 1.638879179954528809e-01
5.549010038375854492e-01 -2.538869157433509827e-03 1.564837098121643066e-01
6.099016666412353516e-01 -7.706986740231513977e-03 1.275641918182373047e-01
6.212539076805114746e-01 -1.761370338499546051e-02 1.351184248924255371e-01
6.553031206130981445e-01 -2.319517917931079865e-02 9.791964292526245117e-02
6.460647583007812500e-01 -1.076651550829410553e-02 1.165344715118408203e-01
6.860268712043762207e-01 -2.060763724148273468e-02 6.263941526412963867e-02
6.291321516036987305e-01 -1.505046524107456207e-02 9.024071693420410156e-02
6.202867627143859863e-01 -1.335463114082813263e-02 8.123517036437988281e-02
7.790672183036804199e-01 -1.955213584005832672e-02 1.160919666290283203e-01
7.663802504539489746e-01 -2.329664863646030426e-02 7.330197095870971680e-02
8.329957127571105957e-01 -3.115268982946872711e-02 9.610833600163459778e-03
9.408077597618103027e-01 -2.509668655693531036e-02 -3.394721075892448425e-03
8.912093639373779297e-01 -3.391131758689880371e-02 -4.594838619232177734e-02
9.066393375396728516e-01 -2.884947322309017181e-02 -6.372743844985961914e-02
9.947600960731506348e-01 -2.370152063667774200e-02 -8.112835884094238281e-02
1.011842131614685059e+00 -1.725381053984165192e-02 -9.714025259017944336e-02
1.099710464477539062e+00 -1.891702599823474884e-02 -8.752238750457763672e-02
1.415217161178588867e+00 -1.665774174034595490e-02 -1.305727660655975342e-01
1.064753413200378418e+00 -3.164511173963546753e-02 -2.056234888732433319e-02
1.097635269165039062e+00 -4.485985636711120605e-02 -3.221271559596061707e-03
1.125759720802307129e+00 -3.116192854940891266e-02 1.671196892857551575e-03
1.134237885475158691e+00 -2.933211065828800201e-02 -1.051645874977111816e-01
1.327893972396850586e+00 -5.554908514022827148e-02 -1.904413104057312012e-01
1.167471051216125488e+00 -5.242171138525009155e-02 -1.100893616676330566e-01
1.265582323074340820e+00 -4.610288888216018677e-02 -1.649854779243469238e-01
9.900567531585693359e-01 -2.806016989052295685e-02 -7.197511196136474609e-02
9.655287265777587891e-01 -2.124094404280185699e-02 -5.238318443298339844e-02
8.881860971450805664e-01 -3.162518888711929321e-02 -3.920016810297966003e-03
8.943030238151550293e-01 -3.680676221847534180e-02 1.349991746246814728e-02
8.882800936698913574e-01 -4.616486281156539917e-02 -9.527194499969482422e-02
8.413109779357910156e-01 -3.598597645759582520e-02 -5.182695388793945312e-02
8.155675530433654785e-01 -3.567494451999664307e-02 -5.139744281768798828e-02
7.676374316215515137e-01 -2.825551666319370270e-02 -9.557384252548217773e-02
7.095969915390014648e-01 -2.064326591789722443e-02 -9.445244073867797852e-02
7.998719811439514160e-01 -2.343768812716007233e-02 -7.869589328765869141e-02
7.642314434051513672e-01 -1.477977074682712555e-02 -1.241500377655029297e-01
7.343265414237976074e-01 -1.584330387413501740e-02 -3.946262598037719727e-02
7.695949673652648926e-01 -1.183194480836391449e-02 -8.594042062759399414e-02
7.503728866577148438e-01 -1.633766293525695801e-02 -6.002563238143920898e-02
7.282618880271911621e-01 5.321511998772621155e-03 -9.936827421188354492e-02
6.510323882102966309e-01 4.439005628228187561e-03 -1.286196112632751465e-01
7.158292531967163086e-01 -8.539253845810890198e-03 -1.057303547859191895e-01
7.179501652717590332e-01 7.540768012404441833e-03 -1.338021755218505859e-01
6.743710637092590332e-01 3.399929031729698181e-03 -1.074354648590087891e-01
7.220643758773803711e-01 1.349480263888835907e-02 -1.982603073120117188e-01
7.679671645164489746e-01 1.267148368060588837e-02 -1.663868427276611328e-01
7.498716711997985840e-01 -1.540781930088996887e-03 -8.317190408706665039e-02
7.666789293289184570e-01 -9.630249813199043274e-03 -7.150220870971679688e-02
7.551040649414062500e-01 -1.183001883327960968e-02 -1.305840015411376953e-01
7.013220787048339844e-01 -2.550976350903511047e-03 -1.174883246421813965e-01
5.930676460266113281e-01 -7.110722362995147705e-04 -1.666534543037414551e-01
6.137273907661437988e-01 -1.275631785392761230e-02 -1.176217198371887207e-01
6.751779317855834961e-01 -1.566523127257823944e-02 -8.115571737289428711e-02
7.841831445693969727e-01 -2.274628169834613800e-02 -5.537682771682739258e-02
7.366072535514831543e-01 -1.853095553815364838e-02 -5.812573432922363281e-02
7.763770818710327148e-01 -2.166415192186832428e-02 -6.006258726119995117e-02
8.692721128463745117e-01 -2.887355908751487732e-02 -8.991271257400512695e-02
7.963530421257019043e-01 -2.282300032675266266e-02 -4.635840654373168945e-02
8.332104086875915527e-01 -2.646304294466972351e-02 -1.483321785926818848e-01
6.676089763641357422e-01 -1.420652680099010468e-02 -1.178689599037170410e-01
8.545729517936706543e-01 -3.232346475124359131e-02 -1.751709580421447754e-01
8.584808111190795898e-01 -2.031550742685794830e-02 -1.086727976799011230e-01
8.970581889152526855e-01 -1.330683566629886627e-02 -1.618534326553344727e-01
9.199637770652770996e-01 -1.500283367931842804e-02 -1.173724532127380371e-01
9.689315557479858398e-01 -2.434070222079753876e-02 -1.727436780929565430e-01
9.498241543769836426e-01 -2.121813781559467316e-02 -2.110555171966552734e-01
9.920361638069152832e-01 -3.135325759649276733e-02 -2.256382703781127930e-01
1.056935906410217285e+00 -2.838056720793247223e-02 -1.531455516815185547e-01
1.029452323913574219e+00 -3.749688714742660522e-02 -1.125353574752807617e-01
9.872396588325500488e-01 -3.295286744832992554e-02 -1.728532910346984863e-01
1.013840913772583008e+00 -4.081371426582336426e-02 -1.632563471794128418e-01
1.015392184257507324e+00 -3.625842928886413574e-02 -1.876955628395080566e-01
1.124829530715942383e+00 -3.599804639816284180e-02 -1.921051740646362305e-01
1.000249624252319336e+00 -1.409328915178775787e-02 -1.516993641853332520e-01
1.001926660537719727e+00 -3.209657967090606689e-02 -1.503511667251586914e-01
9.945941567420959473e-01 -1.028188504278659821e-02 -1.834163069725036621e-01
1.030449748039245605e+00 -3.702173009514808655e-03 -1.556153297424316406e-01
1.080046057701110840e+00 -2.177112735807895660e-02 -2.521924972534179688e-01
1.177898406982421875e+00 -3.739334642887115479e-02 -1.499273180961608887e-01
1.205322146415710449e+00 -5.520249903202056885e-02 -1.673441529273986816e-01
1.128911495208740234e+00 -4.163296520709991455e-02 -6.536215543746948242e-02
9.715095758438110352e-01 -2.750276215374469757e-02 -1.468160748481750488e-01
9.586408138275146484e-01 -3.748212009668350220e-02 -1.534875631332397461e-01
9.893271923065185547e-01 -3.115188516676425934e-02 -1.394091248512268066e-01
9.670974612236022949e-01 -2.314482815563678741e-02 -2.077422142028808594e-01
9.157389402389526367e-01 -7.755855098366737366e-03 -2.576211690902709961e-01
9.027631878852844238e-01 -9.212157689034938812e-03 -2.111784815788269043e-01
8.820560574531555176e-01 -1.438150368630886078e-02 -2.015286684036254883e-01
9.718116521835327148e-01 -1.975704543292522430e-02 -2.267542481422424316e-01
9.778720736503601074e-01 -4.520826786756515503e-02 -2.273375988006591797e-01
9.959937930107116699e-01 -4.899957776069641113e-02 -2.510432004928588867e-01
9.349808096885681152e-01 -4.046644270420074463e-02 -2.247530221939086914e-01
9.388395547866821289e-01 -3.504954278469085693e-02 -2.248833775520324707e-01
8.541410565376281738e-01 -1.312151364982128143e-02 -2.821176052093505859e-01
8.761191368103027344e-01 2.034878358244895935e-03 -2.816984653472900391e-01
8.421677350997924805e-01 -4.921289160847663879e-03 -2.199124693870544434e-01
8.538632392883300781e-01 -1.043348200619220734e-02 -2.620806694030761719e-01
9.010824561119079590e-01 -1.035501249134540558e-02 -2.301163077354431152e-01
9.148191213607788086e-01 -5.250038579106330872e-03 -1.093996763229370117e-01
9.344009160995483398e-01 -8.208462968468666077e-03 -2.224826216697692871e-01
8.635356426239013672e-01 -2.215893007814884186e-02 -2.379758954048156738e-01
8.904870152473449707e-01 -1.831434853374958038e-02 -1.618506908416748047e-01
8.246215581893920898e-01 -3.352467715740203857e-02 -9.844052791595458984e-02
9.103949069976806641e-01 -2.654497511684894562e-02 -7.025325298309326172e-02
9.654614925384521484e-01 -2.822323329746723175e-02 -9.868478775024414062e-02
9.219903945922851562e-01 -3.916326910257339478e-02 -1.364778876304626465e-01
1.006949067115783691e+00 -3.366233035922050476e-02 -1.841483712196350098e-01
9.645855426788330078e-01 -3.750003129243850708e-02 -1.206797957420349121e-01
9.245305061340332031e-01 -1.425602193921804428e-02 -1.609654426574707031e-01
9.695191383361816406e-01 -2.365682274103164673e-02 -1.324763298034667969e-01
9.074928760528564453e-01 -2.727264352142810822e-02 -1.705549359321594238e-01
8.480165004730224609e-01 -1.478002127259969711e-02 -2.133547067642211914e-01
9.264830350875854492e-01 -2.417518571019172668e-02 -1.814553141593933105e-01
8.909070491790771484e-01 -1.922985352575778961e-02 -1.484800577163696289e-01
9.357106089591979980e-01 -3.356223553419113159e-02 -1.399372220039367676e-01
9.451555609703063965e-01 -2.076765708625316620e-02 -1.758246421813964844e-01
9.966913461685180664e-01 -9.930780157446861267e-03 -1.742805838584899902e-01
9.032975435256958008e-01 -1.713583059608936310e-02 -1.131492257118225098e-01
9.065202474594116211e-01 -2.182141877710819244e-02 -7.131463289260864258e-02
8.915954828262329102e-01 -2.126056142151355743e-02 -1.089818477630615234e-01
8.970155715942382812e-01 -1.509671844542026520e-02 -9.237825870513916016e-02
8.676885366439819336e-01 -1.683604530990123749e-02 -8.321988582611083984e-02
9.018878340721130371e-01 -2.667775936424732208e-02 -5.075234174728393555e-02
8.894295096397399902e-01 -2.170065231621265411e-02 -8.138883113861083984e-02
8.626744747161865234e-01 -2.376189269125461578e-02 -7.206386327743530273e-02
8.378640413284301758e-01 -2.510146237909793854e-02 -7.873320579528808594e-02
8.056705594062805176e-01 -1.987659372389316559e-02 -3.353583812713623047e-02
9.119461774826049805e-01 -2.275205962359905243e-02 -3.186547756195068359e-02
8.882036209106445312e-01 -3.525541722774505615e-02 -4.817646741867065430e-02
8.910465240478515625e-01 -3.681930154561996460e-02 -8.438575267791748047e-02
8.404027819633483887e-01 -3.479242697358131409e-02 -1.155597567558288574e-01
8.930863142013549805e-01 -4.238079860806465149e-02 -1.880921125411987305e-01
8.451259732246398926e-01 -3.364401683211326599e-02 -1.806506514549255371e-01
9.522582292556762695e-01 -5.201147496700286865e-02 -2.374543547630310059e-01
9.038803577423095703e-01 -5.145466327667236328e-02 -3.101144433021545410e-01
8.001145124435424805e-01 -5.089065432548522949e-02 -2.629320621490478516e-01
7.662684917449951172e-01 -6.718269735574722290e-02 -3.269741535186767578e-01
8.801859021186828613e-01 -6.809063255786895752e-02 -4.334899783134460449e-01
7.810859680175781250e-01 -4.412360116839408875e-02 -3.890445232391357422e-01
6.538818478584289551e-01 -4.319485276937484741e-02 -3.948324024677276611e-01
7.054615616798400879e-01 -5.481193959712982178e-02 -4.250106215476989746e-01
5.696284174919128418e-01 -5.870210379362106323e-02 -4.265342354774475098e-01
3.951186537742614746e-01 -4.888594150543212891e-02 -4.259969890117645264e-01
4.551877975463867188e-01 -2.083490975201129913e-02 -5.524827241897583008e-01
3.786079883575439453e-01 -3.544379025697708130e-02 -5.724083185195922852e-01
2.565368413925170898e-01 -1.297394838184118271e-02 -6.038251519203186035e-01
3.509293198585510254e-01 -1.290465705096721649e-02 -7.137797474861145020e-01
3.198329210281372070e-01 -1.829628087580204010e-02 -6.716972589492797852e-01
3.486831784248352051e-01 -6.385836750268936157e-04 -7.827172875404357910e-01
1.785015910863876343e-01 7.467707619071006775e-03 -6.414231061935424805e-01
1.920221298933029175e-01 -1.895525865256786346e-02 -7.259873151779174805e-01
1.085589677095413208e-01 1.505449414253234863e-03 -8.770803213119506836e-01
6.801083683967590332e-03 1.316349767148494720e-02 -7.526568174362182617e-01
-3.312401473522186279e-02 -1.061728224158287048e-03 -7.952133417129516602e-01
-4.764406383037567139e-02 -1.572212949395179749e-02 -6.929373741149902344e-01
-6.884531676769256592e-02 1.656344346702098846e-02 -6.646764278411865234e-01
-1.220782250165939331e-01 8.656749501824378967e-03 -7.847358584403991699e-01
-1.271537989377975464e-01 2.762272767722606659e-02 -9.070614576339721680e-01
-2.164288014173507690e-01 3.275377303361892700e-02 -9.053608179092407227e-01
-2.983142137527465820e-01 3.981133550405502319e-02 -7.599697113037109375e-01
-2.394324988126754761e-01 1.560735516250133514e-02 -8.917933702468872070e-01
-3.046119213104248047e-01 3.237354755401611328e-02 -7.723163366317749023e-01
-3.999462723731994629e-01 1.182250492274761200e-02 -7.549507617950439453e-01
-3.269507884979248047e-01 1.340964436531066895e-02 -7.798031568527221680e-01
-4.014993309974670410e-01 6.540680304169654846e-03 -8.738578557968139648e-01
-3.924302458763122559e-01 9.246183559298515320e-03 -8.769155740737915039e-01
-3.753590583801269531e-01 1.007454469799995422e-03 -7.203980684280395508e-01
-3.935751318931579590e-01 -4.336554557085037231e-04 -5.519670844078063965e-01
-4.935834407806396484e-01 1.757043413817882538e-02 -5.453438758850097656e-01
-4.450080394744873047e-01 -2.648532390594482422e-04 -5.777031183242797852e-01
-3.352903127670288086e-01 1.284320093691349030e-02 -4.846098423004150391e-01
-3.689797520637512207e-01 1.584908179938793182e-02 -4.045957326889038086e-01
-4.096103310585021973e-01 1.202734373509883881e-02 -4.898453950881958008e-01
-4.976547360420227051e-01 9.794212877750396729e-03 -4.867737293243408203e-01
-5.103490948677062988e-01 1.634163968265056610e-02 -3.855964541435241699e-01
-5.693246126174926758e-01 3.227826207876205444e-02 -3.447464704513549805e-01
-5.103302001953125000e-01 2.687803469598293304e-02 -3.884772658348083496e-01
-5.313788056373596191e-01 2.087310515344142914e-02 -3.698105812072753906e-01
-6.212661266326904297e-01 3.487379103899002075e-02 -4.138367474079132080e-01
-7.900055050849914551e-01 2.104587666690349579e-02 -3.819613158702850342e-01
-8.051074743270874023e-01 2.075784839689731598e-02 -5.948750376701354980e-01
-8.577226996421813965e-01 2.572221867740154266e-02 -3.441843688488006592e-01
-8.078272342681884766e-01 3.343541920185089111e-02 -4.530055522918701172e-01
-7.479740381240844727e-01 2.917352505028247833e-02 -5.399243831634521484e-01
-7.466375827789306641e-01 4.150001704692840576e-02 -4.792118072509765625e-01
-7.609030008316040039e-01 4.282175749540328979e-02 -5.208575725555419922e-01
-7.341043949127197266e-01 4.566752910614013672e-02 -5.695462822914123535e-01
-8.038484454154968262e-01 5.507866293191909790e-02 -4.075547456741333008e-01
-7.984045743942260742e-01 4.334978014230728149e-02 -3.927171230316162109e-01
-8.027497529983520508e-01 4.972228407859802246e-02 -4.677074551582336426e-01
-7.660462260246276855e-01 5.648031830787658691e-02 -4.685120284557342529e-01
-7.492988109588623047e-01 5.644982308149337769e-02 -4.958694577217102051e-01
-7.117995023727416992e-01 6.004305928945541382e-02 -4.458741545677185059e-01
-6.936986446380615234e-01 6.410472840070724487e-02 -3.663088679313659668e-01
-6.821867823600769043e-01 5.913271009922027588e-02 -4.679734110832214355e-01
-7.085431814193725586e-01 7.183385640382766724e-02 -2.933969497680664062e-01
-7.232369780540466309e-01 7.020417600870132446e-02 -3.557321429252624512e-01
-7.481483221054077148e-01 6.601287424564361572e-02 -3.406689167022705078e-01
-7.572336196899414062e-01 6.085559725761413574e-02 -3.328949213027954102e-01
-8.004209995269775391e-01 5.830599367618560791e-02 -3.440685272216796875e-01
-6.836367845535278320e-01 6.663417816162109375e-02 -3.810034096240997314e-01
-7.143983244895935059e-01 5.259944498538970947e-02 -4.717388749122619629e-01
-6.691157817840576172e-01 3.533656895160675049e-02 -3.081492483615875244e-01
-6.484008431434631348e-01 4.737801849842071533e-02 -3.396172225475311279e-01
-6.725481748580932617e-01 3.334296494722366333e-02 -3.647640347480773926e-01
-6.902771592140197754e-01 5.316661298274993896e-02 -3.286601901054382324e-01
-6.893606781959533691e-01 5.228642374277114868e-02 -3.873017728328704834e-01
-6.052253246307373047e-01 5.164901167154312134e-02 -4.776908159255981445e-01
-6.484088897705078125e-01 5.573901534080505371e-02 -4.872215986251831055e-01
-6.800128221511840820e-01 7.208964228630065918e-02 -2.840876579284667969e-01
-7.094376087188720703e-01 7.090362906455993652e-02 -2.336921393871307373e-01
-7.130547761917114258e-01 7.116055488586425781e-02 -2.538731694221496582e-01
-6.224981546401977539e-01 8.180164545774459839e-02 -3.579334616661071777e-01
-6.235421895980834961e-01 7.597080618143081665e-02 -4.014399051666259766e-01
-6.043712496757507324e-01 5.352424085140228271e-02 -3.593588173389434814e-01
-7.090799808502197266e-01 4.110920429229736328e-02 -2.641614079475402832e-01
-5.707062482833862305e-01 4.378259927034378052e-02 -3.192328512668609619e-01
-5.094553232192993164e-01 5.075550824403762817e-02 -4.011107087135314941e-01
-4.311886429786682129e-01 4.965551942586898804e-02 -4.086915552616119385e-01
-3.774660825729370117e-01 3.906325995922088623e-02 -3.434824645519256592e-01
-2.443635910749435425e-01 2.645071409642696381e-02 -4.362180233001708984e-01
-4.412721395492553711e-01 1.017214171588420868e-02 -3.281825184822082520e-01
-4.735196232795715332e-01 1.680634357035160065e-02 -3.312265574932098389e-01
-4.137633442878723145e-01 -1.841187663376331329e-02 -3.806812763214111328e-01
-4.510514140129089355e-01 2.914006076753139496e-02 -3.136067390441894531e-01
-4.434315562248229980e-01 2.009635977447032928e-02 -2.739812135696411133e-01
-5.280119180679321289e-01 2.326896600425243378e-02 -3.015625476837158203e-01
-5.077682733535766602e-01 1.137048192322254181e-02 -3.332492113113403320e-01
-4.709190726280212402e-01 2.873532287776470184e-02 -3.007057309150695801e-01
-4.606615900993347168e-01 3.534615784883499146e-02 -3.150004446506500244e-01
-5.383354425430297852e-01 2.885309420526027679e-02 -3.520148396492004395e-01
-5.065528154373168945e-01 3.746648877859115601e-02 -3.230078220367431641e-01
-5.154514312744140625e-01 5.130899697542190552e-02 -2.876057326793670654e-01
-5.227465629577636719e-01 4.642444849014282227e-02 -3.247241079807281494e-01
-5.560214519500732422e-01 3.806956857442855835e-02 -3.072323501110076904e-01
-5.499990582466125488e-01 3.359648585319519043e-02 -3.217949867248535156e-01
-5.996356606483459473e-01 3.632956743240356445e-02 -3.201836645603179932e-01
-6.270349025726318359e-01 3.703957796096801758e-02 -3.192249834537506104e-01
-5.679079294204711914e-01 3.512446582317352295e-02 -3.268716335296630859e-01
-6.032208204269409180e-01 3.330406546592712402e-02 -3.111411333084106445e-01
-6.681820154190063477e-01 3.640141338109970093e-02 -2.998285889625549316e-01
-6.036037206649780273e-01 4.794022440910339355e-02 -2.794922888278961182e-01
-5.360416173934936523e-01 3.891015797853469849e-02 -3.018852472305297852e-01
-4.748268127441406250e-01 3.602696210145950317e-02 -3.227849006652832031e-01
-4.495803117752075195e-01 3.556311130523681641e-02 -3.309788405895233154e-01
-4.399811029434204102e-01 2.966002188622951508e-02 -3.460687994956970215e-01
-4.488672614097595215e-01 2.727545239031314850e-02 -3.551644682884216309e-01
-4.225788116455078125e-01 2.717800252139568329e-02 -3.460918664932250977e-01
-3.975967764854431152e-01 2.349259518086910248e-02 -3.369141817092895508e-01
-4.862423539161682129e-01 2.839297987520694733e-02 -3.158247470855712891e-01
-4.889773726463317871e-01 3.437246382236480713e-02 -2.927443683147430420e-01
-4.876074194908142090e-01 3.594336658716201782e-02 -2.870824933052062988e-01
-5.263419747352600098e-01 3.891395777463912964e-02 -2.722983956336975098e-01
-4.796876907348632812e-01 3.582847863435745239e-02 -2.896064519882202148e-01
-4.773746728897094727e-01 3.976115584373474121e-02 -2.821941375732421875e-01
-4.924570918083190918e-01 5.003043264150619507e-02 -2.742368280887603760e-01
-5.727478861808776855e-01 4.697179049253463745e-02 -2.673107981681823730e-01
-5.026744604110717773e-01 4.240812361240386963e-02 -2.379414141178131104e-01
-4.412219524383544922e-01 3.561234474182128906e-02 -2.522637844085693359e-01
-4.668011665344238281e-01 4.298232495784759521e-02 -2.548007369041442871e-01
-4.807013869285583496e-01 4.220548272132873535e-02 -2.857185602188110352e-01
-5.454289317131042480e-01 4.732431471347808838e-02 -2.762694954872131348e-01
-5.524968504905700684e-01 4.308939725160598755e-02 -2.826933860778808594e-01
-5.773901939392089844e-01 4.142988473176956177e-02 -2.957708835601806641e-01
-5.520322918891906738e-01 3.949270397424697876e-02 -3.039251267910003662e-01
-5.332349538803100586e-01 3.749340772628784180e-02 -2.923657298088073730e-01
-5.368928313255310059e-01 4.170898348093032837e-02 -3.018980920314788818e-01
-5.437904596328735352e-01 4.078765958547592163e-02 -3.160137534141540527e-01
-5.737283229827880859e-01 4.315789043903350830e-02 -2.929529547691345215e-01
-6.059398055076599121e-01 4.368456453084945679e-02 -2.960326969623565674e-01
-6.280759572982788086e-01 4.609449207782745361e-02 -2.952865362167358398e-01
-5.987260341644287109e-01 4.300140589475631714e-02 -2.844777703285217285e-01
-6.225649118423461914e-01 4.692550003528594971e-02 -3.388790786266326904e-01
-6.031614542007446289e-01 4.835928976535797119e-02 -4.117431342601776123e-01
-5.987435579299926758e-01 4.316138476133346558e-02 -3.950097262859344482e-01
-6.173239946365356445e-01 4.117573797702789307e-02 -3.874946236610412598e-01
-5.935283899307250977e-01 4.036173969507217407e-02 -3.866809308528900146e-01
-6.578210592269897461e-01 4.002023488283157349e-02 -3.449650406837463379e-01
-6.638367176055908203e-01 4.093645513057708740e-02 -3.606530129909515381e-01
-6.440224051475524902e-01 4.788881540298461914e-02 -3.242158889770507812e-01
-6.304193139076232910e-01 4.320187121629714966e-02 -3.569186627864837646e-01
-7.056539058685302734e-01 4.206880182027816772e-02 -3.739537000656127930e-01
-7.126421332359313965e-01 3.149517625570297241e-02 -3.234996199607849121e-01
-7.272425889968872070e-01 2.899211458861827850e-02 -3.451860547065734863e-01
-7.107918262481689453e-01 4.199891537427902222e-02 -3.002634644508361816e-01
-7.214796543121337891e-01 4.486310482025146484e-02 -2.973622381687164307e-01
-7.917596697807312012e-01 4.926691949367523193e-02 -3.114978373050689697e-01
-8.011908531188964844e-01 4.813709110021591187e-02 -3.266583979129791260e-01
-7.448981404304504395e-01 4.501844942569732666e-02 -3.972494304180145264e-01
-6.879082918167114258e-01 5.030912160873413086e-02 -4.439766108989715576e-01
-5.942455530166625977e-01 3.310932964086532593e-02 -3.862101137638092041e-01
-6.212282180786132812e-01 3.843240439891815186e-02 -4.355038404464721680e-01
-6.645289063453674316e-01 4.602168500423431396e-02 -3.999960720539093018e-01
-5.777039527893066406e-01 3.875876218080520630e-02 -5.292854309082031250e-01
-5.839153528213500977e-01 1.840010099112987518e-02 -5.369442701339721680e-01
-6.071428060531616211e-01 3.315550833940505981e-02 -4.755538702011108398e-01
-5.883306860923767090e-01 3.234714269638061523e-02 -4.302775859832763672e-01
-5.424358844757080078e-01 3.472717106342315674e-02 -4.511764347553253174e-01
-5.384274721145629883e-01 1.847955770790576935e-02 -4.399918615818023682e-01
-6.062505245208740234e-01 4.159256815910339355e-02 -4.848202466964721680e-01
-5.779206752777099609e-01 5.493751168251037598e-02 -5.491374135017395020e-01
-5.848705768585205078e-01 5.095428228378295898e-02 -5.030851364135742188e-01
-5.808598995208740234e-01 5.416920781135559082e-02 -6.149753332138061523e-01
-6.086975336074829102e-01 6.028282642364501953e-02 -5.631116628646850586e-01
-5.872351527214050293e-01 6.132248044013977051e-02 -5.371598005294799805e-01
-5.639272332191467285e-01 4.803501069545745850e-02 -6.287416815757751465e-01
-5.748194456100463867e-01 5.147382616996765137e-02 -5.379900932312011719e-01
-5.507712364196777344e-01 5.169221758842468262e-02 -5.212612152099609375e-01
-5.373259782791137695e-01 5.252736061811447144e-02 -5.067256689071655273e-01
-4.969605803489685059e-01 5.279909074306488037e-02 -7.972871065139770508e-01
-5.228097438812255859e-01 5.767475068569183350e-02 -8.634526729583740234e-01
-6.023848056793212891e-01 5.035280436277389526e-02 -7.621196508407592773e-01
-5.331547260284423828e-01 4.476136714220046997e-02 -7.650792598724365234e-01
-4.664299488067626953e-01 3.707411885261535645e-02 -7.106310129165649414e-01
-4.579090476036071777e-01 4.725672304630279541e-02 -6.851766705513000488e-01
-4.671522378921508789e-01 5.016122013330459595e-02 -7.247134447097778320e-01
-4.638305306434631348e-01 3.645231574773788452e-02 -5.192939639091491699e-01
-4.685872793197631836e-01 3.188392519950866699e-02 -7.387998104095458984e-01
-4.792459011077880859e-01 2.746504358947277069e-02 -6.550204157829284668e-01
-4.772766828536987305e-01 4.028875380754470825e-02 -5.174452066421508789e-01
-4.415526986122131348e-01 3.297654539346694946e-02 -5.263035893440246582e-01
-4.225878119468688965e-01 2.653746120631694794e-02 -6.771346330642700195e-01
-4.894644021987915039e-01 2.452330850064754486e-02 -5.792527198791503906e-01
-4.681461453437805176e-01 3.381070494651794434e-02 -7.056457996368408203e-01
-4.904117584228515625e-01 3.668576478958129883e-02 -6.770669221878051758e-01
-4.937506914138793945e-01 3.695256263017654419e-02 -6.080005168914794922e-01
-4.375457763671875000e-01 2.489222772419452667e-02 -3.509231209754943848e-01
-3.512945175170898438e-01 3.838452696800231934e-02 -3.609341382980346680e-01
-4.217159152030944824e-01 3.064665757119655609e-02 -3.833111822605133057e-01
-4.756102561950683594e-01 1.156074367463588715e-02 -4.906631708145141602e-01
-4.458310008049011230e-01 1.187407225370407104e-02 -6.773711442947387695e-01
-5.281667709350585938e-01 9.050866588950157166e-03 -6.059244275093078613e-01
-4.912462234497070312e-01 1.679393835365772247e-02 -6.832516193389892578e-01
-5.860853195190429688e-01 3.787396848201751709e-02 -5.820623040199279785e-01
-6.072640419006347656e-01 3.662879765033721924e-02 -6.525762081146240234e-01
-6.220579743385314941e-01 5.120371282100677490e-02 -7.144995331764221191e-01
-6.062086820602416992e-01 7.160418480634689331e-02 -7.136070132255554199e-01
-6.211155056953430176e-01 6.534019112586975098e-02 -7.190129160881042480e-01
-6.195989847183227539e-01 7.897261530160903931e-02 -6.210500597953796387e-01
-6.022942066192626953e-01 7.669804990291595459e-02 -6.955533623695373535e-01
-6.193603873252868652e-01 7.045301049947738647e-02 -6.615796089172363281e-01
-5.835515260696411133e-01 5.622349679470062256e-02 -6.316232681274414062e-01
-6.022078990936279297e-01 5.998174101114273071e-02 -4.926642775535583496e-01
-5.673855543136596680e-01 6.652966141700744629e-02 -6.127424240112304688e-01
-5.722710490226745605e-01 5.775520205497741699e-02 -6.912248730659484863e-01
-5.690609216690063477e-01 6.162183731794357300e-02 -6.481190919876098633e-01
-5.799406766891479492e-01 6.055204570293426514e-02 -6.112724542617797852e-01
-5.801678299903869629e-01 5.863349884748458862e-02 -5.154479742050170898e-01
-5.822132229804992676e-01 6.197189539670944214e-02 -5.837077498435974121e-01
-5.622779726982116699e-01 5.110360682010650635e-02 -5.372540354728698730e-01
-5.750371217727661133e-01 4.094718396663665771e-02 -6.325559616088867188e-01
-5.629207491874694824e-01 2.372892759740352631e-02 -5.519803762435913086e-01
-5.172288417816162109e-01 9.907929226756095886e-03 -6.381140947341918945e-01
-5.027944445610046387e-01 1.229883544147014618e-02 -6.932368278503417969e-01
-5.472407341003417969e-01 1.884355582296848297e-02 -7.173596024513244629e-01
-5.172963142395019531e-01 2.333254180848598480e-02 -7.338896989822387695e-01
-4.483243823051452637e-01 2.211507223546504974e-02 -6.490554809570312500e-01
-4.709560871124267578e-01 5.882397294044494629e-03 -7.813984155654907227e-01
-5.118466615676879883e-01 -9.623371064662933350e-03 -8.454649448394775391e-01
-5.295798778533935547e-01 2.191066741943359375e-03 -8.388297557830810547e-01
-5.186045765876770020e-01 5.898924544453620911e-03 -6.870983839035034180e-01
-5.141525864601135254e-01 1.112360320985317230e-02 -6.411078572273254395e-01
-5.127044916152954102e-01 1.435141079127788544e-02 -6.210880279541015625e-01
-4.784531593322753906e-01 1.609184779226779938e-02 -6.197148561477661133e-01
-4.779328703880310059e-01 2.343988232314586639e-02 -6.378275156021118164e-01
-4.894303083419799805e-01 3.194824606180191040e-02 -5.854598283767700195e-01
-4.499947428703308105e-01 3.251846134662628174e-02 -6.791949272155761719e-01
-4.341048598289489746e-01 2.630764804780483246e-02 -6.639865040779113770e-01
-4.193199276924133301e-01 1.992796920239925385e-02 -7.119437456130981445e-01
-4.616726636886596680e-01 3.365469723939895630e-02 -7.294808626174926758e-01
-4.900919795036315918e-01 1.983561925590038300e-02 -7.725123763084411621e-01
-4.972498416900634766e-01 1.232660748064517975e-02 -8.087377548217773438e-01
-5.154296755790710449e-01 1.820749975740909576e-02 -8.157019615173339844e-01
-5.039064288139343262e-01 1.896599866449832916e-02 -8.152221441268920898e-01
-5.071205496788024902e-01 1.225052960216999054e-02 -7.772645950317382812e-01
-4.694072008132934570e-01 1.554540358483791351e-02 -7.451258897781372070e-01
-5.167028903961181641e-01 1.308061555027961731e-02 -8.235207796096801758e-01
-5.743463635444641113e-01 1.246642693877220154e-02 -8.220524787902832031e-01
-6.075111031532287598e-01 1.713951118290424347e-02 -7.450005412101745605e-01
-5.622745752334594727e-01 2.092140354216098785e-02 -7.038943767547607422e-01
-5.221810340881347656e-01 3.290683031082153320e-02 -7.061881422996520996e-01
-5.730453729629516602e-01 2.745826356112957001e-02 -7.835578918457031250e-01
-5.977782011032104492e-01 2.573139034211635590e-02 -6.757483482360839844e-01
-6.455597877502441406e-01 2.488776110112667084e-02 -6.610819101333618164e-01
-6.610457301139831543e-01 1.929339207708835602e-02 -5.848076939582824707e-01
-5.889029502868652344e-01 2.214486710727214813e-02 -6.354795694351196289e-01
-5.854572057723999023e-01 2.775557897984981537e-02 -4.807351529598236084e-01
-5.505923032760620117e-01 3.518363088369369507e-02 -5.221140384674072266e-01
-5.681202411651611328e-01 3.585059940814971924e-02 -5.258872509002685547e-01
-5.701811313629150391e-01 2.911455743014812469e-02 -6.120400428771972656e-01
-6.129086613655090332e-01 3.449930250644683838e-02 -6.214670538902282715e-01
-7.074861526489257812e-01 3.381808847188949585e-02 -6.297061443328857422e-01
-6.624966859817504883e-01 2.534122578799724579e-02 -6.202009916305541992e-01
-7.419351339340209961e-01 3.971244394779205322e-02 -6.422280669212341309e-01
-6.965603232383728027e-01 4.102696478366851807e-02 -6.333243846893310547e-01
-6.968337297439575195e-01 4.105339944362640381e-02 -6.341341733932495117e-01
-6.378483176231384277e-01 3.713899105787277222e-02 -6.547300219535827637e-01
-6.041358709335327148e-01 3.412172198295593262e-02 -6.424484252929687500e-01
-6.074609756469726562e-01 3.632233291864395142e-02 -5.691930055618286133e-01
-6.650263071060180664e-01 4.841966927051544189e-02 -5.667066574096679688e-01
-6.614949703216552734e-01 4.073091596364974976e-02 -5.584083199501037598e-01
-6.540029048919677734e-01 3.888969123363494873e-02 -6.256329417228698730e-01
-6.349025368690490723e-01 2.937670610845088959e-02 -6.607583761215209961e-01
-6.186078786849975586e-01 2.419632114470005035e-02 -6.968219280242919922e-01
-6.019301414489746094e-01 2.754413150250911713e-02 -6.915352344512939453e-01
-5.959030389785766602e-01 2.682321704924106598e-02 -6.861349344253540039e-01
-5.746509432792663574e-01 1.779260672628879547e-02 -6.988332271575927734e-01
-5.464974641799926758e-01 3.305134922266006470e-02 -6.598965525627136230e-01
-5.169057846069335938e-01 2.467036806046962738e-02 -6.426208019256591797e-01
-5.076681971549987793e-01 2.550422586500644684e-02 -6.828775405883789062e-01
-4.888759851455688477e-01 2.854205854237079620e-02 -7.172483801841735840e-01
-5.090001225471496582e-01 2.627545781433582306e-02 -7.358853816986083984e-01
-5.212843418121337891e-01 2.398314885795116425e-02 -7.386900186538696289e-01
-5.242944955825805664e-01 2.988152764737606049e-02 -7.236902117729187012e-01
-5.364142656326293945e-01 3.076052106916904449e-02 -7.544842362403869629e-01
-5.604726672172546387e-01 2.501568011939525604e-02 -7.532644271850585938e-01
-5.464998483657836914e-01 1.937440969049930573e-02 -7.178164124488830566e-01
-5.460448265075683594e-01 1.988323219120502472e-02 -7.029610872268676758e-01
-5.332049131393432617e-01 1.429633796215057373e-02 -7.070764303207397461e-01
-5.444906353950500488e-01 2.409324981272220612e-02 -6.814823150634765625e-01
-5.275872349739074707e-01 2.188034914433956146e-02 -6.871321201324462891e-01
-5.341528058052062988e-01 2.303162775933742523e-02 -6.942614316940307617e-01
-5.317168235778808594e-01 2.235562168061733246e-02 -6.883298754692077637e-01
-5.159549117088317871e-01 2.035411261022090912e-02 -6.809352636337280273e-01
-5.109404325485229492e-01 2.063432522118091583e-02 -6.468743681907653809e-01
-5.365411639213562012e-01 2.232609502971172333e-02 -6.689566373825073242e-01
-5.292692184448242188e-01 2.448699437081813812e-02 -6.663591265678405762e-01
-5.542281866073608398e-01 2.269454114139080048e-02 -6.687990427017211914e-01
-5.429403781890869141e-01 2.266870997846126556e-02 -6.624525785446166992e-01
-5.530781745910644531e-01 2.365750633180141449e-02 -6.206372976303100586e-01
-5.464153289794921875e-01 2.768577821552753448e-02 -5.834420323371887207e-01
-5.409859418869018555e-01 2.780253253877162933e-02 -5.739493370056152344e-01
-5.143066644668579102e-01 2.283075265586376190e-02 -5.933755636215209961e-01
-5.310082435607910156e-01 1.636517606675624847e-02 -5.760520696640014648e-01
-5.229129195213317871e-01 1.650009118020534515e-02 -5.881209373474121094e-01
-5.330986976623535156e-01 1.851443760097026825e-02 -5.590771436691284180e-01
-5.384664535522460938e-01 2.555374242365360260e-02 -5.649310946464538574e-01
-5.440371036529541016e-01 2.466464601457118988e-02 -5.561912059783935547e-01
-5.438293218612670898e-01 2.461337111890316010e-02 -5.563633441925048828e-01
-5.361433625221252441e-01 2.493228577077388763e-02 -5.659471750259399414e-01
-5.319052934646606445e-01 2.685313113033771515e-02 -5.551730394363403320e-01
-5.331422686576843262e-01 2.816621027886867523e-02 -5.764901041984558105e-01
-5.039516091346740723e-01 2.735023759305477142e-02 -5.812507271766662598e-01
-4.966105222702026367e-01 2.942922897636890411e-02 -5.839464664459228516e-01
-4.973927736282348633e-01 2.998430095613002777e-02 -5.989472866058349609e-01
-4.936224818229675293e-01 2.763254381716251373e-02 -6.068228483200073242e-01
-4.941862821578979492e-01 2.887252531945705414e-02 -6.142266392707824707e-01
-4.941390752792358398e-01 2.890237234532833099e-02 -6.142873764038085938e-01
-5.000969171524047852e-01 3.399199247360229492e-02 -6.106307506561279297e-01
-5.002078413963317871e-01 3.402047604322433472e-02 -6.105265021324157715e-01
-5.002348423004150391e-01 3.404939919710159302e-02 -6.104581356048583984e-01
-5.000667572021484375e-01 3.341031074523925781e-02 -6.097863316535949707e-01
-5.113595724105834961e-01 3.636701405048370361e-02 -6.066576242446899414e-01
-5.122821331024169922e-01 3.278569132089614868e-02 -5.806257724761962891e-01
-5.123367309570312500e-01 3.283213824033737183e-02 -5.805319547653198242e-01
-5.129100084304809570e-01 3.062598221004009247e-02 -6.001363992691040039e-01
-5.041576623916625977e-01 2.951405756175518036e-02 -5.979911088943481445e-01
-5.027570724487304688e-01 3.282043337821960449e-02 -6.074609756469726562e-01
-4.889161586761474609e-01 2.765101753175258636e-02 -6.145514249801635742e-01
-4.761968851089477539e-01 2.742345444858074188e-02 -6.108568906784057617e-01
-4.710007905960083008e-01 2.366218529641628265e-02 -6.307731270790100098e-01
-4.838086962699890137e-01 2.476183511316776276e-02 -5.964226722717285156e-01
-4.744542837142944336e-01 2.271469868719577789e-02 -6.227959394454956055e-01
-5.063459873199462891e-01 2.629115246236324310e-02 -6.026433706283569336e-01
-5.021327733993530273e-01 2.704043127596378326e-02 -5.742571949958801270e-01
-4.984571933746337891e-01 2.444359473884105682e-02 -5.902867913246154785e-01
-4.872187376022338867e-01 2.442956902086734772e-02 -5.734216570854187012e-01
-5.109221935272216797e-01 2.727836184203624725e-02 -5.651787519454956055e-01
-5.116450190544128418e-01 2.964747138321399689e-02 -5.606251955032348633e-01
-5.610110163688659668e-01 2.678752876818180084e-02 -5.569093227386474609e-01
-5.556171536445617676e-01 3.046728484332561493e-02 -5.761513710021972656e-01
-5.578368902206420898e-01 2.564494870603084564e-02 -5.572710037231445312e-01
-5.393631458282470703e-01 1.889665238559246063e-02 -5.461120605468750000e-01
-5.116914510726928711e-01 1.049442775547504425e-02 -5.275797247886657715e-01
-4.758052229881286621e-01 1.717789284884929657e-02 -5.014888048171997070e-01
-4.670727252960205078e-01 1.999485306441783905e-02 -5.128686428070068359e-01
-5.167094469070434570e-01 2.442591823637485504e-02 -4.964197874069213867e-01
-5.228220224380493164e-01 2.111048437654972076e-02 -5.369241237640380859e-01
-5.461602210998535156e-01 1.523012109100818634e-02 -5.460393428802490234e-01
-5.131013393402099609e-01 1.767858304083347321e-02 -5.284735560417175293e-01
-5.107678174972534180e-01 1.654041744768619537e-02 -5.281620025634765625e-01
