0.000000000000000000e+00 0.000000000000000000e+00 0.000000000000000000e+00
3.953084349632263184e-02 -9.448956698179244995e-03 -8.128857612609863281e-02
1.049399375915527344e-03 2.468932420015335083e-02 -2.314621210098266602e-02
5.429139733314514160e-02 -1.152416691184043884e-03 1.001089811325073242e-02
-2.805313467979431152e-02 -1.758475042879581451e-02 8.968013525009155273e-02
3.972446918487548828e-02 -1.549906283617019653e-02 1.086580753326416016e-02
2.415591478347778320e-02 -2.755998075008392334e-02 3.555083274841308594e-02
3.260354697704315186e-02 2.678617835044860840e-03 -5.398929119110107422e-02
4.317764937877655029e-02 -1.310612261295318604e-02 8.342850208282470703e-02
-6.235867738723754883e-03 7.229331880807876587e-02 -9.491586685180664062e-02
1.099497824907302856e-01 6.365632638335227966e-03 1.049762964248657227e-02
-3.102493286132812500e-02 9.528116323053836823e-03 -5.839878320693969727e-02
2.218008041381835938e-03 1.962167210876941681e-03 5.595088005065917969e-04
1.055169105529785156e-02 -4.166275262832641602e-03 -1.468932628631591797e-02
-2.557241916656494141e-02 -7.307834923267364502e-03 -7.909846305847167969e-02
9.384602308273315430e-02 -3.668889403343200684e-04 -2.829819917678833008e-02
1.956188678741455078e-02 4.262395203113555908e-03 -3.429138660430908203e-02
-3.646618127822875977e-02 -1.239274442195892334e-02 -1.923512220382690430e-01
-2.022743225097656250e-02 3.245383501052856445e-03 2.174150943756103516e-02
4.416120052337646484e-02 1.301532983779907227e-02 -1.146239936351776123e-01
1.046454310417175293e-01 -1.558430492877960205e-03 5.617141723632812500e-03
1.820913553237915039e-01 -5.501225590705871582e-03 -6.103429198265075684e-02
1.632699966430664062e-01 -1.296573877334594727e-02 -3.659892082214355469e-02
-3.619760274887084961e-02 5.229707807302474976e-03 -6.808030605316162109e-02
-4.191094636917114258e-02 7.993202656507492065e-03 -6.223487854003906250e-02
-1.377081871032714844e-01 9.150639176368713379e-03 1.469117403030395508e-02
4.201376438140869141e-02 7.636152207851409912e-03 -3.144228458404541016e-02
-1.027786135673522949e-01 1.018506661057472229e-02 -2.547371387481689453e-02
-2.169072628021240234e-03 9.019520133733749390e-03 -3.266632556915283203e-02
-3.051531314849853516e-02 -1.814328879117965698e-02 -1.926314830780029297e-02
9.035819768905639648e-02 1.412238553166389465e-02 4.394465684890747070e-02
5.003929138183593750e-02 -9.545397013425827026e-03 -1.919358968734741211e-02
-9.500807523727416992e-02 1.269963383674621582e-02 -6.927400827407836914e-03
-1.566684246063232422e-02 1.369036734104156494e-03 -3.454020619392395020e-02
6.136500835418701172e-02 -2.095315605401992798e-02 -2.645790576934814453e-02
-2.750337123870849609e-03 5.592320114374160767e-03 -3.336012363433837891e-02
1.940602064132690430e-02 4.562571644783020020e-03 7.097542285919189453e-03
3.421843051910400391e-02 8.166164159774780273e-03 3.245204687118530273e-02
1.777029037475585938e-02 -7.916290313005447388e-03 -7.664620876312255859e-03
3.812438249588012695e-02 -1.101827621459960938e-02 5.669772624969482422e-03
-5.094927549362182617e-02 4.015676677227020264e-03 4.368424415588378906e-03
5.864304304122924805e-02 -9.272377938032150269e-03 -3.311562538146972656e-02
-4.123872518539428711e-02 1.289281994104385376e-03 -6.773728132247924805e-02
2.007551193237304688e-01 1.474852487444877625e-02 -7.963261008262634277e-02
-3.910601139068603516e-03 -7.530767470598220825e-03 6.629928946495056152e-02
-3.878194093704223633e-02 -4.995189607143402100e-03 -5.744516849517822266e-03
2.163696289062500000e-02 -2.827830612659454346e-03 -5.876106023788452148e-02
-5.760937929153442383e-02 -1.175254583358764648e-03 1.689559407532215118e-02
2.562111616134643555e-02 7.229298353195190430e-03 -2.349257469177246094e-03
-5.016905069351196289e-02 1.521090045571327209e-02 7.591843605041503906e-03
6.047189235687255859e-03 1.851044595241546631e-03 -1.215984821319580078e-01
6.072598695755004883e-02 -1.957315951585769653e-03 -4.921096563339233398e-02
1.078379750251770020e-01 -2.915076911449432373e-03 2.109855413436889648e-02
5.915343761444091797e-02 -2.890639007091522217e-03 -5.592513084411621094e-02
3.356218338012695312e-03 1.671092957258224487e-02 -2.548682689666748047e-02
-5.981159210205078125e-02 1.385972835123538971e-02 -8.268582820892333984e-02
5.694270133972167969e-02 -1.359877921640872955e-02 1.407593488693237305e-02
-5.724823474884033203e-02 -6.813488900661468506e-03 3.418803215026855469e-02
1.003201007843017578e-01 1.789629645645618439e-02 2.752172946929931641e-02
-6.735265254974365234e-02 -2.256097085773944855e-02 -6.097912788391113281e-03
3.041255474090576172e-02 -2.486657723784446716e-02 -6.828880310058593750e-02
-2.391093969345092773e-02 -3.286606073379516602e-02 -2.895516157150268555e-02
-9.742796421051025391e-03 -1.272200793027877808e-02 -5.054950714111328125e-02
7.269608974456787109e-02 3.991551697254180908e-03 -7.439774274826049805e-02
7.490754127502441406e-03 1.877971179783344269e-02 -7.857370376586914062e-02
-9.731554985046386719e-02 2.448670566082000732e-04 7.094204425811767578e-03
3.116118907928466797e-02 1.960935443639755249e-02 -9.293830394744873047e-02
-1.313626766204833984e-03 -4.342701286077499390e-03 -2.739757299423217773e-02
-5.243253707885742188e-02 -1.551355421543121338e-02 5.394572019577026367e-02
-2.500593662261962891e-02 9.126368910074234009e-03 5.152559280395507812e-02
-6.119352579116821289e-02 3.349602222442626953e-03 -2.833199501037597656e-02
2.086508274078369141e-02 -1.904271543025970459e-03 -8.920592069625854492e-02
-3.995567560195922852e-02 -2.344474196434020996e-03 4.985684156417846680e-02
2.650266885757446289e-02 -1.026365719735622406e-02 4.510051012039184570e-02
-2.417087554931640625e-02 1.662429980933666229e-02 1.851475238800048828e-02
-5.622148513793945312e-03 -7.941327989101409912e-03 -1.517391204833984375e-02
1.256656646728515625e-02 -2.251714468002319336e-03 5.112808942794799805e-02
5.368334054946899414e-02 -7.369754835963249207e-03 -6.938678026199340820e-02
1.987445354461669922e-02 2.416351810097694397e-03 3.762775659561157227e-02
8.497774600982666016e-03 -4.214057698845863342e-03 -5.038058757781982422e-02
3.355669975280761719e-02 5.761645734310150146e-03 3.635656833648681641e-02
-3.845989704132080078e-02 -2.918570488691329956e-02 -1.769435405731201172e-02
6.097537279129028320e-02 2.061226218938827515e-02 -1.136201620101928711e-02
-2.402997016906738281e-02 -9.609013795852661133e-05 3.092038631439208984e-02
-1.348811388015747070e-02 -4.903383553028106689e-03 2.279102802276611328e-03
-2.402251958847045898e-02 3.665946424007415771e-03 3.736406564712524414e-02
-6.827116012573242188e-03 -5.612835288047790527e-03 -2.100342512130737305e-02
-6.745576858520507812e-03 -5.858309566974639893e-03 3.359389305114746094e-02
-2.206873893737792969e-02 8.254650980234146118e-03 2.596336603164672852e-02
2.325713634490966797e-02 4.738252609968185425e-03 -1.052325963973999023e-02
9.698390960693359375e-03 -9.249620139598846436e-03 1.834923028945922852e-02
3.941351175308227539e-02 -5.395039916038513184e-04 -3.212183713912963867e-02
-1.263105869293212891e-02 1.285973191261291504e-02 3.551369905471801758e-02
-4.832732677459716797e-02 2.512790262699127197e-03 -1.117217540740966797e-02
-4.192566871643066406e-02 1.050571165978908539e-02 1.256638765335083008e-02
1.911354064941406250e-02 1.485079526901245117e-03 -1.654034852981567383e-02
2.148151397705078125e-02 -6.696239113807678223e-03 -1.849991083145141602e-02
-6.415390968322753906e-02 2.594836056232452393e-03 -1.507842540740966797e-02
-3.032135963439941406e-02 -5.781836807727813721e-04 9.629189968109130859e-03
-1.448810100555419922e-02 3.183986991643905640e-03 2.041208744049072266e-02
3.019088506698608398e-02 -6.321858614683151245e-03 -6.121879816055297852e-02
-7.505136728286743164e-02 5.680147558450698853e-03 8.215194940567016602e-02
-3.083205223083496094e-02 4.074681550264358521e-03 -8.567512035369873047e-03
-1.328331232070922852e-02 1.372886821627616882e-03 1.960307359695434570e-02
5.335736274719238281e-02 5.154637619853019714e-03 -4.836213588714599609e-02
-6.540662050247192383e-02 1.090674102306365967e-02 -7.582479715347290039e-02
9.694695472717285156e-02 -5.387993529438972473e-03 -3.972309827804565430e-02
2.415895462036132812e-02 -6.632901728153228760e-03 5.575013160705566406e-02
-1.718405485153198242e-01 -1.507932320237159729e-03 2.108043432235717773e-02
1.799076795578002930e-02 1.320060715079307556e-02 -2.960318326950073242e-02
-1.946440339088439941e-01 7.738016545772552490e-03 9.927481412887573242e-02
1.921638250350952148e-01 -1.141714677214622498e-02 3.817710280418395996e-02
-1.001197099685668945e-01 -1.128926500678062439e-02 -1.310434639453887939e-01
1.103870272636413574e-01 -2.123646438121795654e-03 1.189507246017456055e-01
-6.823319196701049805e-02 1.005919650197029114e-02 -6.660592555999755859e-02
-8.156538009643554688e-03 1.103360205888748169e-03 1.225793361663818359e-02
-5.239343643188476562e-02 7.638610899448394775e-03 8.156552910804748535e-02
1.191791296005249023e-01 -2.421140670776367188e-02 2.694034576416015625e-02
-2.742874622344970703e-02 5.654804408550262451e-03 -6.586173176765441895e-02
6.124305725097656250e-02 1.067918911576271057e-02 6.720244884490966797e-02
5.992627143859863281e-02 -1.042015478014945984e-02 -7.254868745803833008e-03
-1.266640424728393555e-02 -4.530936479568481445e-03 -1.718601584434509277e-02
-8.487999439239501953e-03 -1.147860847413539886e-02 2.626043558120727539e-02
-4.218554496765136719e-02 6.411416456103324890e-03 -1.059393286705017090e-01
-2.649414539337158203e-02 4.046104848384857178e-03 3.969389200210571289e-02
5.311632156372070312e-02 3.262825310230255127e-03 -4.637044668197631836e-02
-1.621788740158081055e-02 -2.514787018299102783e-03 2.876424789428710938e-02
1.015496850013732910e-01 -1.665119081735610962e-03 5.077540874481201172e-02
-6.851845979690551758e-02 9.012993425130844116e-03 -1.264831423759460449e-02
2.625441551208496094e-02 6.181679666042327881e-03 9.552836418151855469e-04
-2.088880538940429688e-02 3.850512206554412842e-03 -5.289652943611145020e-02
1.488401889801025391e-01 -1.652367413043975830e-02 1.144627928733825684e-01
-1.117166876792907715e-01 2.499084919691085815e-03 1.431289315223693848e-02
9.186387062072753906e-02 -8.900947868824005127e-04 -4.501399397850036621e-02
8.205080032348632812e-02 -2.436786890029907227e-04 -5.145341157913208008e-02
1.632273197174072266e-03 5.865901708602905273e-03 -1.972275972366333008e-02
1.232883334159851074e-01 7.199034094810485840e-03 3.681987524032592773e-02
-7.050204277038574219e-02 -6.303600966930389404e-04 2.396005392074584961e-02
-1.503446698188781738e-01 -1.411217823624610901e-02 4.585677385330200195e-02
5.099016427993774414e-02 -1.223987899720668793e-02 -3.174662590026855469e-03
6.755906343460083008e-02 4.648683592677116394e-03 1.258217990398406982e-01
2.783000469207763672e-03 7.697608321905136108e-03 -6.190875172615051270e-02
-4.425185918807983398e-02 2.188932150602340698e-03 -2.000772953033447266e-02
1.815491914749145508e-02 6.968496367335319519e-03 -4.721629619598388672e-02
6.586408615112304688e-02 6.641717627644538879e-03 -5.502253770828247070e-02
3.267884254455566406e-02 -2.967914752662181854e-02 5.944943428039550781e-02
-1.154303550720214844e-03 -3.694161772727966309e-03 3.568351268768310547e-03
-1.074310541152954102e-01 -7.312074303627014160e-04 9.191054105758666992e-02
-3.395354747772216797e-02 6.888661533594131470e-03 -1.757907867431640625e-02
1.611294746398925781e-01 1.708674803376197815e-02 -5.823075771331787109e-02
-2.517676353454589844e-02 -1.300150342285633087e-02 1.027959585189819336e-02
-3.601956367492675781e-02 2.260770648717880249e-03 9.994256496429443359e-02
-6.937175989151000977e-02 8.106334134936332703e-03 5.084484815597534180e-02
1.778072118759155273e-02 1.183417998254299164e-02 -5.219018459320068359e-02
4.576361179351806641e-02 -1.093652285635471344e-02 2.756327390670776367e-02
5.359339714050292969e-02 2.300421893596649170e-02 1.082965731620788574e-02
5.500793457031250000e-03 1.786073669791221619e-03 -6.794035434722900391e-04
-4.081845283508300781e-03 -4.505455493927001953e-03 1.343786716461181641e-03
1.042687892913818359e-02 -1.309283077716827393e-03 9.765297174453735352e-03
-8.268535137176513672e-02 8.905394002795219421e-03 -2.193173766136169434e-02
6.520807743072509766e-02 -4.099460318684577942e-03 4.721340537071228027e-02
-3.522479534149169922e-02 -1.676075160503387451e-03 -2.051845192909240723e-02
-8.517771959304809570e-02 1.088418066501617432e-02 3.052812814712524414e-02
-9.788465499877929688e-02 -4.943415522575378418e-03 1.863074302673339844e-02
5.843377113342285156e-02 2.372942864894866943e-03 -5.431169271469116211e-02
1.844952702522277832e-01 -2.053593844175338745e-02 7.175910472869873047e-02
-1.432294845581054688e-01 6.529947742819786072e-03 2.021485567092895508e-02
-9.409356117248535156e-02 4.419782198965549469e-03 2.020338177680969238e-02
3.812521696090698242e-02 -1.535009220242500305e-02 -2.542445063591003418e-02
2.218472957611083984e-02 1.130104437470436096e-02 4.901260137557983398e-02
-6.246030330657958984e-03 -1.061003655195236206e-02 -4.279214143753051758e-02
-2.504724264144897461e-02 2.520785667002201080e-02 -2.917230129241943359e-03
5.474513769149780273e-02 -2.547184564173221588e-02 7.532876729965209961e-02
-5.121612548828125000e-02 7.800742983818054199e-03 -6.826901435852050781e-02
-3.933942317962646484e-02 -1.021891087293624878e-02 1.054096221923828125e-02
6.917715072631835938e-04 1.255319267511367798e-02 -1.436877250671386719e-02
-3.687512874603271484e-02 -5.062028765678405762e-03 -2.099508047103881836e-02
7.803076505661010742e-02 -1.354736089706420898e-02 -1.999378204345703125e-02
9.110277891159057617e-02 -1.253818534314632416e-02 -2.661418914794921875e-02
-7.931470870971679688e-02 1.212375424802303314e-02 5.724132061004638672e-03
2.346682548522949219e-02 1.267248764634132385e-02 -3.802031278610229492e-02
-1.662844419479370117e-02 1.706162840127944946e-02 2.719736099243164062e-02
-5.745649337768554688e-03 1.919722557067871094e-02 -5.449390411376953125e-02
1.179343461990356445e-02 -1.332624629139900208e-02 5.742043256759643555e-03
-6.774365901947021484e-03 3.596518188714981079e-03 -7.058322429656982422e-03
-2.145249247550964355e-01 9.893830865621566772e-03 -2.889397740364074707e-02
5.284368991851806641e-02 -1.997753977775573730e-03 -2.327537536621093750e-02
4.357677698135375977e-02 -1.315101794898509979e-02 4.572314023971557617e-02
-2.020570635795593262e-01 -1.629266887903213501e-02 2.219250798225402832e-02
1.545494794845581055e-01 5.642484128475189209e-02 3.736394643783569336e-02
-3.824663162231445312e-02 -6.044063717126846313e-02 2.651983499526977539e-02
4.177486896514892578e-02 -1.426437869668006897e-02 5.475875735282897949e-02
4.664629697799682617e-02 2.776606008410453796e-03 1.685434579849243164e-02
2.952241897583007812e-02 -9.162105619907379150e-03 -5.465650558471679688e-02
-1.047503948211669922e-02 3.713391721248626709e-03 8.840006589889526367e-02
-1.519542932510375977e-02 1.684447750449180603e-03 4.023987054824829102e-02
3.623867034912109375e-02 -2.585738897323608398e-03 -2.514185383915901184e-03
1.187666058540344238e-01 -8.568542078137397766e-03 -6.580412387847900391e-03
-9.810149669647216797e-02 9.408021345734596252e-03 3.070712089538574219e-03
5.107730627059936523e-02 5.164884030818939209e-03 -1.822656393051147461e-02
-5.393314361572265625e-02 -7.292103022336959839e-03 -4.447519779205322266e-03
-1.455801725387573242e-02 -3.357164561748504639e-03 -2.187031507492065430e-02
5.902528762817382812e-02 3.128096461296081543e-03 7.595300674438476562e-03
1.395702362060546875e-02 2.162028476595878601e-02 3.884226083755493164e-02
-3.122866153717041016e-03 -9.188428521156311035e-05 -2.707302570343017578e-02
-1.504607200622558594e-01 -1.834207214415073395e-02 -1.029163599014282227e-02
-6.705111265182495117e-02 1.275489665567874908e-02 -1.899707317352294922e-02
5.842655897140502930e-02 -4.740097559988498688e-03 4.597425460815429688e-02
2.115070819854736328e-02 -1.150122191756963730e-02 -2.820765972137451172e-02
-6.356835365295410156e-04 1.377623528242111206e-03 1.732480525970458984e-02
-1.347690820693969727e-02 -4.683248698711395264e-04 8.145928382873535156e-03
1.193308830261230469e-02 2.141054719686508179e-03 -7.849454879760742188e-03
-4.129081964492797852e-02 -9.717401117086410522e-04 2.562880516052246094e-03
1.029801368713378906e-02 -2.955349162220954895e-03 2.429288811981678009e-02
3.122186660766601562e-02 3.597008064389228821e-03 8.125960826873779297e-03
6.942510604858398438e-02 -8.580159395933151245e-03 -5.232065916061401367e-02
-4.464131593704223633e-02 -9.006515145301818848e-03 3.614342212677001953e-02
-1.473140716552734375e-02 1.269017346203327179e-02 -1.246058940887451172e-02
-4.725861549377441406e-02 1.996783539652824402e-03 -1.226663589477539062e-04
8.620023727416992188e-04 -2.916501834988594055e-03 7.507920265197753906e-03
2.322918176651000977e-02 -2.260332927107810974e-03 -1.239347457885742188e-02
7.678860425949096680e-02 1.871045678853988647e-03 4.504978656768798828e-03
-1.100516319274902344e-02 2.013687044382095337e-04 1.146537065505981445e-02
-3.150230646133422852e-02 -8.590351790189743042e-04 1.318711228668689728e-02
-2.045267820358276367e-02 1.204804331064224243e-02 1.307845115661621094e-02
-5.126476287841796875e-03 -1.119507476687431335e-03 3.203725814819335938e-02
2.730727195739746094e-02 -3.049252554774284363e-03 1.699465326964855194e-02
3.546845912933349609e-02 -1.161933317780494690e-02 -8.770344778895378113e-03
3.799074888229370117e-02 1.111725345253944397e-02 -2.173620462417602539e-02
4.575490951538085938e-03 3.537561744451522827e-03 1.267367601394653320e-02
1.385802030563354492e-02 -1.140845939517021179e-02 3.202593326568603516e-02
2.061069011688232422e-02 5.849417299032211304e-03 2.055156230926513672e-02
-4.858082532882690430e-02 -2.017430961132049561e-05 1.517558097839355469e-02
-2.917408943176269531e-03 9.626890532672405243e-03 -1.839125156402587891e-02
-5.574941635131835938e-02 -5.478893406689167023e-03 1.449882984161376953e-02
2.243554592132568359e-02 3.353310748934745789e-03 -5.790627002716064453e-02
8.371621370315551758e-02 1.066495664417743683e-02 4.246836900711059570e-02
2.527379989624023438e-02 -4.901329986751079559e-03 2.055466175079345703e-02
4.605054855346679688e-03 -6.575575098395347595e-04 2.361583709716796875e-02
-6.752133369445800781e-02 3.266174346208572388e-03 5.476593971252441406e-03
-6.234884262084960938e-02 -1.213487610220909119e-02 -2.155569195747375488e-02
-8.001971244812011719e-02 1.274895481765270233e-02 6.613540649414062500e-02
-4.517781734466552734e-02 -1.462140120565891266e-03 -3.537136316299438477e-02
7.900440692901611328e-02 -2.726069651544094086e-03 -1.891106367111206055e-02
1.646733283996582031e-02 9.473983198404312134e-03 -1.276442408561706543e-02
1.806630492210388184e-01 6.296722218394279480e-03 -8.691120147705078125e-02
4.181891679763793945e-02 1.225523650646209717e-03 6.253933906555175781e-02
-1.076149940490722656e-02 4.630235955119132996e-03 1.000577211380004883e-02
-3.196746110916137695e-02 -5.649914965033531189e-03 -7.304251194000244141e-03
-4.292458295822143555e-02 -2.251120284199714661e-03 4.819029569625854492e-02
-1.755535602569580078e-03 1.917202025651931763e-03 -5.094528198242187500e-03
1.401507854461669922e-02 1.291535794734954834e-03 -2.232342958450317383e-02
4.745548963546752930e-02 6.352420896291732788e-03 -3.847217559814453125e-02
-5.741900205612182617e-02 3.638634458184242249e-03 9.370625019073486328e-03
6.817281246185302734e-03 -5.859043449163436890e-04 3.603279590606689453e-03
-1.528692245483398438e-02 7.806671783328056335e-03 4.561716318130493164e-02
1.291286945343017578e-02 1.225776970386505127e-03 2.654314041137695312e-03
-8.876752853393554688e-02 -1.199812442064285278e-02 7.669126987457275391e-02
1.543706655502319336e-02 4.740674048662185669e-03 -2.587085962295532227e-02
6.183135509490966797e-02 -3.486294299364089966e-03 8.928382396697998047e-02
-3.932404518127441406e-02 4.669986665248870850e-03 -1.247936487197875977e-02
-2.627527713775634766e-02 -8.995518088340759277e-03 8.245992660522460938e-02
1.662027835845947266e-02 5.179811269044876099e-03 -6.904453039169311523e-02
-2.085089683532714844e-03 -9.147673845291137695e-04 -7.252573966979980469e-03
-2.177983522415161133e-02 6.165467202663421631e-04 6.068152189254760742e-02
-3.093564510345458984e-02 5.466006696224212646e-03 -5.673784017562866211e-02
-2.096098661422729492e-02 -2.249460667371749878e-03 2.600383758544921875e-02
-5.826920270919799805e-02 -3.776276484131813049e-03 -1.414066553115844727e-02
1.219296455383300781e-02 4.798527806997299194e-04 3.011643886566162109e-03
-1.363366842269897461e-02 -1.523552462458610535e-03 4.156786203384399414e-02
1.026779413223266602e-02 9.602475911378860474e-04 -4.564243555068969727e-02
4.182720184326171875e-02 -1.940980553627014160e-03 8.021992444992065430e-02
-6.139355897903442383e-02 -4.407543689012527466e-03 -2.004048228263854980e-02
-8.081734180450439453e-03 -1.586779952049255371e-03 2.437207102775573730e-02
4.972070455551147461e-02 -3.698613494634628296e-03 -4.388850927352905273e-02
-2.399313449859619141e-02 4.978001117706298828e-03 -4.001075029373168945e-02
1.607698202133178711e-02 2.562630921602249146e-03 -5.608648061752319336e-02
-3.876137733459472656e-02 -4.674337804317474365e-03 4.321813583374023438e-02
1.688748598098754883e-02 -6.017260253429412842e-03 -4.219898581504821777e-02
2.732712030410766602e-02 -1.208493113517761230e-02 1.035019755363464355e-02
3.424417972564697266e-02 -1.014659926295280457e-02 -3.039640188217163086e-02
-7.321810722351074219e-02 1.148348674178123474e-02 3.541371226310729980e-02
4.778683185577392578e-02 7.080659270286560059e-04 -1.127901673316955566e-02
-8.940213918685913086e-02 -6.831660866737365723e-04 6.293123960494995117e-02
6.305313110351562500e-02 5.533277988433837891e-03 -5.554783344268798828e-02
7.761842012405395508e-02 2.779850736260414124e-03 -3.377270698547363281e-02
9.891444444656372070e-02 -1.771445758640766144e-02 2.191430330276489258e-02
-3.522765636444091797e-02 2.269867807626724243e-03 -3.573608398437500000e-02
1.665008068084716797e-02 9.912926703691482544e-03 1.548171043395996094e-03
4.701954126358032227e-02 9.753842838108539581e-03 -3.013461828231811523e-02
5.841255187988281250e-04 5.642090924084186554e-03 -2.766549587249755859e-03
-5.480086803436279297e-02 1.307336613535881042e-03 3.237873315811157227e-02
7.399696111679077148e-02 6.253886967897415161e-03 -5.436575412750244141e-02
5.118191242218017578e-03 2.380050718784332275e-03 8.027642965316772461e-02
5.065488815307617188e-02 -3.225997090339660645e-03 -3.892648220062255859e-02
-1.530957221984863281e-02 -1.610517501831054688e-03 -1.411628723144531250e-02
-8.218526840209960938e-03 1.681642606854438782e-03 -1.584815979003906250e-02
3.230631351470947266e-02 -6.897613406181335449e-03 -2.823114395141601562e-03
-2.924478054046630859e-02 3.055697306990623474e-03 -1.457399129867553711e-02
3.027164936065673828e-02 4.060752689838409424e-04 2.599895000457763672e-03
-5.191326141357421875e-03 -8.134853094816207886e-03 2.515453100204467773e-02
1.852816343307495117e-02 6.161959841847419739e-03 1.310414075851440430e-02
8.564651012420654297e-03 -4.306858405470848083e-03 3.834265470504760742e-02
-3.834652900695800781e-02 2.035588026046752930e-03 8.838772773742675781e-03
4.841029644012451172e-03 -2.100132405757904053e-04 3.345787525177001953e-03
-1.035112142562866211e-02 6.804391741752624512e-04 4.940080642700195312e-02
5.365395545959472656e-02 7.097091525793075562e-03 3.816097974777221680e-02
-2.811771631240844727e-02 -2.048624679446220398e-03 -1.852118968963623047e-02
-3.572922945022583008e-02 2.521479502320289612e-03 2.290368080139160156e-03
-2.290517091751098633e-02 -8.377127349376678467e-03 -3.480267524719238281e-02
-1.260113716125488281e-02 1.890886574983596802e-03 7.137894630432128906e-02
3.137409687042236328e-03 9.621679782867431641e-04 1.041811704635620117e-02
-2.335894107818603516e-02 8.219644427299499512e-03 3.022444248199462891e-02
-1.788818836212158203e-02 6.539035588502883911e-03 -3.620564937591552734e-03
-2.590930461883544922e-02 2.935502678155899048e-03 1.035606861114501953e-02
-6.922483444213867188e-03 -3.578513860702514648e-05 4.312974214553833008e-02
3.777205944061279297e-03 -7.300376892089843750e-04 -6.972348690032958984e-02
7.438540458679199219e-03 -1.109118200838565826e-02 -4.181265830993652344e-03
4.609715938568115234e-02 1.002511568367481232e-02 -7.015228271484375000e-03
-5.292820930480957031e-02 -1.294702291488647461e-03 1.257371306419372559e-01
6.190472841262817383e-02 -4.133582115173339844e-04 -7.011634111404418945e-02
1.410770416259765625e-02 -1.805648952722549438e-02 -9.493720531463623047e-02
-2.535337209701538086e-02 -2.273397520184516907e-03 -1.168161630630493164e-03
-3.865623474121093750e-02 1.249835640192031860e-02 -1.049730181694030762e-02
-8.317321538925170898e-02 1.327291317284107208e-02 5.913603305816650391e-02
1.084213256835937500e-01 -9.386058896780014038e-03 2.259755134582519531e-02
-1.055157184600830078e-01 -4.827011376619338989e-03 9.991610050201416016e-02
1.089891791343688965e-01 -9.357430040836334229e-03 5.772250890731811523e-02
1.485532522201538086e-02 6.393801420927047729e-03 -8.132457733154296875e-02
-4.293245077133178711e-02 -3.842344507575035095e-03 -1.022565364837646484e-01
1.836127042770385742e-02 -3.444794565439224243e-04 -4.938471317291259766e-02
-1.294374465942382812e-02 6.636507809162139893e-03 -8.267998695373535156e-03
-3.178179264068603516e-02 2.909734845161437988e-03 2.338868379592895508e-02
2.146446704864501953e-02 5.749870091676712036e-03 2.854639291763305664e-02
-9.737008810043334961e-02 -2.358982712030410767e-02 1.083169281482696533e-01
8.119469881057739258e-02 4.011552780866622925e-03 -6.889948248863220215e-02
3.220677375793457031e-03 -1.454805955290794373e-03 -4.565715789794921875e-04
-1.890301704406738281e-02 -4.563177004456520081e-03 3.587365150451660156e-02
2.260732650756835938e-02 -6.926041096448898315e-04 3.385537862777709961e-02
2.857941389083862305e-02 1.947746612131595612e-03 -2.610641717910766602e-02
-4.654669761657714844e-02 -5.314922891557216644e-03 1.064389944076538086e-02
2.054631710052490234e-02 1.152586191892623901e-03 -5.837357044219970703e-02
5.116105079650878906e-03 1.109908521175384521e-02 -3.835409879684448242e-02
2.073764801025390625e-03 6.708119064569473267e-03 4.878461360931396484e-03
-3.674179315567016602e-02 -1.453791558742523193e-02 1.389271616935729980e-01
-3.977167606353759766e-02 3.345064818859100342e-03 -9.927868843078613281e-03
2.049195766448974609e-02 1.715797930955886841e-03 2.799779176712036133e-02
-1.503986120223999023e-02 -2.470556646585464478e-03 -3.103256225585937500e-02
-5.826151371002197266e-02 -2.618417143821716309e-03 9.255796670913696289e-02
9.758472442626953125e-03 -2.484440803527832031e-03 3.905123472213745117e-02
4.670190811157226562e-02 3.814995288848876953e-04 5.266672372817993164e-02
9.955465793609619141e-03 1.326046884059906006e-03 -6.031692028045654297e-03
2.394413948059082031e-02 -5.386710166931152344e-03 -1.034566760063171387e-01
4.444539546966552734e-02 9.633034467697143555e-03 -1.271963119506835938e-01
-2.839499711990356445e-02 1.591619104146957397e-03 5.666643381118774414e-02
1.229184865951538086e-02 -7.155943661928176880e-03 9.221607446670532227e-02
-2.641141414642333984e-02 -5.157642066478729248e-03 4.913169145584106445e-02
-2.271473407745361328e-02 -4.363730549812316895e-04 -4.115521907806396484e-03
5.628156661987304688e-02 4.552677273750305176e-03 7.585883140563964844e-03
2.220833301544189453e-02 1.173354685306549072e-03 -9.607338905334472656e-02
-8.210188150405883789e-02 -3.934606909751892090e-03 -6.329786777496337891e-02
-1.102823019027709961e-02 1.916691660881042480e-03 5.292540788650512695e-02
6.289839744567871094e-02 1.111887767910957336e-02 5.243265628814697266e-02
1.085662841796875000e-02 4.462998360395431519e-03 -1.268804073333740234e-02
5.944311618804931641e-03 -6.852596998214721680e-03 -1.842045783996582031e-02
-1.800668239593505859e-02 2.525307238101959229e-03 -8.008080720901489258e-02
-1.397639513015747070e-02 -2.310073003172874451e-03 5.676764249801635742e-02
-5.619323253631591797e-02 -6.093939766287803650e-03 -5.690538883209228516e-02
-1.126682758331298828e-02 -2.794656902551651001e-03 1.052345037460327148e-01
9.914934635162353516e-03 -4.358686506748199463e-03 -2.223402261734008789e-02
-1.013833284378051758e-02 -4.918284714221954346e-03 -7.188463211059570312e-02
-7.340717315673828125e-02 -5.430623888969421387e-03 1.395785212516784668e-01
1.636624336242675781e-02 5.092792212963104248e-03 -7.962197065353393555e-02
-2.131378650665283203e-02 5.228392779827117920e-03 -3.370213508605957031e-02
1.484346389770507812e-02 4.295229911804199219e-03 6.100392341613769531e-02
7.938534021377563477e-02 6.443865597248077393e-03 1.457530856132507324e-01
-9.492355585098266602e-02 5.456492304801940918e-03 -2.501958608627319336e-02
5.804508924484252930e-02 -8.515402674674987793e-03 -2.308422327041625977e-02
-2.677613496780395508e-02 7.079653441905975342e-03 7.754683494567871094e-03
3.519105911254882812e-02 2.935893833637237549e-03 2.412581443786621094e-02
-3.483235836029052734e-03 5.654770880937576294e-03 -4.298090934753417969e-02
1.241737604141235352e-02 1.014534384012222290e-03 -5.000615119934082031e-02
6.421190500259399414e-02 3.143627196550369263e-03 2.497518062591552734e-02
-3.128397464752197266e-02 1.907690428197383881e-02 4.251968860626220703e-02
4.583650827407836914e-02 1.621231436729431152e-03 -3.966987133026123047e-03
5.776554346084594727e-02 -8.901400491595268250e-03 -1.005244255065917969e-02
-1.338791847229003906e-02 -5.089074373245239258e-03 -8.683300018310546875e-02
-5.522978305816650391e-02 9.489949792623519897e-03 2.382379770278930664e-02
4.839956760406494141e-02 -2.702066116034984589e-02 -1.079248785972595215e-01
-2.254712581634521484e-02 5.925806239247322083e-03 -2.831608057022094727e-03
-1.014095544815063477e-02 -2.129178494215011597e-03 3.070417046546936035e-02
1.793336868286132812e-02 -6.499152630567550659e-03 -3.452152013778686523e-03
4.346966743469238281e-03 7.520876824855804443e-04 -2.910187840461730957e-02
5.663216114044189453e-03 1.490876078605651855e-03 4.117840528488159180e-02
-1.237380504608154297e-02 -1.826513558626174927e-03 5.423688888549804688e-02
-7.294231653213500977e-02 -1.012900099158287048e-02 5.570530891418457031e-02
-1.208162307739257812e-02 3.410130739212036133e-05 -6.422567367553710938e-02
-3.876346349716186523e-02 1.192718744277954102e-03 -2.200490236282348633e-02
4.366415739059448242e-02 1.572329550981521606e-03 5.781668424606323242e-02
1.109659671783447266e-03 3.929616883397102356e-03 3.634494543075561523e-02
3.833401203155517578e-02 1.576598733663558960e-03 5.247306823730468750e-02
-6.358426809310913086e-02 -2.047556452453136444e-03 -2.411276102066040039e-02
-2.370315790176391602e-02 -5.298455245792865753e-03 4.854661226272583008e-02
-6.628632545471191406e-04 7.670084014534950256e-03 -2.679884433746337891e-03
3.151679039001464844e-02 1.628037542104721069e-03 3.932762145996093750e-02
-3.724217414855957031e-03 2.719953656196594238e-03 -3.787112236022949219e-02
-4.126816987991333008e-02 -1.322463154792785645e-03 -9.301543235778808594e-03
1.678150892257690430e-02 1.896247267723083496e-04 3.334665298461914062e-02
3.639018535614013672e-02 -2.633266150951385498e-03 6.419539451599121094e-03
-1.803404092788696289e-02 -1.738086342811584473e-03 2.003431320190429688e-02
2.542853355407714844e-02 -1.240121573209762573e-02 3.037023544311523438e-02
3.763121366500854492e-02 4.545107483863830566e-03 7.552742958068847656e-03
-4.438877105712890625e-03 -5.411744117736816406e-03 6.038194894790649414e-02
-1.298331022262573242e-01 -4.448816180229187012e-03 -1.937311887741088867e-02
-2.439695596694946289e-02 1.526340842247009277e-03 -1.041769981384277344e-03
4.457241296768188477e-02 8.774153888225555420e-03 4.046058654785156250e-02
-4.399389028549194336e-02 -9.023249149322509766e-04 -7.545590400695800781e-02
7.556080818176269531e-04 -1.916766166687011719e-03 1.147574186325073242e-02
-3.520607948303222656e-02 -8.969143033027648926e-03 3.307539224624633789e-02
3.893864154815673828e-02 9.801961481571197510e-03 1.053220033645629883e-02
3.436964750289916992e-02 1.905478537082672119e-03 2.744573354721069336e-02
1.735866069793701172e-02 1.727044582366943359e-05 2.231132984161376953e-02
-2.733564376831054688e-02 -1.712881028652191162e-03 -1.822429895401000977e-02
-2.742099761962890625e-02 4.397526383399963379e-03 3.797054290771484375e-02
4.169350862503051758e-02 -9.256005287170410156e-04 4.343974590301513672e-02
-2.287739515304565430e-02 2.125859260559082031e-03 2.143377065658569336e-02
-3.037744760513305664e-02 -1.189231872558593750e-03 3.180646896362304688e-02
6.920158863067626953e-03 2.275206148624420166e-03 -2.853870391845703125e-02
-3.542250394821166992e-02 2.022609114646911621e-03 -1.535353660583496094e-01
2.339816093444824219e-02 -1.105488836765289307e-02 -1.230907440185546875e-02
-2.239704132080078125e-03 5.775988101959228516e-04 -9.178161621093750000e-03
-1.922321319580078125e-02 7.657758891582489014e-03 5.543696880340576172e-02
9.241104125976562500e-04 5.957476794719696045e-03 -4.900687932968139648e-02
-3.959512710571289062e-02 1.162007451057434082e-03 -3.999173641204833984e-02
-3.698289394378662109e-03 7.797144353389739990e-03 -7.604879140853881836e-02
1.962447166442871094e-02 -3.086335957050323486e-03 7.758378982543945312e-03
1.457262039184570312e-02 -1.365602016448974609e-03 -5.970370769500732422e-02
-1.561880111694335938e-02 1.108820736408233643e-02 -4.420733451843261719e-02
5.800384283065795898e-02 -5.961578339338302612e-03 1.027827262878417969e-01
7.002472877502441406e-03 -7.236190140247344971e-04 -1.882630586624145508e-02
1.690310239791870117e-02 -1.803450286388397217e-02 9.346312284469604492e-02
-5.785381793975830078e-02 6.077118217945098877e-03 -2.550828456878662109e-02
1.389575004577636719e-02 5.417026579380035400e-03 3.893679380416870117e-02
-4.184216260910034180e-02 5.532972514629364014e-03 1.596951484680175781e-02
8.822590112686157227e-02 3.977660089731216431e-03 -3.140550851821899414e-02
-8.080708980560302734e-02 -2.494525164365768433e-03 1.246416568756103516e-02
-2.836221456527709961e-02 4.092819988727569580e-03 -3.123486042022705078e-02
6.043219566345214844e-02 9.015832096338272095e-03 4.673242568969726562e-02
-8.313018083572387695e-02 -4.000268876552581787e-03 -9.425693750381469727e-02
-1.752614974975585938e-03 -1.231618225574493408e-03 8.484119176864624023e-02
4.714804887771606445e-02 -7.990352809429168701e-03 -1.124662160873413086e-01
-8.718967437744140625e-03 6.794285029172897339e-03 -7.763493061065673828e-02
2.393960952758789062e-02 -6.732109934091567993e-03 9.663367271423339844e-02
-5.645751953125000000e-02 -2.280849963426589966e-03 -9.754621982574462891e-02
1.515603065490722656e-02 2.824235707521438599e-03 1.122657656669616699e-01
-2.659380435943603516e-03 -4.612226039171218872e-03 -6.493049860000610352e-02
3.386712074279785156e-02 -1.973148435354232788e-03 -2.065932750701904297e-02
2.547085285186767578e-02 2.711618319153785706e-03 -4.906994104385375977e-02
-3.541529178619384766e-02 -2.041211351752281189e-03 1.049012541770935059e-01
-5.234050750732421875e-02 -1.086124032735824585e-02 -1.003634333610534668e-01
2.984684705734252930e-02 8.996956050395965576e-03 7.575523853302001953e-02
2.535104751586914062e-02 -8.670718409121036530e-03 -2.434968948364257812e-02
-1.387786865234375000e-01 8.334503509104251862e-03 2.520143985748291016e-03
8.083140850067138672e-02 -1.440811529755592346e-02 -1.144493222236633301e-01
7.831931114196777344e-03 9.825732558965682983e-04 5.600488185882568359e-02
2.770155668258666992e-02 -1.293392851948738098e-03 1.368188858032226562e-02
6.460016965866088867e-02 2.959712408483028412e-03 -7.669425010681152344e-02
-4.262924194335937500e-03 7.284645922482013702e-03 4.485023021697998047e-02
9.457767009735107422e-03 -3.295112401247024536e-04 2.113324403762817383e-02
7.841527462005615234e-03 2.316355705261230469e-03 -2.166497707366943359e-02
-6.602019071578979492e-02 -1.533700153231620789e-02 -4.643893241882324219e-02
8.828014135360717773e-02 1.382287871092557907e-02 3.812432289123535156e-03
-7.646846771240234375e-02 7.334291003644466400e-03 8.756458759307861328e-02
2.887398004531860352e-02 1.027451083064079285e-02 -3.402101993560791016e-02
3.852826356887817383e-02 -6.633829325437545776e-03 -1.464396715164184570e-02
6.165355443954467773e-02 4.987813532352447510e-03 2.694451808929443359e-02
7.060974836349487305e-02 7.002390921115875244e-04 -5.280905961990356445e-02
-2.063792943954467773e-02 -2.172982320189476013e-03 2.823716402053833008e-02
-6.137853860855102539e-02 -2.434199675917625427e-03 2.133876085281372070e-02
1.172780990600585938e-02 -2.226784825325012207e-03 -5.822539329528808594e-03
6.230640411376953125e-02 -1.395458728075027466e-02 -1.635037660598754883e-01
7.648026943206787109e-02 5.288161337375640869e-03 -4.448831081390380859e-03
-1.456555128097534180e-01 -7.877727970480918884e-03 4.459106922149658203e-02
-7.645320892333984375e-02 7.796769030392169952e-03 8.073693513870239258e-02
6.725239753723144531e-02 4.108292050659656525e-03 9.023785591125488281e-03
-1.649570465087890625e-02 3.190295770764350891e-03 8.006501197814941406e-02
-1.619809865951538086e-02 -7.947757840156555176e-04 -4.197067022323608398e-02
-2.088260650634765625e-02 3.255801275372505188e-03 6.911611557006835938e-02
3.494507074356079102e-02 7.326565682888031006e-03 -4.768300056457519531e-02
-2.854967117309570312e-02 -8.376207202672958374e-03 -1.319307088851928711e-02
1.807290315628051758e-02 -2.787884324789047241e-03 -4.390490055084228516e-02
-1.626449823379516602e-02 -7.896102964878082275e-03 9.305250644683837891e-02
2.698111534118652344e-02 -1.261822134256362915e-02 2.020776271820068359e-03
-3.836989402770996094e-03 1.235067844390869141e-02 -6.190240383148193359e-03
-2.597177028656005859e-02 -5.418024957180023193e-03 1.081922650337219238e-01
6.729066371917724609e-03 8.842982351779937744e-03 1.552647352218627930e-02
-1.209723949432373047e-02 -6.097659468650817871e-03 -6.222915649414062500e-02
-2.250915765762329102e-02 9.215764701366424561e-03 -4.700809717178344727e-02
-3.184318542480468750e-03 4.210811108350753784e-03 -2.097100019454956055e-02
1.918953657150268555e-02 -6.120700389146804810e-03 3.931063413619995117e-02
7.096999883651733398e-02 6.948519498109817505e-03 -8.770579099655151367e-02
-4.938489198684692383e-02 3.987517207860946655e-03 3.424036502838134766e-02
1.721620559692382812e-02 7.240738719701766968e-03 -5.450665950775146484e-02
-1.833075284957885742e-02 -7.401555776596069336e-04 -1.749169826507568359e-02
1.378726959228515625e-02 3.364566713571548462e-03 6.347537040710449219e-03
-4.276686906814575195e-02 2.157445996999740601e-03 7.428348064422607422e-03
4.842817783355712891e-02 5.594510585069656372e-03 -2.251780033111572266e-02
3.371024131774902344e-02 -4.843302071094512939e-03 8.751463890075683594e-02
2.804112434387207031e-02 -1.959092915058135986e-04 -1.280258297920227051e-01
1.821011304855346680e-02 3.776170313358306885e-03 -3.927600383758544922e-02
-4.026705026626586914e-02 1.964855939149856567e-03 -2.159535884857177734e-02
-2.345472574234008789e-02 -7.706917822360992432e-03 1.337928771972656250e-01
-7.929807901382446289e-02 -1.246941834688186646e-02 5.386120080947875977e-02
3.082889318466186523e-02 -8.094239979982376099e-03 -2.000701427459716797e-02
3.152388334274291992e-02 1.364853233098983765e-03 2.422034740447998047e-03
6.133019924163818359e-02 -1.404242590069770813e-03 -1.474452018737792969e-02
1.043725013732910156e-02 3.653937950730323792e-03 7.494497299194335938e-02
3.190398216247558594e-03 -4.194766283035278320e-03 -6.808137893676757812e-02
-4.597127437591552734e-02 7.826052606105804443e-04 1.133381128311157227e-01
-1.284581422805786133e-02 2.234363928437232971e-03 -2.404451370239257812e-04
5.214440822601318359e-02 -4.888994619250297546e-03 -3.476345539093017578e-02
1.591008901596069336e-02 -4.494287073612213135e-03 -5.667507648468017578e-03
1.130050420761108398e-02 -7.165089249610900879e-03 -6.769943237304687500e-02
-8.842051029205322266e-03 2.681449055671691895e-03 1.150369644165039062e-05
1.534336805343627930e-02 -5.135796964168548584e-03 2.495390176773071289e-02
-2.957093715667724609e-02 -3.150723874568939209e-03 2.932459115982055664e-02
-6.884956359863281250e-02 9.518563747406005859e-03 -1.172590255737304688e-02
-2.086097002029418945e-02 1.089479401707649231e-02 1.595854759216308594e-02
-3.929185867309570312e-02 -1.442087069153785706e-02 -1.200306415557861328e-02
3.488945960998535156e-02 -9.332701563835144043e-03 -6.806504726409912109e-02
1.772826910018920898e-02 1.560807228088378906e-03 -4.486620426177978516e-03
1.780390739440917969e-02 1.235423237085342407e-02 1.472675800323486328e-02
-1.794016361236572266e-02 -1.463867723941802979e-03 -9.929299354553222656e-03
6.073671579360961914e-02 -3.659915179014205933e-03 9.537160396575927734e-03
-1.364201903343200684e-01 1.204877719283103943e-02 -4.692417383193969727e-02
-6.548494100570678711e-02 -8.155658841133117676e-03 -5.784612894058227539e-02
1.793870329856872559e-01 -5.247220396995544434e-03 1.215659976005554199e-01
-6.246566772460937500e-05 6.665952503681182861e-03 -4.611605405807495117e-02
-2.637219429016113281e-02 6.977081298828125000e-03 4.395145177841186523e-02
-4.515027999877929688e-02 -2.338886260986328125e-04 -9.266316890716552734e-03
5.127185583114624023e-02 1.423984766006469727e-03 -1.016157865524291992e-01
8.971357345581054688e-02 -5.728706717491149902e-03 2.195131778717041016e-02
-1.295858621597290039e-02 -4.809282720088958740e-03 -1.084373593330383301e-01
3.844773769378662109e-02 -3.240317106246948242e-03 1.378065347671508789e-02
7.511711120605468750e-02 -9.017549455165863037e-03 -6.453996896743774414e-02
-2.224085927009582520e-01 1.782933622598648071e-02 1.251870393753051758e-02
5.688458681106567383e-02 2.985825389623641968e-02 -1.094365119934082031e-02
-6.116336584091186523e-02 -1.446202397346496582e-02 2.512234449386596680e-02
-8.925074338912963867e-02 9.152382612228393555e-03 9.139835834503173828e-03
7.197678089141845703e-03 -6.040677428245544434e-03 1.226705312728881836e-02
-4.260480403900146484e-03 -2.734027802944183350e-03 -3.426712751388549805e-02
-7.748091220855712891e-02 1.001158356666564941e-02 4.771244525909423828e-02
6.324899196624755859e-02 6.275475025177001953e-03 -4.846617579460144043e-02
6.474936008453369141e-02 -2.828133106231689453e-02 -1.760068535804748535e-02
9.833461046218872070e-02 9.183108806610107422e-03 1.675698161125183105e-02
1.109117269515991211e-02 6.884615868330001831e-03 1.028800010681152344e-02
2.621787786483764648e-02 -4.290122538805007935e-03 -6.595155596733093262e-02
-3.553187847137451172e-02 2.722717821598052979e-03 -4.611927270889282227e-02
6.019127368927001953e-02 -8.585572242736816406e-03 -3.644049167633056641e-03
-7.629251480102539062e-02 5.346827208995819092e-03 -1.231211423873901367e-02
-2.994185686111450195e-02 6.481781601905822754e-04 1.588925719261169434e-02
1.042227149009704590e-01 1.430170983076095581e-02 2.138176560401916504e-02
1.279432773590087891e-01 -1.084408909082412720e-02 -2.671265602111816406e-02
-3.804206848144531250e-03 1.116321980953216553e-02 -3.920871019363403320e-02
7.650256156921386719e-04 3.788620233535766602e-05 8.440828323364257812e-02
3.228151798248291016e-02 -8.286029100418090820e-03 3.286647796630859375e-02
6.808972358703613281e-02 -1.065802574157714844e-02 -1.392221450805664062e-02
-4.455322027206420898e-02 1.371726393699645996e-03 -5.160599946975708008e-02
3.660386800765991211e-02 6.805360317230224609e-05 -3.919422626495361328e-03
4.407000541687011719e-02 8.655816316604614258e-03 -4.314666986465454102e-02
-2.686727046966552734e-02 7.411196827888488770e-03 -1.259804368019104004e-01
-3.072416782379150391e-02 -2.358278632164001465e-02 -1.268041133880615234e-02
2.899372577667236328e-02 1.281127333641052246e-02 4.837155342102050781e-03
-7.129448652267456055e-02 -2.700712531805038452e-03 2.604693174362182617e-02
1.482772231101989746e-01 -6.159003823995590210e-03 -3.490203619003295898e-02
-8.933997154235839844e-02 -1.827880740165710449e-03 -9.366273880004882812e-03
-9.680813550949096680e-02 -1.043754816055297852e-02 3.440171480178833008e-02
-2.378934621810913086e-02 3.930062055587768555e-03 6.140238046646118164e-02
-9.681797027587890625e-02 1.402667164802551270e-02 -5.365276336669921875e-02
1.018226146697998047e-01 -4.244215786457061768e-03 -3.211838006973266602e-02
-5.884706974029541016e-02 -1.658474653959274292e-02 -4.232347011566162109e-03
8.334267139434814453e-02 3.043711185455322266e-03 2.845346927642822266e-03
-1.847374439239501953e-02 3.022160381078720093e-03 -3.516393899917602539e-02
2.574473619461059570e-02 3.271819651126861572e-02 -3.691178560256958008e-02
6.012314558029174805e-02 2.141085080802440643e-02 -3.841578960418701172e-03
2.678453922271728516e-03 -3.019243478775024414e-03 -2.356231398880481720e-02
-5.370688438415527344e-02 4.488527774810791016e-04 4.744189977645874023e-02
-1.667732000350952148e-02 -1.235007494688034058e-02 -1.394748687744140625e-05
5.215668678283691406e-02 1.354908198118209839e-02 -5.824983119964599609e-02
3.904116153717041016e-02 -1.725526154041290283e-02 1.835233159363269806e-02
3.481888771057128906e-02 -2.407445944845676422e-02 6.179350614547729492e-02
-2.983450889587402344e-03 3.256052732467651367e-04 -1.938479952514171600e-02
-8.084243535995483398e-02 3.994628787040710449e-03 -3.342628479003906250e-03
-6.536006927490234375e-03 5.267128348350524902e-03 3.254413604736328125e-04
-5.014616250991821289e-02 7.597442716360092163e-03 8.562088012695312500e-02
-1.558959484100341797e-02 -1.710287854075431824e-02 -9.537279605865478516e-03
6.908202171325683594e-02 -8.725121617317199707e-03 1.630949974060058594e-02
-1.896381378173828125e-02 -1.047617942094802856e-02 5.611091852188110352e-02
5.891084671020507812e-03 -4.153624176979064941e-04 2.198630571365356445e-02
-6.362837553024291992e-02 5.528092384338378906e-03 -1.163457036018371582e-01
3.829407691955566406e-02 -5.158327519893646240e-03 -6.799936294555664062e-03
7.715225219726562500e-04 -1.140663027763366699e-02 -9.428858757019042969e-03
7.159894704818725586e-02 9.686484932899475098e-03 2.902507781982421875e-03
6.224572658538818359e-03 -1.053243875503540039e-03 5.169093608856201172e-03
1.046687364578247070e-02 1.320935785770416260e-03 1.000869274139404297e-02
-2.332925796508789062e-02 2.502135932445526123e-03 -8.944272994995117188e-04
3.586578369140625000e-02 1.019239425659179688e-03 -6.753206253051757812e-05
-2.707463502883911133e-02 -6.184987723827362061e-03 -1.413315534591674805e-02
1.374340057373046875e-02 4.193037748336791992e-04 4.874825477600097656e-03
-3.951263427734375000e-02 -1.922115683555603027e-03 -5.805915594100952148e-02
-5.375188589096069336e-02 -9.954497218132019043e-04 3.571808338165283203e-03
-5.312269926071166992e-02 -4.522651433944702148e-04 -3.642976284027099609e-03
4.761254787445068359e-02 3.993749618530273438e-03 -4.411691427230834961e-02
1.233637332916259766e-02 -6.896518170833587646e-03 -1.753562688827514648e-02
7.909840345382690430e-02 -6.354879587888717651e-03 -3.150397539138793945e-02
6.164646148681640625e-02 -1.226605661213397980e-02 -3.246301412582397461e-02
-2.103137969970703125e-02 1.460686326026916504e-03 -4.285925626754760742e-02
2.848291397094726562e-02 -5.185425281524658203e-03 4.334151744842529297e-02
3.771662712097167969e-02 -4.505909979343414307e-03 2.866208553314208984e-02
-1.301050186157226562e-02 -1.443348824977874756e-03 -4.988491535186767578e-03
-7.384896278381347656e-03 -2.034835517406463623e-03 -2.623808383941650391e-02
-1.602816581726074219e-02 -3.685705363750457764e-03 -1.201868057250976562e-02
5.997538566589355469e-03 -8.478984236717224121e-03 1.619935035705566406e-03
1.036417484283447266e-02 1.001358032226562500e-03 1.309204101562500000e-02
-3.467190265655517578e-02 7.928386330604553223e-04 -3.593122959136962891e-02
-1.006743907928466797e-01 -2.988480031490325928e-03 3.898561000823974609e-02
-4.375749826431274414e-02 -6.187178194522857666e-03 9.327530860900878906e-03
-4.600292444229125977e-02 1.430548727512359619e-02 2.708631753921508789e-02
1.029521226882934570e-02 1.925759017467498779e-03 -7.858097553253173828e-03
7.147544622421264648e-02 -5.367733538150787354e-03 2.993172407150268555e-02
-6.209015846252441406e-03 -5.512654781341552734e-03 -2.962708473205566406e-03
1.549279689788818359e-02 4.679858684539794922e-03 1.577121019363403320e-02
-4.667341709136962891e-03 -7.199138402938842773e-03 9.392678737640380859e-03
-1.859337091445922852e-02 3.323718905448913574e-03 2.119940705597400665e-02
1.941680908203125000e-03 1.099162548780441284e-02 -3.906756639480590820e-02
-7.061660289764404297e-03 -5.712896585464477539e-03 -5.973041057586669922e-03
3.743708133697509766e-03 1.037171483039855957e-02 -3.881639242172241211e-02
-9.928786754608154297e-02 -1.432321965694427490e-03 3.104984760284423828e-02
1.720255613327026367e-02 2.437606453895568848e-03 1.780939102172851562e-02
2.806544303894042969e-02 2.594001591205596924e-03 3.900051116943359375e-03
5.653411149978637695e-02 -1.949071884155273438e-05 -1.624119281768798828e-02
2.020859718322753906e-02 -9.418599307537078857e-03 -1.450908184051513672e-02
3.710603713989257812e-02 1.858001947402954102e-02 3.646278381347656250e-02
-2.808153629302978516e-03 -1.390337198972702026e-02 1.010477542877197266e-03
4.988199472427368164e-02 3.957033157348632812e-03 -9.094476699829101562e-04
-2.262449264526367188e-02 -2.903454005718231201e-04 1.350689120590686798e-02
-2.033805847167968750e-02 6.152454763650894165e-03 1.500779390335083008e-02
-1.462745666503906250e-02 -5.069449543952941895e-03 3.913074731826782227e-02
1.146793365478515625e-03 -5.030944943428039551e-03 -1.369786262512207031e-02
3.914201259613037109e-02 -8.983537554740905762e-04 -3.065538406372070312e-02
2.103686332702636719e-03 7.116053253412246704e-03 8.162760734558105469e-02
-1.290891170501708984e-01 3.634184598922729492e-03 9.326159954071044922e-03
2.103924751281738281e-03 -6.847072392702102661e-03 7.591724395751953125e-03
2.961742877960205078e-02 7.284030318260192871e-03 6.189125776290893555e-02
5.572712421417236328e-02 -2.063986659049987793e-02 -2.153635025024414062e-03
4.972171783447265625e-02 1.294426620006561279e-03 1.370131969451904297e-03
-2.571582794189453125e-03 -2.390742301940917969e-04 1.094049215316772461e-02
6.417584419250488281e-02 4.403658211231231689e-03 4.895514249801635742e-02
-4.058218002319335938e-02 2.967536449432373047e-03 -8.673191070556640625e-03
2.292990684509277344e-03 3.227569162845611572e-03 -3.446996212005615234e-03
-3.594374656677246094e-02 1.010408252477645874e-02 -1.823306083679199219e-03
2.741336822509765625e-02 -1.713851839303970337e-02 3.807365894317626953e-02
-7.288992404937744141e-02 1.057330891489982605e-02 1.227480173110961914e-02
-1.587963104248046875e-02 -2.447050064802169800e-03 6.650328636169433594e-03
-6.448233127593994141e-02 5.988352000713348389e-03 1.617789268493652344e-02
-2.673035860061645508e-02 1.241532713174819946e-02 5.555284023284912109e-02
-9.175485372543334961e-02 6.839497014880180359e-03 2.856731414794921875e-02
2.211284637451171875e-02 -1.382380723953247070e-03 7.617715001106262207e-02
-1.131832599639892578e-03 4.606783390045166016e-03 6.070509552955627441e-02
3.819805383682250977e-02 7.241301238536834717e-03 6.452441215515136719e-03
-2.789902687072753906e-02 -1.559428870677947998e-03 -1.002377271652221680e-02
-7.509410381317138672e-03 -6.046727299690246582e-03 9.353280067443847656e-03
7.246613502502441406e-03 6.958536803722381592e-03 7.877928018569946289e-02
-5.442512035369873047e-02 3.173157572746276855e-03 -6.666439771652221680e-02
5.067032575607299805e-02 -1.794770359992980957e-03 1.980048418045043945e-02
4.407250881195068359e-02 1.826176792383193970e-02 5.529743432998657227e-02
-1.341044902801513672e-02 -5.313031375408172607e-03 4.572749137878417969e-03
-3.060811758041381836e-02 -1.942910254001617432e-03 -1.362210512161254883e-02
-1.434904336929321289e-02 3.607355058193206787e-03 -7.160365581512451172e-03
6.060123443603515625e-03 -8.045434951782226562e-04 -1.335847377777099609e-02
9.289324283599853516e-03 -3.683887422084808350e-03 4.513442516326904297e-03
-4.203796386718750000e-03 -3.095619380474090576e-03 3.294056653976440430e-02
-4.684805870056152344e-03 3.817386925220489502e-03 3.201913833618164062e-02
-7.435142993927001953e-03 -2.471648156642913818e-03 8.114457130432128906e-03
-1.411688327789306641e-02 6.418660283088684082e-03 -1.853024959564208984e-02
-1.617670059204101562e-04 -1.790392398834228516e-02 3.534430265426635742e-02
1.072382926940917969e-02 6.388992071151733398e-03 -5.237191915512084961e-02
1.439934968948364258e-02 -1.254379749298095703e-04 -1.304525136947631836e-02
5.469143390655517578e-03 -1.038618385791778564e-02 -1.455789804458618164e-02
-6.165504455566406250e-04 2.683885395526885986e-03 -1.453018188476562500e-02
1.854830980300903320e-02 6.488636136054992676e-04 -5.843639373779296875e-04
5.797773599624633789e-02 -6.049610674381256104e-03 -3.991055488586425781e-02
-6.027442216873168945e-02 6.155431270599365234e-03 1.131878495216369629e-01
-1.733452081680297852e-02 3.595411777496337891e-03 2.506303787231445312e-02
5.204379558563232422e-02 -5.840413272380828857e-03 1.651877164840698242e-02
-2.666050195693969727e-02 -3.830939531326293945e-03 3.213489055633544922e-02
-8.451044559478759766e-03 3.809347748756408691e-03 -3.090071678161621094e-02
-1.375108957290649414e-02 -4.179626703262329102e-03 -7.819592952728271484e-03
-1.285910606384277344e-03 8.903153240680694580e-03 -4.103672504425048828e-02
1.096040010452270508e-02 -8.224889636039733887e-03 -4.342967271804809570e-02
-1.090263128280639648e-01 1.364573836326599121e-03 -9.773689508438110352e-02
-1.727019548416137695e-01 9.485937654972076416e-03 -4.042515158653259277e-02
1.241093873977661133e-02 5.835741758346557617e-04 1.648843288421630859e-03
7.382601499557495117e-02 -2.008184790611267090e-03 3.858211636543273926e-02
-9.520530700683593750e-03 -1.407057046890258789e-03 -4.021149873733520508e-02
-9.204983711242675781e-03 -5.778782069683074951e-04 1.904785633087158203e-02
-3.273218870162963867e-02 1.441229134798049927e-03 -7.802587747573852539e-02
4.419785737991333008e-02 -7.890392094850540161e-03 1.219916343688964844e-02
3.221023082733154297e-02 -3.367774188518524170e-04 -3.821986913681030273e-02
-5.227130651473999023e-02 9.076829999685287476e-03 5.030328035354614258e-02
-6.462442874908447266e-02 -2.305980771780014038e-03 -4.951640963554382324e-02
3.620302677154541016e-02 2.823039889335632324e-03 2.765718102455139160e-02
1.326477527618408203e-02 1.583919301629066467e-02 -4.879629611968994141e-02
1.185268163681030273e-02 -1.595716923475265503e-03 -3.737246990203857422e-02
5.898302793502807617e-02 -8.576117455959320068e-03 2.320903539657592773e-02
4.676407575607299805e-02 -6.474018096923828125e-03 -4.196876287460327148e-02
-1.172887682914733887e-01 9.031377732753753662e-03 -4.975527524948120117e-02
-1.441884040832519531e-02 -2.648845314979553223e-03 -3.571116924285888672e-02
1.142662763595581055e-02 -7.428973913192749023e-05 -1.721376180648803711e-02
-3.454804420471191406e-03 2.435259521007537842e-03 -7.404208183288574219e-03
5.500066280364990234e-02 -5.168117582798004150e-03 -2.891951799392700195e-02
1.135224103927612305e-02 -9.906716644763946533e-03 7.554233074188232422e-03
3.404921293258666992e-02 -5.581475794315338135e-03 -3.719878196716308594e-02
-9.238362312316894531e-03 1.242866367101669312e-02 1.861482858657836914e-02
3.996211290359497070e-02 -9.841121733188629150e-03 -5.389505624771118164e-02
-5.689471960067749023e-02 5.557172000408172607e-03 2.760130167007446289e-02
-8.845388889312744141e-03 1.695834100246429443e-03 -9.005546569824218750e-03
1.587804555892944336e-01 -6.197504699230194092e-03 3.485679626464843750e-02
-1.268696784973144531e-02 -3.744512796401977539e-03 -4.278999567031860352e-02
6.661546230316162109e-02 -7.856041193008422852e-03 -6.369113922119140625e-02
1.078120470046997070e-01 6.056003272533416748e-03 -1.300555467605590820e-02
-4.959839582443237305e-02 -8.814631029963493347e-03 -4.255366325378417969e-02
1.542997360229492188e-02 5.061844363808631897e-03 -1.777905225753784180e-02
8.812075853347778320e-02 5.147952586412429810e-03 -1.740092039108276367e-02
1.708203554153442383e-02 6.447710096836090088e-03 -1.601189374923706055e-02
8.786833286285400391e-02 -1.663215458393096924e-03 9.617865085601806641e-03
3.155066967010498047e-01 2.259284257888793945e-03 -4.305037856101989746e-02
-3.504637479782104492e-01 -1.498736999928951263e-02 1.100104153156280518e-01
3.288185596466064453e-02 -1.321474462747573853e-02 1.734107732772827148e-02
2.812445163726806641e-02 1.369792781770229340e-02 4.892468452453613281e-03
8.478164672851562500e-03 1.829817891120910645e-03 -1.068357825279235840e-01
1.936560869216918945e-01 -2.621697448194026947e-02 -8.527672290802001953e-02
-1.604229211807250977e-01 3.127373754978179932e-03 8.035194873809814453e-02
9.811127185821533203e-02 6.318822503089904785e-03 -5.489611625671386719e-02
-2.755255699157714844e-01 1.804271899163722992e-02 9.301036596298217773e-02
-2.452802658081054688e-02 6.819225847721099854e-03 1.959192752838134766e-02
-7.734262943267822266e-02 -1.038424484431743622e-02 4.846316576004028320e-02
6.116926670074462891e-03 -5.181573331356048584e-03 1.741993427276611328e-02
-6.022930145263671875e-03 -9.358100593090057373e-03 -1.087718605995178223e-01
-4.696911573410034180e-02 1.017888635396957397e-02 4.344499111175537109e-02
-2.574342489242553711e-02 3.110319375991821289e-04 4.295110702514648438e-04
-4.793012142181396484e-02 7.419427856802940369e-03 -4.417639970779418945e-02
-5.804044008255004883e-02 7.612250745296478271e-03 1.121401786804199219e-03
9.027498960494995117e-02 -2.794422209262847900e-03 1.575654745101928711e-02
-3.564053773880004883e-02 8.657917380332946777e-03 -4.545414447784423828e-02
-2.990490198135375977e-02 -1.063533127307891846e-03 8.468741178512573242e-02
3.526842594146728516e-02 4.011359065771102905e-03 -4.647779464721679688e-02
-1.922208070755004883e-02 -4.505718126893043518e-03 2.591478824615478516e-02
-2.211099863052368164e-02 2.165917493402957916e-02 -3.934264183044433594e-02
-7.722949981689453125e-02 -8.825063705444335938e-04 -2.925133705139160156e-02
6.479686498641967773e-02 -1.297825947403907776e-02 2.288925647735595703e-02
2.120912075042724609e-03 1.608002185821533203e-02 -2.807182073593139648e-02
-4.357910156250000000e-02 -4.140838980674743652e-03 2.636671066284179688e-02
4.769331216812133789e-02 1.009487360715866089e-02 -9.082484245300292969e-02
4.590278863906860352e-02 -8.233189582824707031e-04 3.187346458435058594e-02
-1.809549331665039062e-02 -1.421226561069488525e-02 8.321493864059448242e-02
1.680725812911987305e-02 -8.089467883110046387e-03 1.166969537734985352e-02
-1.157486438751220703e-02 -2.199769020080566406e-03 -5.908179283142089844e-02
-5.378198623657226562e-02 9.279042482376098633e-03 1.309567689895629883e-02
-1.082544326782226562e-01 1.839904114603996277e-03 -4.916512966156005859e-02
2.065974473953247070e-02 -1.204524561762809753e-02 4.903173446655273438e-02
6.145054101943969727e-02 -2.908913418650627136e-03 3.646600246429443359e-02
1.090052127838134766e-01 -7.081050425767898560e-03 2.577888965606689453e-02
-4.757589101791381836e-02 4.215326160192489624e-03 -2.748906612396240234e-03
3.976982831954956055e-02 -3.133196383714675903e-03 -1.936852931976318359e-03
9.289503097534179688e-02 -7.209407165646553040e-03 -2.985012531280517578e-02
-7.291907072067260742e-02 6.050558760762214661e-03 4.355430603027343750e-02
3.685736656188964844e-02 -3.640042617917060852e-03 -1.019737720489501953e-01
-1.656014323234558105e-01 1.225651614367961884e-02 3.046321868896484375e-02
1.869639754295349121e-01 -1.811693795025348663e-02 -5.730199813842773438e-02
3.907859325408935547e-03 1.200795732438564301e-02 6.649816036224365234e-02
3.857737779617309570e-02 7.008671760559082031e-03 -5.318063497543334961e-02
2.290558815002441406e-02 -1.695998013019561768e-03 4.448097944259643555e-02
4.896777868270874023e-02 -9.337868541479110718e-03 -5.537122488021850586e-02
-1.910740137100219727e-02 3.122564405202865601e-03 -3.831183910369873047e-02
4.221200942993164062e-02 -1.013511978089809418e-02 -1.458275318145751953e-02
6.489974260330200195e-02 2.972690388560295105e-03 7.249271869659423828e-02
-2.748358249664306641e-02 -9.116319939494132996e-03 4.061019420623779297e-02
-4.221266508102416992e-02 4.544019699096679688e-03 -6.031793355941772461e-02
2.660125494003295898e-02 -7.860846817493438721e-03 9.596943855285644531e-03
1.551270484924316406e-03 4.555284976959228516e-03 -2.443921566009521484e-02
1.094373464584350586e-01 2.603828907012939453e-04 -4.409611225128173828e-03
-1.245799064636230469e-01 2.190475724637508392e-02 4.040580987930297852e-02
1.677036285400390625e-03 -1.800329051911830902e-02 1.348197460174560547e-03
-7.332503795623779297e-03 2.181469462811946869e-02 -3.306514024734497070e-02
3.585559129714965820e-02 6.579712033271789551e-03 2.780097723007202148e-02
4.959630966186523438e-02 -1.806895434856414795e-02 -9.657716751098632812e-02
9.785234928131103516e-02 -1.562221907079219818e-02 1.022651791572570801e-01
2.742373943328857422e-02 -1.780915260314941406e-02 -1.741683483123779297e-02
-7.641065120697021484e-02 1.356953382492065430e-02 1.019819974899291992e-01
-1.574019193649291992e-01 1.413020305335521698e-02 -8.145391941070556641e-02
-1.286876201629638672e-02 -9.979357942938804626e-03 -6.671488285064697266e-03
3.068637847900390625e-02 6.330234929919242859e-03 1.407843828201293945e-02
-2.222973108291625977e-02 8.007057011127471924e-03 -6.833308935165405273e-02
-5.135852098464965820e-02 1.538897305727005005e-02 -4.987895488739013672e-02
-1.297575235366821289e-02 -1.456302590668201447e-03 4.644268751144409180e-02
-2.070713043212890625e-02 -5.169345997273921967e-03 9.649813175201416016e-03
8.975559473037719727e-02 -5.375541746616363525e-03 -2.522557973861694336e-02
6.060421466827392578e-03 -2.545122243463993073e-02 -5.833506584167480469e-04
1.812171936035156250e-02 -3.791309893131256104e-03 -2.370560169219970703e-02
-6.101298332214355469e-02 8.533135056495666504e-03 2.629017829895019531e-02
3.858745098114013672e-03 5.416899919509887695e-03 -1.303553581237792969e-04
-8.469849824905395508e-02 2.192802913486957550e-02 -5.723422765731811523e-02
2.197808027267456055e-02 1.515639200806617737e-02 4.191398620605468750e-04
-3.395140171051025391e-02 -6.956167519092559814e-03 6.178599596023559570e-02
1.169550418853759766e-02 -5.512192845344543457e-03 -4.216820001602172852e-02
4.721921682357788086e-02 7.846951484680175781e-05 3.196436166763305664e-02
1.373666524887084961e-02 5.104973912239074707e-03 1.207166314125061035e-01
1.958179473876953125e-02 -2.958424389362335205e-03 -1.130829453468322754e-01
-7.086527347564697266e-02 -1.395046710968017578e-02 -1.549327373504638672e-02
2.695137262344360352e-02 3.844581544399261475e-03 7.612520456314086914e-02
-6.586545705795288086e-02 -1.521032862365245819e-02 6.341016292572021484e-02
8.577334880828857422e-02 6.979702040553092957e-03 2.818727493286132812e-02
5.506658554077148438e-02 -1.678258180618286133e-03 -2.843153476715087891e-02
-4.347109794616699219e-02 -1.094003580510616302e-02 -3.779309988021850586e-02
8.495867252349853516e-02 5.500938743352890015e-03 -4.767048358917236328e-02
-4.236352443695068359e-02 -3.837700933218002319e-03 6.346857547760009766e-02
-4.005503654479980469e-02 2.324400842189788818e-02 -4.028564691543579102e-02
4.498863220214843750e-02 -9.400800801813602448e-03 2.848911285400390625e-02
-6.202626228332519531e-02 -3.615820780396461487e-03 -3.807860612869262695e-02
-5.947637557983398438e-02 1.249262224882841110e-02 -4.279977083206176758e-02
7.846653461456298828e-02 -9.395164437592029572e-03 3.189939260482788086e-02
-3.557598590850830078e-02 4.945332184433937073e-03 3.297525644302368164e-02
4.480355978012084961e-02 -1.433238200843334198e-02 8.542835712432861328e-03
9.444952011108398438e-03 1.279457844793796539e-02 -3.588742017745971680e-02
5.153578519821166992e-02 1.083687692880630493e-02 1.544058322906494141e-03
-9.339380264282226562e-02 -7.205050438642501831e-03 6.113135814666748047e-02
3.222703933715820312e-03 -4.685588181018829346e-03 4.183459281921386719e-02
-1.492476463317871094e-02 5.608573555946350098e-04 -3.766721487045288086e-02
5.420088768005371094e-03 6.163842976093292236e-03 1.660358905792236328e-02
-2.932703495025634766e-02 -1.739326864480972290e-03 9.158372879028320312e-03
3.419929742813110352e-02 -9.841714054346084595e-03 3.246754407882690430e-02
-1.245832443237304688e-02 4.977107048034667969e-03 -3.063648939132690430e-02
-2.675503492355346680e-02 -2.061240375041961670e-03 9.324967861175537109e-03
-2.481043338775634766e-02 -1.339569687843322754e-03 -6.669342517852783203e-03
-3.219348192214965820e-02 5.224868655204772949e-03 4.519736766815185547e-02
1.062756180763244629e-01 -2.875465899705886841e-03 1.670360565185546875e-03
-2.374255657196044922e-02 -1.250335760414600372e-02 -1.631098985671997070e-02
2.842903137207031250e-03 -1.563884317874908447e-03 -3.620928525924682617e-02
-5.064374208450317383e-02 2.026874572038650513e-03 -3.117400407791137695e-02
5.268353223800659180e-02 -7.588371634483337402e-03 -7.253235578536987305e-02
-4.796034097671508789e-02 8.736781775951385498e-03 7.441461086273193359e-03
1.071322560310363770e-01 -1.836745813488960266e-02 -5.680370330810546875e-02
-4.837787151336669922e-02 5.568116903305053711e-04 -7.266008853912353516e-02
-1.037658452987670898e-01 5.640089511871337891e-04 4.718238115310668945e-02
-3.384602069854736328e-02 -1.629204303026199341e-02 -6.404209136962890625e-02
1.139174103736877441e-01 -9.079352021217346191e-04 -1.065158247947692871e-01
-9.909993410110473633e-02 2.396703138947486877e-02 4.444545507431030273e-02
-1.272041201591491699e-01 9.287483990192413330e-04 -5.787879228591918945e-03
5.157971382141113281e-02 -1.161708682775497437e-02 -3.017821907997131348e-02
-1.358331441879272461e-01 -3.890164196491241455e-03 -1.523613929748535156e-03
-1.745097637176513672e-01 9.816162288188934326e-03 5.372464656829833984e-04
6.006914377212524414e-02 2.805103175342082977e-02 -1.264857351779937744e-01
-7.657980918884277344e-02 -1.460888050496578217e-02 -1.992559432983398438e-02
-1.220711469650268555e-01 2.246984094381332397e-02 -3.141683340072631836e-02
9.439247846603393555e-02 6.929133087396621704e-05 -1.099545955657958984e-01
-3.109639883041381836e-02 -5.391623824834823608e-03 4.208248853683471680e-02
2.885025739669799805e-02 1.765769720077514648e-02 -1.110200285911560059e-01
-1.701815873384475708e-01 8.106291294097900391e-03 1.412941813468933105e-01
1.352053880691528320e-02 -2.642296627163887024e-02 -8.456420898437500000e-02
-8.346316218376159668e-02 2.046070806682109833e-02 -1.510930061340332031e-01
-1.017578840255737305e-01 1.165804825723171234e-02 1.244235038757324219e-01
-3.992509841918945312e-02 -1.422522589564323425e-02 -4.255652427673339844e-02
-1.452004909515380859e-02 -1.466040126979351044e-02 1.022759675979614258e-01
-2.120125293731689453e-02 3.228557109832763672e-02 2.826094627380371094e-02
-5.323290824890136719e-02 -7.906693965196609497e-03 -1.200594305992126465e-01
-5.075573921203613281e-03 1.896597817540168762e-02 -1.223255991935729980e-01
-8.927500247955322266e-02 5.131045356392860413e-03 1.700639724731445312e-03
-8.188541233539581299e-02 7.057562470436096191e-03 1.453911066055297852e-01
5.888171494007110596e-02 -2.420398034155368805e-02 -1.318236589431762695e-01
-6.517942249774932861e-02 1.676619239151477814e-02 1.194770336151123047e-01
-9.533435106277465820e-02 -2.055104263126850128e-02 1.736557483673095703e-02
7.299548387527465820e-02 1.587139442563056946e-03 -2.485239505767822266e-02
-7.454854249954223633e-02 -6.868964061141014099e-03 -9.405469894409179688e-02
9.069085121154785156e-03 2.705503255128860474e-03 -3.057718276977539062e-03
1.707118749618530273e-02 -8.238729089498519897e-03 1.565175056457519531e-01
-1.821607351303100586e-02 -1.441109925508499146e-03 1.684309840202331543e-01
-1.000083088874816895e-01 1.800408959388732910e-02 6.623208522796630859e-03
4.857540130615234375e-02 -1.783528737723827362e-02 -3.235924243927001953e-02
1.097177267074584961e-01 1.310805417597293854e-02 9.309327602386474609e-02
-3.368943929672241211e-02 3.005880862474441528e-03 8.001410961151123047e-02
-4.063057899475097656e-02 -3.821738064289093018e-03 -8.524966239929199219e-02
-8.804440498352050781e-02 -2.233130857348442078e-03 3.071665763854980469e-03
-1.269435882568359375e-02 6.547426804900169373e-03 1.011772751808166504e-01
-5.897551774978637695e-02 1.593662239611148834e-02 4.084998369216918945e-02
5.899441242218017578e-02 -5.400227382779121399e-03 -4.373079538345336914e-02
-2.104860544204711914e-02 -6.004929542541503906e-03 1.866668462753295898e-02
-8.988732099533081055e-02 1.400068588554859161e-02 -4.402616620063781738e-02
-1.687393784523010254e-01 -1.382791437208652496e-02 3.187543153762817383e-02
-1.510196924209594727e-02 -2.880282700061798096e-04 -2.129137217998504639e-01
-5.261522531509399414e-02 4.964370280504226685e-03 2.506906688213348389e-01
4.989546537399291992e-02 7.713200524449348450e-03 -1.088211834430694580e-01
5.985319614410400391e-02 -4.261894151568412781e-03 -8.691883087158203125e-02
1.336455345153808594e-03 1.232649199664592743e-02 6.071257591247558594e-02
-1.426541805267333984e-02 1.321740448474884033e-03 -4.164576530456542969e-02
2.679860591888427734e-02 2.845771610736846924e-03 -4.868870973587036133e-02
-6.974405050277709961e-02 9.411133825778961182e-03 1.619915366172790527e-01
5.443871021270751953e-03 -1.172888278961181641e-02 1.483762264251708984e-02
-4.345178604125976562e-03 6.372503936290740967e-03 -7.499033212661743164e-02
3.670352697372436523e-02 6.758034229278564453e-03 -8.045732975006103516e-04
1.674741506576538086e-02 -3.049522638320922852e-05 -2.735742926597595215e-02
3.749930858612060547e-02 3.593236207962036133e-03 4.999530315399169922e-02
1.810085773468017578e-02 4.061669111251831055e-03 7.956528663635253906e-02
1.151186227798461914e-02 -4.972018301486968994e-03 -1.016645431518554688e-01
-2.635639905929565430e-02 1.270114630460739136e-02 1.745764613151550293e-01
-1.469379663467407227e-02 -1.629680395126342773e-03 -6.233519315719604492e-02
-2.491134405136108398e-02 -4.191301763057708740e-03 1.506322622299194336e-02
-9.085297584533691406e-03 -5.157276988029479980e-03 7.773995399475097656e-03
-4.318737983703613281e-02 -2.549603581428527832e-03 -1.117360591888427734e-02
1.167842149734497070e-01 8.328184485435485840e-03 -3.693488240242004395e-02
-3.076153993606567383e-02 -1.403473317623138428e-02 -9.073546528816223145e-02
4.528254270553588867e-02 -1.726287603378295898e-02 1.635896265506744385e-01
2.071493864059448242e-02 1.204144954681396484e-02 -3.146797418594360352e-02
-2.414733171463012695e-02 -1.403505355119705200e-02 -2.514681220054626465e-02
-1.772898435592651367e-02 1.982364803552627563e-02 3.610384464263916016e-02
9.164810180664062500e-04 -8.801892399787902832e-04 -5.864158272743225098e-02
8.413535356521606445e-02 -6.374120712280273438e-04 -9.038904309272766113e-02
-4.318356513977050781e-02 4.090003669261932373e-03 -9.530782699584960938e-03
-3.160393238067626953e-02 1.635062694549560547e-02 2.031339406967163086e-01
-2.942478656768798828e-02 -1.186013221740722656e-03 5.039551854133605957e-02
-3.617167472839355469e-03 2.569258213043212891e-04 -2.018103003501892090e-02
9.055662155151367188e-02 1.064109057188034058e-02 -1.040602922439575195e-01
-1.044034957885742188e-03 -5.830839276313781738e-03 -4.350644350051879883e-02
1.917093992233276367e-02 -2.244656533002853394e-02 4.208108782768249512e-02
-1.047087311744689941e-01 -1.241503655910491943e-02 9.519740939140319824e-02
1.383737325668334961e-01 2.673394978046417236e-03 -5.507144331932067871e-02
6.125092506408691406e-02 6.972908973693847656e-03 -8.187785744667053223e-02
7.826668024063110352e-02 -1.099988818168640137e-03 -7.580846548080444336e-03
5.372256040573120117e-02 -1.059225946664810181e-02 6.520909070968627930e-02
1.331024914979934692e-01 -1.261254586279392242e-02 -9.273555874824523926e-02
-1.969085484743118286e-01 -1.627857238054275513e-02 1.080355048179626465e-01
-3.224748373031616211e-02 6.634201854467391968e-03 -3.044039011001586914e-03
5.975627899169921875e-02 -3.521822020411491394e-02 -4.945471882820129395e-02
-3.728806972503662109e-02 4.755193740129470825e-02 6.707453727722167969e-02
7.619857788085937500e-03 -9.043700993061065674e-03 3.962552547454833984e-02
-8.458036184310913086e-02 3.172606229782104492e-03 -2.758133411407470703e-02
2.024364471435546875e-02 -1.189848408102989197e-02 -3.168666362762451172e-02
3.684920072555541992e-02 1.736484095454216003e-02 3.254348039627075195e-02
1.025748252868652344e-02 6.610834971070289612e-03 -1.429471373558044434e-02
-7.767385244369506836e-02 -6.493063643574714661e-03 -3.701439499855041504e-02
3.178262710571289062e-02 8.613394573330879211e-03 2.900701761245727539e-02
-8.898615837097167969e-03 1.384250819683074951e-02 3.540208935737609863e-02
-7.295131683349609375e-03 -4.884548485279083252e-03 -3.711837530136108398e-02
-3.327488899230957031e-02 -8.354879915714263916e-03 1.749175786972045898e-02
6.022393703460693359e-03 -4.473082721233367920e-03 -1.456263661384582520e-02
-4.963660240173339844e-02 2.733081579208374023e-03 1.611322164535522461e-03
-2.739924192428588867e-02 7.100105285644531250e-04 9.586811065673828125e-04
5.912697315216064453e-02 -1.915112137794494629e-03 -7.646650075912475586e-03
-3.531289100646972656e-02 -1.820400357246398926e-03 1.573050022125244141e-02
-6.496119499206542969e-02 3.097347915172576904e-03 1.131254434585571289e-02
6.457829475402832031e-02 1.153881102800369263e-02 2.033630013465881348e-02
6.756210327148437500e-02 -9.030066430568695068e-03 -2.239295840263366699e-02
6.121480464935302734e-02 -2.883195877075195312e-03 -2.089965343475341797e-02
2.524650096893310547e-02 -4.638507962226867676e-04 -8.193939924240112305e-03
9.599208831787109375e-03 -5.903089419007301331e-03 -1.508995890617370605e-02
-8.886158466339111328e-03 -2.384569495916366577e-03 -9.095668792724609375e-03
2.628844976425170898e-02 -9.744986891746520996e-05 9.072601795196533203e-03
2.498203516006469727e-02 -3.685407340526580811e-03 9.177684783935546875e-03
-8.864557743072509766e-02 4.900384694337844849e-03 2.108943462371826172e-02
-2.735018730163574219e-03 5.979483947157859802e-03 2.308037877082824707e-02
1.369953155517578125e-03 1.570902764797210693e-03 5.661875009536743164e-03
-3.873455524444580078e-02 2.970591187477111816e-03 1.478409767150878906e-02
4.665428400039672852e-02 -3.085479140281677246e-03 -1.730805635452270508e-02
2.313017845153808594e-03 3.932677209377288818e-03 7.412314414978027344e-03
-1.508241891860961914e-02 1.026927679777145386e-02 7.957309484481811523e-03
-8.029079437255859375e-02 -3.058642148971557617e-03 6.926029920578002930e-03
7.007342576980590820e-02 -4.563666880130767822e-03 2.936938405036926270e-02
6.145250797271728516e-02 -6.795778870582580566e-03 -1.432237029075622559e-02
-2.557921409606933594e-02 7.369980216026306152e-03 -2.536952495574951172e-03
-1.390022039413452148e-02 -7.768422365188598633e-04 -3.091782331466674805e-02
-6.472754478454589844e-02 5.118831992149353027e-03 9.449064731597900391e-03
-7.067918777465820312e-03 -4.234917461872100830e-03 -6.423890590667724609e-03
-2.489334344863891602e-02 -1.659512519836425781e-03 -1.307749748229980469e-02
2.535790205001831055e-02 -1.937180757522583008e-03 -8.154243230819702148e-03
1.879733800888061523e-02 -1.999296247959136963e-03 1.155939698219299316e-02
-3.657877445220947266e-03 4.215575754642486572e-03 -9.532362222671508789e-03
-6.897628307342529297e-03 -9.213238954544067383e-04 -1.411566138267517090e-02
-2.993786334991455078e-02 2.370230853557586670e-03 2.306079864501953125e-02
-3.221148252487182617e-02 5.266740918159484863e-04 -3.079742193222045898e-03
-2.213615179061889648e-02 2.409927546977996826e-03 7.461607456207275391e-04
2.934992313385009766e-02 -3.093086183071136475e-03 1.080876588821411133e-02
-2.383887767791748047e-02 3.924094140529632568e-03 -5.440130829811096191e-02
1.940345764160156250e-02 1.433789730072021484e-03 -7.286405563354492188e-02
4.417896270751953125e-03 -5.197905004024505615e-03 1.673340797424316406e-02
-1.858043670654296875e-02 -1.985646784305572510e-03 7.515102624893188477e-03
2.379560470581054688e-02 -8.139982819557189941e-04 8.136928081512451172e-04
-6.429266929626464844e-02 -3.415048122406005859e-04 4.171589016914367676e-02
-6.015658378601074219e-03 9.162202477455139160e-04 -1.568797230720520020e-02
1.981431245803833008e-02 6.952360272407531738e-03 3.643712401390075684e-02
1.360309123992919922e-02 -4.686944186687469482e-03 -3.270277380943298340e-02
-7.523459196090698242e-02 -1.133069396018981934e-03 -1.703503727912902832e-02
-6.988227367401123047e-03 -1.057362556457519531e-02 5.045408010482788086e-02
-1.460045576095581055e-02 -2.503061667084693909e-03 -2.168643474578857422e-02
1.645076274871826172e-02 1.300680078566074371e-02 4.492259025573730469e-02
-1.068782806396484375e-02 2.864189445972442627e-03 2.901226282119750977e-03
-7.028001546859741211e-02 4.403814673423767090e-03 -1.413559913635253906e-02
-9.431183338165283203e-03 -1.129828393459320068e-03 -1.516056060791015625e-02
5.629271268844604492e-02 -3.118641674518585205e-03 -7.059103250503540039e-02
5.698984861373901367e-02 5.290672183036804199e-03 -4.672718048095703125e-02
9.366273880004882812e-02 -1.719979196786880493e-02 5.776649713516235352e-02
-2.698266506195068359e-02 5.323074758052825928e-03 -4.929372668266296387e-02
-4.330068826675415039e-02 7.589280605316162109e-03 3.550776839256286621e-02
8.682495355606079102e-02 -7.262922823429107666e-03 -1.292893588542938232e-01
-6.211400032043457031e-03 -2.035866118967533112e-02 -7.658839225769042969e-03
-2.322745323181152344e-02 1.475540734827518463e-02 6.139039993286132812e-02
1.881211996078491211e-02 -8.083656430244445801e-04 4.527628421783447266e-02
4.589480161666870117e-02 2.380028367042541504e-03 -2.089884877204895020e-02
4.008412361145019531e-03 -1.624761335551738739e-02 1.118457317352294922e-02
-6.782305240631103516e-02 2.311301045119762421e-02 -4.482838511466979980e-02
2.832984924316406250e-02 1.334494352340698242e-02 -6.431716680526733398e-02
-6.949901580810546875e-03 -3.983229398727416992e-03 4.605227708816528320e-02
4.010677337646484375e-03 3.214925527572631836e-03 -1.118901968002319336e-01
-2.783763408660888672e-02 6.113618612289428711e-03 5.186367034912109375e-02
2.146238088607788086e-02 1.039654016494750977e-03 2.595186233520507812e-02
2.330791950225830078e-02 -1.328746974468231201e-02 -9.158188104629516602e-02
-1.089221239089965820e-02 3.438815474510192871e-03 9.075158834457397461e-02
2.404820919036865234e-02 2.183914184570312500e-04 1.672887802124023438e-02
1.344525814056396484e-02 8.351430296897888184e-04 1.453554630279541016e-02
4.036539793014526367e-02 2.717301249504089355e-04 -2.905614376068115234e-01
-2.584916353225708008e-02 4.875659942626953125e-03 -6.616556644439697266e-02
-7.957506179809570312e-02 -7.321946322917938232e-03 1.013330221176147461e-01
6.923007965087890625e-02 -5.591437220573425293e-03 -2.959609031677246094e-03
6.672477722167968750e-02 -7.687248289585113525e-03 5.444824695587158203e-02
8.520901203155517578e-03 1.018260419368743896e-02 2.545434236526489258e-02
-9.243190288543701172e-03 2.904497087001800537e-03 -3.953677415847778320e-02
3.321707248687744141e-03 -1.370890438556671143e-02 2.054194808006286621e-01
-4.756748676300048828e-03 -4.568390548229217529e-03 -2.195058465003967285e-01
-1.065862178802490234e-02 -4.418881610035896301e-03 8.377939462661743164e-02
1.969218254089355469e-03 1.282371021807193756e-02 1.375752091407775879e-01
3.572398424148559570e-02 -7.312208414077758789e-03 -8.858382701873779297e-03
1.896488666534423828e-02 -6.439084187150001526e-03 -1.508310437202453613e-01
-6.687659025192260742e-02 -2.014152705669403076e-03 9.788191318511962891e-02
2.131825685501098633e-02 9.287396445870399475e-03 -1.263930797576904297e-01
-2.226561307907104492e-02 2.875059843063354492e-03 2.857887744903564453e-02
-3.338932991027832031e-03 2.667978405952453613e-04 6.906640529632568359e-02
5.620491504669189453e-02 -1.206033490598201752e-02 2.570773959159851074e-01
8.625125885009765625e-02 1.349229924380779266e-02 -1.001101732254028320e-02
-7.042139768600463867e-02 -7.737869396805763245e-03 -2.237704396247863770e-02
-5.389434099197387695e-02 -1.908591389656066895e-02 -1.073519885540008545e-01
2.977925539016723633e-02 3.133285790681838989e-04 -1.867079734802246094e-01
-8.233577013015747070e-02 -2.823205664753913879e-03 7.144671678543090820e-02
3.692054748535156250e-02 7.743071764707565308e-03 -7.732719182968139648e-02
-9.483909606933593750e-02 2.108003012835979462e-02 1.011893153190612793e-01
-2.117872238159179688e-02 -1.245170831680297852e-03 -7.051390409469604492e-02
-1.479393243789672852e-02 1.457491517066955566e-02 -6.192332506179809570e-02
1.584929227828979492e-02 2.040047198534011841e-02 8.925199508666992188e-04
-1.490682363510131836e-02 -6.263993680477142334e-03 -5.405902862548828125e-03
1.516520977020263672e-03 1.363242417573928833e-02 9.796285629272460938e-02
1.730477809906005859e-02 -2.274565398693084717e-03 -7.450330257415771484e-02
-1.706618070602416992e-02 -6.245039403438568115e-03 3.397375345230102539e-02
3.580886125564575195e-02 -1.422951370477676392e-02 2.995634078979492188e-02
-1.865637302398681641e-02 3.758244216442108154e-03 1.389589905738830566e-01
3.482234477996826172e-02 6.547920405864715576e-03 -1.200781464576721191e-01
-4.885494709014892578e-03 -8.774459362030029297e-03 -7.848244905471801758e-02
3.210127353668212891e-03 3.866635262966156006e-03 4.310578107833862305e-02
-1.087975502014160156e-02 -1.069791615009307861e-03 3.684663772583007812e-02
-2.271533012390136719e-04 -1.918546855449676514e-03 9.582448005676269531e-02
-2.045392990112304688e-03 3.338396549224853516e-03 -6.825977563858032227e-02
1.993525028228759766e-02 -1.086828857660293579e-02 4.645371437072753906e-02
-1.275914907455444336e-02 -1.015642285346984863e-02 -9.530192613601684570e-02
1.211637258529663086e-02 -1.721825636923313141e-02 8.057558536529541016e-02
4.569190740585327148e-02 -1.382099837064743042e-02 -8.613371849060058594e-02
1.443439722061157227e-02 2.390906214714050293e-03 -5.512273311614990234e-02
-4.444628953933715820e-02 6.544720381498336792e-03 -2.412277460098266602e-02
2.994441986083984375e-02 4.488985985517501831e-03 -1.653009653091430664e-02
6.897193193435668945e-02 -1.217469573020935059e-03 8.483421802520751953e-02
-2.263170480728149414e-02 -1.623267494142055511e-02 -1.323429346084594727e-01
-4.089057445526123047e-02 -1.550576835870742798e-02 -6.406652927398681641e-02
-1.773321628570556641e-02 1.181443780660629272e-02 6.635189056396484375e-03
1.097530126571655273e-02 3.707857802510261536e-03 1.517313718795776367e-01
4.451990127563476562e-03 5.224678665399551392e-03 4.599052667617797852e-02
1.448094844818115234e-03 3.227807581424713135e-03 2.001982927322387695e-02
3.425133228302001953e-02 1.740437000989913940e-03 1.373171806335449219e-03
5.202889442443847656e-04 7.348034530878067017e-03 -1.811265945434570312e-02
-1.149743795394897461e-02 8.508363738656044006e-03 5.236768722534179688e-02
3.943556547164916992e-02 5.702152848243713379e-04 -9.373509883880615234e-02
1.588988304138183594e-02 -6.210813298821449280e-03 1.520842313766479492e-02
1.478493213653564453e-02 -6.379678845405578613e-03 -4.795724153518676758e-02
-4.235273599624633789e-02 1.372672803699970245e-02 -1.753711700439453125e-02
-2.841931581497192383e-02 -1.381907798349857330e-02 -4.303151369094848633e-02
-7.157862186431884766e-03 -7.509011775255203247e-03 -3.622537851333618164e-02
-1.817983388900756836e-02 5.880892276763916016e-03 -6.964206695556640625e-03
1.152324676513671875e-02 7.584989070892333984e-04 4.798173904418945312e-04
-3.214120864868164062e-03 -6.715469062328338623e-03 3.795754909515380859e-02
3.771334886550903320e-02 3.294873982667922974e-03 3.213870525360107422e-02
-4.729568958282470703e-02 -2.464788034558296204e-03 -7.839488983154296875e-02
-5.764347314834594727e-02 -6.141886115074157715e-04 1.468300819396972656e-03
-3.316473960876464844e-02 4.673084244132041931e-03 7.705193758010864258e-02
4.523652791976928711e-02 3.781892359256744385e-03 4.110616445541381836e-02
4.009354114532470703e-02 1.198542676866054535e-02 -2.293765544891357422e-03
-5.086433887481689453e-02 -5.448566749691963196e-03 -7.736974954605102539e-02
-2.473282814025878906e-02 -1.726873219013214111e-03 1.078095436096191406e-01
-4.778158664703369141e-02 -8.436292409896850586e-04 1.466643810272216797e-02
-1.548594236373901367e-02 -5.594369024038314819e-03 7.627421617507934570e-02
7.214277982711791992e-02 2.851475030183792114e-03 -5.067187547683715820e-02
3.445744514465332031e-03 5.610711872577667236e-03 1.547444164752960205e-01
3.486490249633789062e-02 7.428051903843879700e-03 -4.137888550758361816e-02
-1.752793788909912109e-02 6.669685244560241699e-04 -3.773212432861328125e-03
-2.060890197753906250e-03 -6.736041978001594543e-03 -8.615279197692871094e-02
-4.272753000259399414e-02 5.384745076298713684e-03 -9.427011013031005859e-03
-9.457749128341674805e-02 -6.812140345573425293e-04 -8.239090442657470703e-03
4.498946666717529297e-02 -8.476862683892250061e-03 9.505152702331542969e-03
-7.943844795227050781e-02 1.437121815979480743e-02 -2.202707529067993164e-02
4.537481069564819336e-02 1.314520835876464844e-03 8.903682231903076172e-03
-2.734065055847167969e-04 2.643465995788574219e-05 -8.097887039184570312e-04
5.898541212081909180e-02 -3.914408385753631592e-03 -2.059584856033325195e-02
3.371244668960571289e-02 -3.017269074916839600e-03 1.228159666061401367e-02
-3.325104713439941406e-03 2.200610935688018799e-03 7.325541973114013672e-02
-5.756533145904541016e-02 1.209733635187149048e-02 2.486348152160644531e-03
3.531336784362792969e-03 -7.688753306865692139e-03 8.298337459564208984e-03
7.492065429687500000e-03 -1.841224730014801025e-03 -6.722462177276611328e-02
1.910036802291870117e-02 -9.512985125184059143e-03 -3.512543439865112305e-02
1.629465818405151367e-02 -5.180384963750839233e-03 -3.606355190277099609e-02
1.667773723602294922e-02 3.347810357809066772e-03 5.286693572998046875e-03
6.027102470397949219e-03 -7.209144532680511475e-04 5.400300025939941406e-03
2.125209569931030273e-02 -9.030610322952270508e-03 -1.269829273223876953e-02
2.815347909927368164e-02 1.525874249637126923e-02 3.893667459487915039e-02
2.959167957305908203e-02 -8.380981162190437317e-03 1.727575063705444336e-02
9.237587451934814453e-03 8.338578045368194580e-04 -4.025673866271972656e-02
1.879221200942993164e-02 3.037832677364349365e-03 -3.437083959579467773e-02
-2.012413740158081055e-02 -2.266600728034973145e-03 -1.863700151443481445e-02
-1.228421926498413086e-02 -2.292308956384658813e-03 -2.804636955261230469e-03
-3.010153770446777344e-03 5.898378789424896240e-03 1.499980688095092773e-02
-1.211977005004882812e-02 8.789934217929840088e-04 -3.079402446746826172e-02
-2.405840158462524414e-02 -5.744840949773788452e-03 1.219809055328369141e-03
1.397281885147094727e-02 -5.641270428895950317e-03 3.544801473617553711e-02
4.550218582153320312e-04 5.088225007057189941e-04 1.485532522201538086e-02
1.283991336822509766e-02 -5.586894229054450989e-03 -4.115343093872070312e-03
-1.128572225570678711e-02 9.796911850571632385e-03 2.559411525726318359e-02
1.690340042114257812e-02 -2.212900668382644653e-03 -5.649805068969726562e-03
-6.565570831298828125e-03 1.151278614997863770e-03 -7.129311561584472656e-03
2.435982227325439453e-03 -6.760060787200927734e-04 5.931556224822998047e-03
1.576191186904907227e-02 -2.001509070396423340e-03 7.394611835479736328e-03
5.014479160308837891e-03 2.802126109600067139e-04 3.406089544296264648e-02
-2.560073137283325195e-02 1.691769808530807495e-03 -2.208226919174194336e-02
7.271945476531982422e-03 2.160899341106414795e-03 2.597510814666748047e-03
-2.495896816253662109e-02 -1.792453229427337646e-03 -2.439916133880615234e-03
1.128780841827392578e-02 -2.583116292953491211e-05 6.346464157104492188e-03
-1.013779640197753906e-02 9.887963533401489258e-04 4.181528091430664062e-02
6.662845611572265625e-03 4.028271883726119995e-03 3.719526529312133789e-02
5.429387092590332031e-03 1.167543232440948486e-04 9.492695331573486328e-03
2.667927742004394531e-02 -4.971779882907867432e-03 -1.942622661590576172e-02
-1.670157909393310547e-02 -6.465576589107513428e-03 1.732349395751953125e-02
8.095324039459228516e-03 1.349151134490966797e-04 -1.206886768341064453e-02
-1.018577814102172852e-02 2.014346420764923096e-03 2.904379367828369141e-02
-5.367755889892578125e-03 7.039304822683334351e-03 -5.853950977325439453e-03
-5.570650100708007812e-03 -8.890964090824127197e-04 8.739888668060302734e-03
2.077817916870117188e-04 -5.127489566802978516e-05 -1.721382141113281250e-04
7.685959339141845703e-03 3.189146518707275391e-04 -9.583830833435058594e-03
4.238069057464599609e-03 1.920845359563827515e-03 1.077413558959960938e-02
-1.236975193023681641e-03 1.313079148530960083e-03 -2.131706476211547852e-02
2.919065952301025391e-02 -8.159726858139038086e-04 -4.760622978210449219e-03
7.341086864471435547e-03 2.078991383314132690e-03 -2.695739269256591797e-03
-7.822513580322265625e-04 5.550719797611236572e-04 -1.500082015991210938e-02
3.770291805267333984e-03 -2.351757138967514038e-03 -7.875561714172363281e-03
-5.638003349304199219e-04 1.239981502294540405e-03 -7.403790950775146484e-03
4.720687866210937500e-05 2.984702587127685547e-05 -6.073713302612304688e-05
-5.957841873168945312e-03 5.089620128273963928e-03 3.656625747680664062e-03
-1.109242439270019531e-04 2.848356962203979492e-05 1.042485237121582031e-04
-2.700090408325195312e-05 2.892315387725830078e-05 6.836652755737304688e-05
1.680850982666015625e-04 -6.390884518623352051e-04 6.718039512634277344e-04
-1.129281520843505859e-02 2.956703305244445801e-03 3.128707408905029297e-03
-9.225606918334960938e-04 -3.581322729587554932e-03 2.603185176849365234e-02
-5.459785461425781250e-05 4.644691944122314453e-05 9.381771087646484375e-05
-5.732774734497070312e-04 -2.206156030297279358e-03 -1.960444450378417969e-02
8.752346038818359375e-03 -1.111924648284912109e-03 2.145290374755859375e-03
1.400589942932128906e-03 3.306375816464424133e-03 -9.469866752624511719e-03
1.384091377258300781e-02 -5.169415846467018127e-03 -7.090449333190917969e-03
1.271927356719970703e-02 -2.275630831718444824e-04 3.694534301757812500e-03
5.196094512939453125e-03 -3.761269152164459229e-03 -1.991623640060424805e-02
-1.280790567398071289e-02 1.099649816751480103e-03 3.435045480728149414e-02
9.354412555694580078e-03 -2.047136425971984863e-03 -2.637326717376708984e-02
-3.189170360565185547e-02 3.576453775167465210e-03 2.015256881713867188e-02
4.213213920593261719e-03 7.492788136005401611e-04 2.838617563247680664e-02
3.675580024719238281e-03 -2.596836537122726440e-03 -1.602959632873535156e-02
1.123845577239990234e-02 -1.402571797370910645e-05 1.686513423919677734e-02
-2.370345592498779297e-02 2.848792821168899536e-03 8.242905139923095703e-03
-7.228255271911621094e-04 2.369109541177749634e-03 4.553556442260742188e-03
-4.936599731445312500e-02 -2.859942615032196045e-03 3.715872764587402344e-03
5.393862724304199219e-03 3.679756075143814087e-03 -1.924204826354980469e-02
-2.219736576080322266e-03 -4.822336137294769287e-03 1.888036727905273438e-02
1.847374439239501953e-02 -6.748296320438385010e-03 1.115894317626953125e-02
2.767169475555419922e-02 -8.402224630117416382e-03 1.853233575820922852e-02
3.588622808456420898e-02 6.683465093374252319e-03 2.609091997146606445e-02
8.732497692108154297e-03 2.816960215568542480e-03 -1.137983798980712891e-02
-4.963672161102294922e-02 4.431065171957015991e-03 1.644885540008544922e-02
-6.112575531005859375e-03 -3.315433859825134277e-03 -4.050433635711669922e-02
-2.333819866180419922e-02 -5.880363285541534424e-03 -9.115219116210937500e-03
3.305888175964355469e-02 2.448461949825286865e-03 1.756578683853149414e-02
2.333521842956542969e-03 -1.138165593147277832e-03 3.115534782409667969e-04
