5.154655999999999821e-02 -2.424882999999999900e-02 1.000725000000000087e+00
1.464632000000000156e-01 -5.051622000000000057e-02 1.995659000000000072e+00
2.879204000000000208e-01 -7.903058999999999779e-02 2.986690999999999985e+00
4.657502999999999505e-01 -1.102928000000000103e-01 3.963844999999999619e+00
6.971645000000000758e-01 -1.438770000000000049e-01 4.934638999999999776e+00
9.715689000000000686e-01 -1.802237000000000144e-01 5.887650999999999968e+00
1.288079000000000196e+00 -2.184877000000000069e-01 6.826202000000000325e+00
1.651331000000000104e+00 -2.547289999999999832e-01 7.743952000000000169e+00
2.050498000000000154e+00 -2.919527999999999568e-01 8.646239999999998815e+00
2.488684999999999814e+00 -3.309236999999999873e-01 9.527391999999998973e+00
2.966291999999999707e+00 -3.697385000000000255e-01 1.038416999999999923e+01
3.483067999999999831e+00 -4.086030999999999969e-01 1.121560000000000024e+01
4.036690000000000111e+00 -4.439734999999999654e-01 1.201877999999999957e+01
4.631439000000000306e+00 -4.790226999999999680e-01 1.279006000000000043e+01
5.252124000000000237e+00 -5.136185999999999252e-01 1.353057999999999872e+01
5.913460999999999856e+00 -5.462713000000000152e-01 1.423731000000000080e+01
6.602642999999999596e+00 -5.777429000000000592e-01 1.491216000000000008e+01
7.315983000000000125e+00 -6.091555999999999083e-01 1.555482999999999905e+01
8.059654000000000096e+00 -6.362919999999999687e-01 1.615500000000000114e+01
8.824946999999999875e+00 -6.652782999999999891e-01 1.672174000000000049e+01
9.617499000000000464e+00 -6.938754999999999784e-01 1.724834999999999852e+01
1.043571999999999989e+01 -7.209801999999999600e-01 1.773582000000000036e+01
1.127338999999999913e+01 -7.448949000000000265e-01 1.818861000000000061e+01
1.213843999999999923e+01 -7.707228000000000412e-01 1.860540999999999912e+01
1.302386000000000088e+01 -7.968986999999999599e-01 1.898486000000000118e+01
1.392282000000000153e+01 -8.194983000000000128e-01 1.933529000000000053e+01
1.484567000000000192e+01 -8.398216999999998933e-01 1.965558000000000050e+01
1.578819000000000017e+01 -8.590110000000000801e-01 1.994857999999999976e+01
1.674608999999999881e+01 -8.779578999999999578e-01 2.020958999999999861e+01
1.771096000000000004e+01 -8.926427999999999585e-01 2.044290000000000163e+01
1.869073999999999813e+01 -9.066815999999998654e-01 2.064544000000000068e+01
1.969165999999999883e+01 -9.204752000000000489e-01 2.081648999999999816e+01
2.070871999999999957e+01 -9.323174000000000738e-01 2.095889999999999986e+01
2.174156999999999940e+01 -9.423524999999999263e-01 2.107450000000000045e+01
2.279076000000000235e+01 -9.484049999999999425e-01 2.116117999999999810e+01
2.385364999999999824e+01 -9.510469999999999757e-01 2.121467999999999776e+01
2.493111999999999995e+01 -9.519264999999998977e-01 2.124069000000000074e+01
2.602347999999999928e+01 -9.509505999999999792e-01 2.124027000000000243e+01
2.712722999999999729e+01 -9.489507999999999832e-01 2.121564000000000050e+01
2.824249000000000365e+01 -9.456288000000000471e-01 2.116968999999999923e+01
2.937021999999999977e+01 -9.414386000000000143e-01 2.110741000000000156e+01
3.050290999999999642e+01 -9.363594000000000639e-01 2.102959999999999852e+01
3.164195999999999742e+01 -9.296868000000000354e-01 2.093984000000000023e+01
3.278681999999999874e+01 -9.216773000000001437e-01 2.083696000000000126e+01
3.394232000000000227e+01 -9.117461999999999511e-01 2.071858999999999895e+01
3.511473000000000155e+01 -9.007200999999999125e-01 2.058532999999999902e+01
3.630912000000000006e+01 -8.891584000000001264e-01 2.043697999999999837e+01
3.752680000000000149e+01 -8.781568000000000707e-01 2.027890000000000015e+01
3.876733000000000118e+01 -8.670199000000000655e-01 2.011084999999999923e+01
4.002402999999999622e+01 -8.564478999999999287e-01 1.993252999999999986e+01
4.130550000000000210e+01 -8.460361999999999050e-01 1.974647999999999826e+01
4.260679000000000372e+01 -8.375479999999999592e-01 1.955065000000000097e+01
4.393278000000000105e+01 -8.295495999999998871e-01 1.934786000000000072e+01
4.528137000000000256e+01 -8.187902999999999709e-01 1.913752999999999815e+01
4.664849999999999852e+01 -8.059920999999999891e-01 1.892230999999999952e+01
4.803558999999999912e+01 -7.907529999999999282e-01 1.869943999999999917e+01
4.944200999999999624e+01 -7.765929999999999778e-01 1.847317999999999927e+01
5.087125000000000341e+01 -7.612088000000000187e-01 1.823994000000000071e+01
5.231634000000000384e+01 -7.488660999999999790e-01 1.800571000000000055e+01
5.378414000000000073e+01 -7.385593000000000297e-01 1.776821999999999946e+01
5.527561000000000035e+01 -7.282463999999999604e-01 1.752864999999999895e+01
5.678690000000000282e+01 -7.193215999999998944e-01 1.728947000000000145e+01
5.831969999999999743e+01 -7.090229000000000115e-01 1.704697999999999780e+01
5.987004000000000303e+01 -6.982294000000000000e-01 1.680555000000000021e+01
6.144931999999999306e+01 -6.898538000000000725e-01 1.656008999999999887e+01
6.304563999999999879e+01 -6.822340000000000071e-01 1.631483000000000061e+01
6.466145999999999106e+01 -6.742945000000000189e-01 1.606555000000000177e+01
6.629273000000000593e+01 -6.659319999999999684e-01 1.581428999999999974e+01
6.793358000000000629e+01 -6.566595000000000626e-01 1.556428999999999974e+01
6.959145999999999788e+01 -6.495479000000000669e-01 1.531065000000000076e+01
7.126348000000000127e+01 -6.455501000000000156e-01 1.506047999999999831e+01
7.294956999999999425e+01 -6.411508999999999681e-01 1.480707999999999913e+01
7.465679000000000087e+01 -6.351425000000000542e-01 1.455382000000000176e+01
7.637583000000000766e+01 -6.266393000000000102e-01 1.429582999999999871e+01
7.811206999999998857e+01 -6.192733000000000265e-01 1.403764999999999930e+01
7.986417000000000144e+01 -6.121849000000000318e-01 1.377611000000000097e+01
8.162655999999999779e+01 -6.069533000000000289e-01 1.351471000000000089e+01
8.340314999999999657e+01 -6.037449000000000288e-01 1.324929999999999986e+01
8.519377000000000066e+01 -6.018080000000000096e-01 1.298000000000000043e+01
8.700538000000000238e+01 -5.994815999999999478e-01 1.270711000000000013e+01
8.882746999999999105e+01 -5.948763000000001355e-01 1.242843000000000053e+01
9.066660999999999149e+01 -5.892579000000001122e-01 1.214861000000000146e+01
9.251613000000000397e+01 -5.822604000000000113e-01 1.186126999999999931e+01
9.438416999999999746e+01 -5.761579999999999480e-01 1.156935000000000002e+01
9.626376999999999384e+01 -5.690864999999999396e-01 1.126751000000000147e+01
9.815386999999999773e+01 -5.670654000000000527e-01 1.095901000000000103e+01
1.000527000000000015e+02 -5.652428999999999926e-01 1.063987999999999978e+01
1.019552999999999940e+02 -5.641477000000000297e-01 1.030991000000000035e+01
1.038697999999999979e+02 -5.624451999999999785e-01 9.966127999999999432e+00
1.057909999999999968e+02 -5.643553000000001152e-01 9.611617999999999995e+00
1.077248000000000019e+02 -5.687973000000000612e-01 9.246382000000000545e+00
1.096683000000000021e+02 -5.717941999999999192e-01 8.871585000000001386e+00
1.116205999999999960e+02 -5.733449000000000462e-01 8.486628999999998868e+00
1.135815000000000055e+02 -5.728043000000000440e-01 8.086921000000000248e+00
1.155477999999999952e+02 -5.705379999999999896e-01 7.674192999999998932e+00
1.175181999999999931e+02 -5.680583999999999634e-01 7.246928999999999732e+00
1.194963000000000051e+02 -5.658779000000000448e-01 6.808277999999999608e+00
1.214860999999999933e+02 -5.645651999999998782e-01 6.351224000000000203e+00
1.234817000000000036e+02 -5.636678000000000521e-01 5.883248000000000033e+00
1.254793999999999983e+02 -5.607338000000000600e-01 5.403528999999999805e+00
1.274889000000000010e+02 -5.591517000000000293e-01 4.911012999999999629e+00
1.295004000000000133e+02 -5.556138999999999939e-01 4.402279000000000053e+00
1.315233000000000061e+02 -5.494114999999999416e-01 3.880106999999999751e+00
1.335485999999999933e+02 -5.427541999999999645e-01 3.348158000000000190e+00
1.355836999999999932e+02 -5.360354000000000507e-01 2.806947000000000081e+00
1.376250000000000000e+02 -5.295973000000000486e-01 2.257988999999999802e+00
1.396796999999999969e+02 -5.224537999999999682e-01 1.699295999999999918e+00
1.417304000000000030e+02 -5.179992999999999403e-01 1.132152000000000047e+00
1.437926999999999964e+02 -5.127372999999999514e-01 5.515871999999999442e-01
1.458617999999999881e+02 -5.061992999999999077e-01 -4.137210000000000193e-02
1.479304999999999950e+02 -5.006247000000000336e-01 -6.449310999999999794e-01
1.500067999999999984e+02 -4.959689000000000458e-01 -1.261107999999999896e+00
1.520968000000000018e+02 -4.898300999999999350e-01 -1.892338000000000076e+00
1.541811999999999898e+02 -4.829920999999999243e-01 -2.533182000000000045e+00
1.562752999999999872e+02 -4.753909000000000606e-01 -3.187653000000000070e+00
1.583734000000000037e+02 -4.676839999999999886e-01 -3.851462000000000163e+00
1.604737000000000080e+02 -4.608734999999999915e-01 -4.525316000000000116e+00
1.625875000000000057e+02 -4.555310999999999666e-01 -5.211973999999999663e+00
1.647036999999999978e+02 -4.525483000000000144e-01 -5.908582000000000001e+00
1.668257000000000119e+02 -4.495307000000000053e-01 -6.614700999999999276e+00
1.689536999999999978e+02 -4.456125000000000225e-01 -7.331463000000000285e+00
1.710870999999999924e+02 -4.416744000000000780e-01 -8.063072000000000017e+00
1.732245000000000061e+02 -4.365523000000000042e-01 -8.806086000000000524e+00
1.753665000000000020e+02 -4.294088999999999823e-01 -9.557828999999999908e+00
1.775168999999999926e+02 -4.209330000000000016e-01 -1.031827000000000005e+01
1.796714000000000055e+02 -4.118277000000000188e-01 -1.108559999999999945e+01
1.818302999999999940e+02 -4.043633999999999840e-01 -1.186224999999999952e+01
1.839969000000000108e+02 -3.985801999999999956e-01 -1.264986000000000033e+01
1.861699000000000126e+02 -3.990508999999999862e-01 -1.344797000000000153e+01
1.883439999999999941e+02 -4.000549000000000466e-01 -1.425544999999999973e+01
1.905194999999999936e+02 -4.013832999999999984e-01 -1.507492999999999839e+01
1.927086999999999932e+02 -4.038655000000000439e-01 -1.590878999999999976e+01
1.949010000000000105e+02 -4.035662999999999889e-01 -1.675316000000000116e+01
1.970929999999999893e+02 -4.021162000000000347e-01 -1.760737999999999914e+01
1.992958000000000141e+02 -4.006638000000000144e-01 -1.847484000000000037e+01
2.014804000000000030e+02 -4.011965000000000114e-01 -1.934449000000000041e+01
2.036881999999999948e+02 -4.030819000000000485e-01 -2.023459000000000074e+01
2.058770000000000095e+02 -4.061954999999999871e-01 -2.112722999999999729e+01
2.080748000000000104e+02 -4.083229999999999915e-01 -2.203665000000000163e+01
2.102745999999999924e+02 -4.072563000000000155e-01 -2.295396000000000214e+01
2.124744000000000028e+02 -4.051777000000000295e-01 -2.387895999999999930e+01
2.146697000000000060e+02 -4.036944000000000643e-01 -2.480687999999999960e+01
2.168716000000000008e+02 -4.053454999999999697e-01 -2.574520000000000053e+01
2.190853999999999928e+02 -4.089665999999999579e-01 -2.669512999999999892e+01
2.212752000000000123e+02 -4.145729000000000219e-01 -2.764229999999999876e+01
2.234747999999999877e+02 -4.227877999999999914e-01 -2.859890000000000043e+01
2.256742999999999881e+02 -4.323729999999999518e-01 -2.956629999999999825e+01
2.278685999999999865e+02 -4.418329000000000839e-01 -3.054210999999999743e+01
2.300655999999999892e+02 -4.485622000000000220e-01 -3.152449999999999974e+01
2.322583999999999946e+02 -4.502007999999999566e-01 -3.251136999999999944e+01
2.344478000000000009e+02 -4.516441999999999957e-01 -3.350409000000000503e+01
2.366401999999999930e+02 -4.545614999999999517e-01 -3.450712999999999653e+01
2.388266000000000133e+02 -4.565040000000000209e-01 -3.551552000000000220e+01
2.410098000000000127e+02 -4.583595000000000308e-01 -3.653354999999999819e+01
2.431865999999999985e+02 -4.598154000000000408e-01 -3.755870999999999782e+01
2.453571000000000026e+02 -4.618584000000000023e-01 -3.859114000000000289e+01
2.475244000000000142e+02 -4.614750000000000241e-01 -3.963197999999999865e+01
2.496838999999999942e+02 -4.614460000000000228e-01 -4.068364000000000402e+01
2.518423999999999978e+02 -4.628392000000000062e-01 -4.174631000000000114e+01
2.539895999999999958e+02 -4.623207999999999762e-01 -4.281371000000000038e+01
2.561424999999999841e+02 -4.599410999999999916e-01 -4.389030999999999949e+01
2.582950999999999908e+02 -4.566041000000000127e-01 -4.497776999999999958e+01
2.604445999999999799e+02 -4.515859999999999874e-01 -4.607408000000000214e+01
2.625924999999999727e+02 -4.468930999999999321e-01 -4.718397999999999826e+01
2.647339999999999804e+02 -4.443228000000000177e-01 -4.830006999999999806e+01
2.668919999999999959e+02 -4.426920000000000299e-01 -4.943451999999999913e+01
2.690255000000000223e+02 -4.394885000000000042e-01 -5.056792999999999694e+01
2.711743999999999915e+02 -4.357940999999999621e-01 -5.172041000000000111e+01
2.733317999999999870e+02 -4.312747999999999582e-01 -5.288770999999999844e+01
2.754870000000000232e+02 -4.244063000000000141e-01 -5.406211999999999307e+01
2.776580000000000155e+02 -4.182424000000000142e-01 -5.525310999999999950e+01
2.798272999999999797e+02 -4.128267999999999938e-01 -5.645514000000000010e+01
2.820167999999999893e+02 -4.105826000000000198e-01 -5.767414000000000129e+01
2.841884999999999764e+02 -4.095589000000000590e-01 -5.889250999999999436e+01
2.863724000000000274e+02 -4.079617999999999856e-01 -6.012955999999999790e+01
2.885701999999999998e+02 -4.045487999999999862e-01 -6.138495000000000346e+01
2.907703999999999951e+02 -3.986684999999999812e-01 -6.264929000000000059e+01
2.929827000000000226e+02 -3.908822000000000130e-01 -6.392340999999999696e+01
2.951952999999999747e+02 -3.821466000000000030e-01 -6.520624000000000819e+01
2.974211999999999989e+02 -3.713999000000000050e-01 -6.650520999999999106e+01
2.996422999999999774e+02 -3.587114000000000136e-01 -6.780874000000000024e+01
3.018763000000000147e+02 -3.470055999999999696e-01 -6.912560000000000571e+01
3.041141000000000076e+02 -3.372515999999999847e-01 -7.045170000000000243e+01
3.063593000000000188e+02 -3.307952000000000115e-01 -7.179167999999999950e+01
3.086134000000000128e+02 -3.233356000000000008e-01 -7.314403000000000077e+01
3.108713999999999942e+02 -3.126190999999999831e-01 -7.451245000000000118e+01
3.131301000000000272e+02 -2.971879000000000604e-01 -7.590012000000000114e+01
3.153851999999999975e+02 -2.796424000000000687e-01 -7.730724999999999625e+01
3.176383000000000152e+02 -2.578412000000000481e-01 -7.872988000000000852e+01
3.198953999999999951e+02 -2.381554000000000171e-01 -8.017270999999999503e+01
3.221578999999999837e+02 -2.197853000000000168e-01 -8.163210999999999729e+01
3.244119999999999777e+02 -2.016825000000000145e-01 -8.310009000000000867e+01
3.266625999999999976e+02 -1.825361000000000067e-01 -8.457971999999999468e+01
3.289055000000000177e+02 -1.608323999999999865e-01 -8.606825999999999510e+01
3.311476999999999862e+02 -1.383912999999999671e-01 -8.757050999999999874e+01
3.333840000000000146e+02 -1.125607999999999886e-01 -8.908674999999999500e+01
3.356132999999999811e+02 -8.455147999999999830e-02 -9.061426000000000158e+01
3.378389000000000237e+02 -5.242767999999999734e-02 -9.215153999999999712e+01
3.400559999999999832e+02 -1.599584000000000075e-02 -9.370014000000000465e+01
3.422751999999999839e+02 2.333862000000000089e-02 -9.526501999999999271e+01
3.444891999999999825e+02 6.337510000000000365e-02 -9.683615999999999246e+01
3.467010000000000218e+02 1.024766000000000010e-01 -9.841195000000000448e+01
3.489103000000000065e+02 1.402983999999999898e-01 -9.999813000000000329e+01
3.511093999999999937e+02 1.754217999999999889e-01 -1.015909000000000049e+02
3.533106999999999971e+02 2.141195000000000181e-01 -1.032032999999999987e+02
3.554995999999999867e+02 2.539707999999999966e-01 -1.048169999999999931e+02
3.576809000000000083e+02 2.903190999999999966e-01 -1.064411000000000058e+02
3.598670000000000186e+02 3.297902999999999807e-01 -1.080781000000000063e+02
3.620385999999999740e+02 3.801368999999999998e-01 -1.097167000000000030e+02
3.642051000000000158e+02 4.335939999999999794e-01 -1.113631000000000029e+02
3.663625999999999863e+02 4.855504999999999960e-01 -1.130176000000000016e+02
3.685147999999999797e+02 5.357534000000000463e-01 -1.146817000000000064e+02
3.706542999999999779e+02 5.857535000000000380e-01 -1.163494000000000028e+02
3.727925000000000182e+02 6.347511999999999599e-01 -1.180262000000000029e+02
3.749322000000000230e+02 6.806409000000001042e-01 -1.197055000000000007e+02
3.770443999999999960e+02 7.141844000000000525e-01 -1.213733000000000004e+02
3.791489000000000260e+02 7.322390000000000843e-01 -1.230734000000000066e+02
3.812459999999999809e+02 7.514499000000000040e-01 -1.247861000000000047e+02
3.833530999999999835e+02 7.912641999999999731e-01 -1.264979000000000013e+02
3.854624999999999773e+02 8.581189000000000178e-01 -1.282061999999999955e+02
3.875638000000000147e+02 9.375736999999999544e-01 -1.299139999999999873e+02
3.896489000000000260e+02 1.015439999999999898e+00 -1.316272999999999911e+02
3.917167999999999779e+02 1.088895999999999864e+00 -1.333506999999999891e+02
3.937799999999999727e+02 1.154912999999999856e+00 -1.350831000000000017e+02
3.958385000000000105e+02 1.214067000000000007e+00 -1.368243999999999971e+02
3.978933999999999855e+02 1.272858000000000045e+00 -1.385701999999999998e+02
3.999429000000000087e+02 1.334967000000000015e+00 -1.403175999999999988e+02
4.019775000000000205e+02 1.399861000000000022e+00 -1.420688000000000102e+02
4.040131999999999834e+02 1.463950000000000085e+00 -1.438397999999999968e+02
4.060396000000000072e+02 1.530569999999999986e+00 -1.456093999999999937e+02
4.080638999999999896e+02 1.596786000000000039e+00 -1.473860999999999990e+02
4.100865000000000009e+02 1.665191999999999783e+00 -1.491653000000000020e+02
4.120998999999999910e+02 1.739479999999999915e+00 -1.509390999999999963e+02
4.141198999999999728e+02 1.820765999999999885e+00 -1.527255999999999858e+02
4.161297000000000139e+02 1.902123000000000008e+00 -1.545063000000000102e+02
4.181369000000000256e+02 1.980352000000000112e+00 -1.562857999999999947e+02
4.201401000000000181e+02 2.051261000000000223e+00 -1.580700999999999965e+02
4.221413000000000011e+02 2.117804999999999715e+00 -1.598579000000000008e+02
4.241424000000000092e+02 2.186325999999999770e+00 -1.616509000000000071e+02
4.261356999999999857e+02 2.256082000000000143e+00 -1.634422999999999888e+02
4.281288000000000125e+02 2.325413000000000174e+00 -1.652377999999999929e+02
4.301109000000000151e+02 2.396911999999999932e+00 -1.670320000000000107e+02
4.320960999999999785e+02 2.471810000000000063e+00 -1.688309999999999889e+02
4.340720999999999776e+02 2.549279000000000295e+00 -1.706279999999999859e+02
4.360530999999999722e+02 2.650571999999999928e+00 -1.724221000000000004e+02
4.380419999999999732e+02 2.755615000000000148e+00 -1.742028999999999996e+02
4.400299999999999727e+02 2.843909999999999716e+00 -1.759704999999999870e+02
4.420339000000000169e+02 2.921911000000000147e+00 -1.777475000000000023e+02
4.440391999999999939e+02 3.006851999999999858e+00 -1.795200000000000102e+02
4.460459999999999923e+02 3.098725999999999647e+00 -1.812883999999999958e+02
4.480532000000000039e+02 3.192574000000000023e+00 -1.830447000000000060e+02
4.500640000000000214e+02 3.278015000000000345e+00 -1.847915999999999883e+02
4.520923999999999978e+02 3.358861000000000097e+00 -1.865327000000000055e+02
4.541250999999999749e+02 3.436998000000000442e+00 -1.882651999999999930e+02
4.561580000000000155e+02 3.516787999999999581e+00 -1.899924000000000035e+02
4.581872999999999934e+02 3.593513999999999875e+00 -1.917203000000000088e+02
4.602151999999999816e+02 3.669483000000000050e+00 -1.934518999999999949e+02
4.622461999999999875e+02 3.750848000000000404e+00 -1.951829999999999927e+02
4.642791000000000281e+02 3.835891000000000162e+00 -1.969059000000000026e+02
4.663134999999999764e+02 3.921999000000000013e+00 -1.986213999999999942e+02
4.683509000000000242e+02 4.004216000000000442e+00 -2.003376000000000090e+02
4.703838999999999828e+02 4.079549000000000092e+00 -2.020483000000000118e+02
4.724259000000000128e+02 4.154116000000000142e+00 -2.037656000000000063e+02
4.744682999999999993e+02 4.230209999999999582e+00 -2.054787000000000035e+02
4.765113000000000056e+02 4.309712000000000209e+00 -2.071854999999999905e+02
4.785557999999999765e+02 4.389453999999999745e+00 -2.088867999999999938e+02
4.806059999999999945e+02 4.471448999999999785e+00 -2.105886000000000138e+02
4.826544999999999845e+02 4.555623999999999896e+00 -2.122853000000000065e+02
4.847071000000000254e+02 4.640076000000000533e+00 -2.139825999999999908e+02
4.867576999999999998e+02 4.720800999999999803e+00 -2.156769999999999925e+02
4.888066000000000031e+02 4.799763999999999697e+00 -2.173706999999999994e+02
4.908629000000000246e+02 4.880930000000000213e+00 -2.190658999999999992e+02
4.929166000000000167e+02 4.960766999999999705e+00 -2.207575999999999965e+02
4.949712999999999852e+02 5.038016000000000716e+00 -2.224475999999999942e+02
4.970246999999999957e+02 5.116706999999999894e+00 -2.241389000000000067e+02
4.990722000000000094e+02 5.193551999999999502e+00 -2.258269999999999982e+02
5.011327999999999747e+02 5.267706999999999695e+00 -2.275274000000000001e+02
5.031866999999999734e+02 5.349108000000000196e+00 -2.292204999999999870e+02
5.052389999999999759e+02 5.432769999999999655e+00 -2.309142999999999972e+02
5.072914999999999850e+02 5.519275000000000375e+00 -2.326072000000000060e+02
5.093380999999999972e+02 5.605248999999999704e+00 -2.342975000000000136e+02
5.113938999999999737e+02 5.689303999999999917e+00 -2.359969000000000108e+02
5.134453999999999496e+02 5.773308999999999358e+00 -2.376907999999999959e+02
5.154973999999999705e+02 5.857607999999999926e+00 -2.393842999999999961e+02
5.175493000000000166e+02 5.942483000000000182e+00 -2.410762000000000000e+02
5.196014000000000124e+02 6.026970999999999634e+00 -2.427680000000000007e+02
5.216574000000000524e+02 6.115358000000000516e+00 -2.444638999999999953e+02
5.237105999999999995e+02 6.206641999999999548e+00 -2.461556999999999960e+02
5.257626999999999953e+02 6.299719999999999764e+00 -2.478454999999999870e+02
5.278159000000000560e+02 6.392877999999999616e+00 -2.495366999999999962e+02
5.298650999999999840e+02 6.486798999999999538e+00 -2.512228000000000065e+02
5.319261999999999944e+02 6.582378000000000284e+00 -2.529157999999999902e+02
5.339814000000000078e+02 6.677372000000000085e+00 -2.546036000000000001e+02
5.360376999999999725e+02 6.771372000000000391e+00 -2.562925000000000182e+02
5.380951000000000022e+02 6.865966999999999487e+00 -2.579830000000000041e+02
5.401535999999999831e+02 6.964906000000000041e+00 -2.596745999999999981e+02
5.422136000000000422e+02 7.066816999999999460e+00 -2.613661000000000172e+02
5.442679000000000542e+02 7.168744999999999479e+00 -2.630547000000000253e+02
5.463252999999999702e+02 7.265255999999999936e+00 -2.647477999999999838e+02
5.483759999999999764e+02 7.357149999999999856e+00 -2.664365999999999985e+02
5.504365000000000236e+02 7.450903999999999527e+00 -2.681342999999999961e+02
5.524955999999999676e+02 7.551427000000000334e+00 -2.698319000000000187e+02
5.545493000000000166e+02 7.654528999999999250e+00 -2.715253999999999905e+02
5.566050999999999931e+02 7.757166999999999923e+00 -2.732200000000000273e+02
5.586590999999999667e+02 7.857400999999999414e+00 -2.749141000000000190e+02
5.607204000000000406e+02 7.957555999999999408e+00 -2.766145999999999958e+02
5.627775000000000318e+02 8.058036999999998784e+00 -2.783113999999999919e+02
5.648386000000000422e+02 8.161794999999999689e+00 -2.800085000000000264e+02
5.668958999999999833e+02 8.267915999999999599e+00 -2.817020999999999731e+02
5.689501999999999953e+02 8.373988999999999905e+00 -2.833947000000000003e+02
5.710149999999999864e+02 8.483449999999999491e+00 -2.850935999999999808e+02
5.730773000000000366e+02 8.593947000000000003e+00 -2.867871000000000095e+02
5.751384000000000469e+02 8.705147999999999442e+00 -2.884766000000000190e+02
5.772006999999999834e+02 8.816895999999999844e+00 -2.901677000000000248e+02
5.792540000000000191e+02 8.924907000000001034e+00 -2.918528999999999769e+02
5.813141000000000531e+02 9.031620000000000203e+00 -2.935427999999999997e+02
5.833713000000000193e+02 9.137328000000000117e+00 -2.952266999999999939e+02
5.854383000000000266e+02 9.245509000000000199e+00 -2.969139000000000124e+02
5.875190000000000055e+02 9.353208000000000411e+00 -2.986120999999999981e+02
5.895489000000000033e+02 9.456599000000000643e+00 -3.002629999999999768e+02
5.916108000000000402e+02 9.561344000000000065e+00 -3.019383000000000266e+02
5.936716000000000122e+02 9.666808999999998875e+00 -3.036091000000000122e+02
5.957369999999999663e+02 9.775807000000000357e+00 -3.052799999999999727e+02
5.978026999999999589e+02 9.883664999999998813e+00 -3.069488000000000056e+02
5.998669999999999618e+02 9.992221999999999937e+00 -3.086130999999999744e+02
6.019344999999999573e+02 1.009861000000000075e+01 -3.102812999999999874e+02
6.040023999999999660e+02 1.020683999999999969e+01 -3.119522999999999797e+02
6.060701000000000249e+02 1.031716999999999906e+01 -3.136241999999999734e+02
6.081332999999999629e+02 1.043016000000000076e+01 -3.152902000000000271e+02
6.102041000000000395e+02 1.054204999999999970e+01 -3.169635000000000105e+02
6.122707000000000335e+02 1.065103000000000044e+01 -3.186358000000000175e+02
6.143315999999999804e+02 1.075646000000000058e+01 -3.203038999999999987e+02
6.164013999999999669e+02 1.085851000000000077e+01 -3.219780999999999835e+02
6.184657999999999447e+02 1.096062000000000047e+01 -3.236462000000000216e+02
6.205349999999999682e+02 1.106765000000000043e+01 -3.253170999999999822e+02
6.226067000000000462e+02 1.117704999999999949e+01 -3.269891000000000076e+02
6.246751000000000431e+02 1.128684999999999938e+01 -3.286575000000000273e+02
6.267459000000000060e+02 1.139641000000000126e+01 -3.303269999999999982e+02
6.288138000000000147e+02 1.150486000000000075e+01 -3.319941999999999780e+02
6.308886999999999716e+02 1.161228999999999978e+01 -3.336655999999999835e+02
6.329587000000000216e+02 1.172231999999999985e+01 -3.353308000000000106e+02
6.350324000000000524e+02 1.183192999999999984e+01 -3.369997999999999934e+02
6.370951000000000022e+02 1.194089999999999918e+01 -3.386594000000000051e+02
6.391658999999999651e+02 1.204804999999999993e+01 -3.403233999999999924e+02
6.412373999999999796e+02 1.215564000000000000e+01 -3.419886000000000195e+02
6.433047000000000253e+02 1.226642000000000010e+01 -3.436496000000000208e+02
6.453750000000000000e+02 1.237656000000000134e+01 -3.453100999999999772e+02
6.474453999999999496e+02 1.248248999999999853e+01 -3.469685999999999808e+02
6.495154999999999745e+02 1.258628999999999998e+01 -3.486238999999999919e+02
6.515913000000000466e+02 1.269234999999999935e+01 -3.502819999999999823e+02
6.536622999999999593e+02 1.280041999999999902e+01 -3.519354999999999905e+02
6.557358000000000402e+02 1.291009000000000029e+01 -3.535869999999999891e+02
6.578057000000000016e+02 1.302022999999999975e+01 -3.552341000000000122e+02
6.598778999999999542e+02 1.313000000000000078e+01 -3.568806000000000154e+02
6.619586000000000467e+02 1.323887000000000036e+01 -3.585328000000000088e+02
6.640361000000000331e+02 1.334665000000000035e+01 -3.601818999999999846e+02
6.661119999999999663e+02 1.345227000000000039e+01 -3.618288999999999760e+02
6.681903999999999542e+02 1.355812999999999846e+01 -3.634751999999999725e+02
6.702712000000000216e+02 1.366357000000000177e+01 -3.651231999999999971e+02
6.723505000000000109e+02 1.376872000000000185e+01 -3.667694999999999936e+02
6.744325000000000045e+02 1.387412999999999919e+01 -3.684191999999999894e+02
6.765090000000000146e+02 1.397892999999999830e+01 -3.700674999999999955e+02
6.785875999999999522e+02 1.408323999999999998e+01 -3.717203000000000088e+02
6.806657000000000153e+02 1.418849999999999945e+01 -3.733743000000000052e+02
6.827432000000000016e+02 1.429712999999999923e+01 -3.750303999999999860e+02
6.848197999999999865e+02 1.440571000000000090e+01 -3.766841999999999757e+02
6.868944999999999936e+02 1.451348999999999911e+01 -3.783369999999999891e+02
6.889655999999999949e+02 1.461921000000000070e+01 -3.799902000000000157e+02
6.910407999999999902e+02 1.472405999999999970e+01 -3.816487999999999943e+02
6.931155999999999722e+02 1.482707000000000086e+01 -3.833045999999999935e+02
6.951929999999999836e+02 1.492975000000000030e+01 -3.849612999999999943e+02
6.972709999999999582e+02 1.503282999999999880e+01 -3.866143000000000143e+02
6.993456999999999653e+02 1.513858999999999888e+01 -3.882645999999999731e+02
7.014274000000000342e+02 1.524435000000000073e+01 -3.899180999999999813e+02
7.035064999999999600e+02 1.534667999999999921e+01 -3.915686000000000035e+02
7.055828999999999951e+02 1.544803999999999888e+01 -3.932167999999999779e+02
7.076612999999999829e+02 1.554996000000000045e+01 -3.948664999999999736e+02
7.097441000000000031e+02 1.565581000000000067e+01 -3.965176999999999907e+02
7.118242999999999938e+02 1.576531000000000127e+01 -3.981607000000000198e+02
7.139053999999999860e+02 1.587836000000000070e+01 -3.998000999999999863e+02
7.159838999999999487e+02 1.599116000000000071e+01 -4.014338000000000193e+02
7.180630999999999631e+02 1.610182999999999964e+01 -4.030674000000000206e+02
7.201440999999999804e+02 1.621512999999999849e+01 -4.046979999999999791e+02
7.222296000000000049e+02 1.632798000000000016e+01 -4.063296000000000276e+02
7.243156000000000176e+02 1.644029000000000096e+01 -4.079581999999999766e+02
7.264057000000000244e+02 1.654399000000000086e+01 -4.095849999999999795e+02
7.284982999999999720e+02 1.666272999999999982e+01 -4.112076999999999884e+02
7.305887999999999920e+02 1.677342999999999762e+01 -4.128287000000000262e+02
7.326752000000000180e+02 1.688103999999999871e+01 -4.144501000000000204e+02
7.347663999999999760e+02 1.698170999999999964e+01 -4.160733999999999924e+02
7.368555999999999813e+02 1.707950999999999908e+01 -4.176934999999999718e+02
7.389533000000000129e+02 1.717539999999999978e+01 -4.193156999999999925e+02
7.410479000000000269e+02 1.727242000000000033e+01 -4.209340000000000259e+02
7.431418999999999642e+02 1.737145999999999901e+01 -4.225507999999999811e+02
7.452354000000000269e+02 1.746719999999999828e+01 -4.241691999999999894e+02
7.473288999999999760e+02 1.755499999999999972e+01 -4.257916999999999916e+02
7.494207000000000107e+02 1.765191000000000088e+01 -4.274134000000000242e+02
7.515172999999999774e+02 1.775412999999999997e+01 -4.290362000000000080e+02
7.536115999999999531e+02 1.785403999999999769e+01 -4.306541000000000281e+02
7.557109000000000378e+02 1.794005999999999901e+01 -4.322706000000000017e+02
7.578088999999999942e+02 1.802205000000000013e+01 -4.338840000000000146e+02
7.599090999999999667e+02 1.809593999999999880e+01 -4.354975999999999772e+02
7.620181000000000040e+02 1.817307999999999879e+01 -4.371125000000000114e+02
7.641249000000000251e+02 1.825478000000000023e+01 -4.387221000000000117e+02
7.662346000000000004e+02 1.833932000000000073e+01 -4.403294999999999959e+02
7.683468000000000302e+02 1.842281000000000191e+01 -4.419354999999999905e+02
7.704570999999999685e+02 1.850283999999999907e+01 -4.435378000000000043e+02
7.725729999999999791e+02 1.858488999999999791e+01 -4.451403999999999996e+02
7.746901000000000295e+02 1.866584999999999894e+01 -4.467409000000000106e+02
7.768049999999999500e+02 1.874822999999999951e+01 -4.483389000000000237e+02
7.789175999999999931e+02 1.882798000000000016e+01 -4.499322000000000230e+02
7.810381999999999607e+02 1.891026000000000096e+01 -4.515289999999999964e+02
7.831553000000000111e+02 1.899427999999999983e+01 -4.531206999999999994e+02
7.852705999999999449e+02 1.907912999999999926e+01 -4.547110000000000127e+02
7.873866000000000440e+02 1.916216999999999970e+01 -4.563036000000000172e+02
7.894935000000000400e+02 1.924371999999999971e+01 -4.578926999999999907e+02
7.916044000000000551e+02 1.932537999999999911e+01 -4.594875999999999863e+02
7.937096999999999980e+02 1.940540999999999983e+01 -4.610817000000000121e+02
7.958137000000000398e+02 1.948575999999999908e+01 -4.626772000000000276e+02
7.979139999999999873e+02 1.956981000000000037e+01 -4.642714000000000283e+02
8.000122999999999820e+02 1.965532999999999930e+01 -4.658634999999999877e+02
8.021082999999999856e+02 1.973792000000000257e+01 -4.674542999999999893e+02
8.042028000000000247e+02 1.981629999999999825e+01 -4.690448000000000093e+02
8.062987000000000535e+02 1.988937999999999917e+01 -4.706372999999999820e+02
8.083958999999999833e+02 1.996248999999999896e+01 -4.722307000000000130e+02
8.104901999999999589e+02 2.003686000000000078e+01 -4.738195999999999799e+02
8.125910000000000082e+02 2.011442999999999870e+01 -4.754125000000000227e+02
8.146888000000000147e+02 2.019412999999999769e+01 -4.770013000000000147e+02
8.167915000000000418e+02 2.027320999999999884e+01 -4.785905000000000200e+02
8.188949000000000069e+02 2.035379999999999967e+01 -4.801748000000000047e+02
8.210022999999999911e+02 2.043562999999999974e+01 -4.817572999999999865e+02
8.231163999999999987e+02 2.051692999999999856e+01 -4.833403999999999883e+02
8.252300999999999931e+02 2.059912000000000276e+01 -4.849182000000000130e+02
8.273472000000000435e+02 2.068384999999999962e+01 -4.864927000000000135e+02
8.294645000000000437e+02 2.077067999999999870e+01 -4.880613999999999919e+02
8.315909000000000333e+02 2.085797000000000168e+01 -4.896318999999999733e+02
8.337228999999999814e+02 2.094602000000000075e+01 -4.912049000000000092e+02
8.358541000000000167e+02 2.103406999999999982e+01 -4.927760999999999854e+02
8.379859999999999900e+02 2.112294999999999945e+01 -4.943446000000000140e+02
8.401199000000000296e+02 2.121212000000000231e+01 -4.959132000000000176e+02
8.422622999999999820e+02 2.130358999999999980e+01 -4.974854000000000269e+02
8.444038000000000466e+02 2.139780000000000015e+01 -4.990557999999999765e+02
8.465436999999999443e+02 2.149438999999999922e+01 -5.006256999999999948e+02
8.486826999999999543e+02 2.158726000000000056e+01 -5.021963999999999828e+02
8.508212999999999511e+02 2.167906999999999940e+01 -5.037669999999999959e+02
8.529722000000000435e+02 2.177338999999999913e+01 -5.053430999999999926e+02
8.551146999999999707e+02 2.186598000000000042e+01 -5.069134999999999991e+02
8.572618999999999687e+02 2.195642999999999745e+01 -5.084873999999999796e+02
8.594084000000000287e+02 2.204762000000000199e+01 -5.100613000000000170e+02
8.615570000000000164e+02 2.214020000000000010e+01 -5.116370000000000005e+02
8.637104000000000497e+02 2.223640999999999934e+01 -5.132137000000000171e+02
8.658588999999999487e+02 2.233432000000000173e+01 -5.147848000000000184e+02
8.680116000000000440e+02 2.243636000000000053e+01 -5.163554000000000315e+02
8.701571000000000140e+02 2.253587999999999880e+01 -5.179221999999999753e+02
8.722938000000000329e+02 2.263292000000000215e+01 -5.194836000000000240e+02
8.744419000000000324e+02 2.272987000000000180e+01 -5.210493000000000166e+02
8.765884999999999536e+02 2.282658999999999949e+01 -5.226079999999999472e+02
8.787368000000000166e+02 2.292503999999999920e+01 -5.241608999999999696e+02
8.808822000000000116e+02 2.302387999999999835e+01 -5.257065000000000055e+02
8.830322999999999638e+02 2.312541000000000224e+01 -5.272478999999999587e+02
8.852001000000000204e+02 2.322957000000000249e+01 -5.287962999999999738e+02
8.873238000000000056e+02 2.332974000000000103e+01 -5.303079000000000178e+02
8.894705999999999904e+02 2.343087000000000231e+01 -5.318310000000000173e+02
8.916091000000000122e+02 2.353262999999999749e+01 -5.333455999999999904e+02
8.937549999999999955e+02 2.363417999999999708e+01 -5.348618999999999915e+02
8.958952000000000453e+02 2.373414999999999964e+01 -5.363696999999999662e+02
8.980347000000000435e+02 2.383529000000000053e+01 -5.378731999999999971e+02
9.001742000000000417e+02 2.394137999999999877e+01 -5.393742999999999483e+02
9.023079000000000178e+02 2.404861000000000004e+01 -5.408662000000000489e+02
9.044565000000000055e+02 2.415887000000000029e+01 -5.423632000000000062e+02
9.065910000000000082e+02 2.426707000000000036e+01 -5.438481000000000449e+02
9.087272000000000389e+02 2.437285999999999930e+01 -5.453320999999999685e+02
9.108623000000000047e+02 2.447973999999999961e+01 -5.468143000000000029e+02
9.129899000000000342e+02 2.458492999999999995e+01 -5.482919000000000551e+02
9.151230000000000473e+02 2.468802000000000163e+01 -5.497726999999999862e+02
9.172617000000000189e+02 2.478904999999999959e+01 -5.512577999999999747e+02
9.194006000000000540e+02 2.489470999999999989e+01 -5.527311999999999443e+02
9.215444999999999709e+02 2.501398999999999972e+01 -5.542024000000000115e+02
9.236761999999999944e+02 2.512190000000000012e+01 -5.556621000000000095e+02
9.258066000000000031e+02 2.521007999999999782e+01 -5.571257000000000517e+02
9.279450000000000500e+02 2.530079999999999885e+01 -5.585951000000000022e+02
9.300863000000000511e+02 2.541004999999999825e+01 -5.600648999999999660e+02
9.322263000000000375e+02 2.552984999999999971e+01 -5.615352000000000317e+02
9.343538999999999533e+02 2.565167999999999893e+01 -5.629959000000000060e+02
9.364927999999999884e+02 2.577269000000000077e+01 -5.644661999999999580e+02
9.386325000000000500e+02 2.589232000000000156e+01 -5.659326999999999543e+02
9.407718999999999596e+02 2.601411000000000229e+01 -5.673968999999999596e+02
9.429157999999999902e+02 2.613758999999999943e+01 -5.688595000000000255e+02
9.450575000000000045e+02 2.626007000000000247e+01 -5.703220000000000027e+02
9.472048999999999523e+02 2.638159000000000276e+01 -5.717862000000000080e+02
9.493532000000000153e+02 2.650083000000000055e+01 -5.732481000000000222e+02
9.515076999999999998e+02 2.662079000000000306e+01 -5.747101999999999862e+02
9.536603999999999814e+02 2.674227999999999739e+01 -5.761661000000000286e+02
9.558152999999999793e+02 2.686169000000000295e+01 -5.776191000000000031e+02
9.579804000000000315e+02 2.698219000000000278e+01 -5.790748999999999569e+02
9.601377999999999702e+02 2.709965000000000046e+01 -5.805258000000000038e+02
9.623019000000000460e+02 2.722009000000000256e+01 -5.819778000000000020e+02
9.644640000000000555e+02 2.734829999999999828e+01 -5.834246000000000549e+02
9.666367999999999938e+02 2.748447000000000173e+01 -5.848740999999999985e+02
9.688003999999999678e+02 2.762784999999999869e+01 -5.863150000000000546e+02
9.709633000000000038e+02 2.776619000000000170e+01 -5.877581999999999880e+02
9.731251999999999498e+02 2.789962000000000231e+01 -5.892041000000000395e+02
9.752875999999999976e+02 2.802994999999999948e+01 -5.906490999999999758e+02
9.774552999999999656e+02 2.816050999999999860e+01 -5.920932999999999993e+02
9.796245999999999867e+02 2.829192999999999714e+01 -5.935333000000000538e+02
9.817948999999999842e+02 2.842395999999999745e+01 -5.949756999999999607e+02
9.839616999999999507e+02 2.855464999999999876e+01 -5.964211000000000240e+02
9.861268000000000029e+02 2.868427999999999756e+01 -5.978686999999999898e+02
9.882929000000000315e+02 2.881455000000000055e+01 -5.993176999999999452e+02
9.904616999999999507e+02 2.894539999999999935e+01 -6.007663999999999760e+02
9.926304000000000087e+02 2.907442999999999955e+01 -6.022122000000000526e+02
9.947989999999999782e+02 2.920364999999999966e+01 -6.036557999999999993e+02
9.969663000000000466e+02 2.933235999999999777e+01 -6.050960999999999785e+02
9.991375000000000455e+02 2.945850999999999686e+01 -6.065368999999999460e+02
1.001303999999999974e+03 2.958125000000000071e+01 -6.079732000000000198e+02
1.003471000000000004e+03 2.970297000000000054e+01 -6.094077999999999520e+02
1.005636999999999944e+03 2.982680999999999827e+01 -6.108396999999999935e+02
1.007806000000000040e+03 2.995554999999999879e+01 -6.122696999999999434e+02
1.009973000000000070e+03 3.008734000000000108e+01 -6.136953999999999496e+02
1.012136999999999944e+03 3.021780999999999651e+01 -6.151186000000000149e+02
1.014298000000000002e+03 3.034489999999999910e+01 -6.165380999999999858e+02
1.016458000000000084e+03 3.047099000000000402e+01 -6.179592000000000098e+02
1.018616000000000099e+03 3.059832000000000107e+01 -6.193810999999999467e+02
1.020773000000000025e+03 3.072310999999999837e+01 -6.208006000000000313e+02
1.022924999999999955e+03 3.084525000000000006e+01 -6.222172000000000480e+02
1.025073999999999842e+03 3.096719000000000221e+01 -6.236310999999999467e+02
1.027219000000000051e+03 3.108777000000000257e+01 -6.250420000000000300e+02
1.029366999999999962e+03 3.120927000000000007e+01 -6.264527000000000498e+02
1.031513999999999896e+03 3.133269999999999911e+01 -6.278572000000000344e+02
1.033658000000000129e+03 3.145684000000000324e+01 -6.292527000000000044e+02
1.035803999999999860e+03 3.158219000000000065e+01 -6.306416000000000395e+02
1.037942000000000007e+03 3.170697999999999794e+01 -6.320241999999999507e+02
1.040087999999999965e+03 3.182812999999999803e+01 -6.334107999999999947e+02
1.042230999999999995e+03 3.194674000000000191e+01 -6.347988000000000284e+02
1.044372000000000071e+03 3.206456000000000017e+01 -6.361848999999999705e+02
1.046513999999999896e+03 3.218650999999999840e+01 -6.375674999999999955e+02
1.048655999999999949e+03 3.231052000000000390e+01 -6.389461999999999762e+02
1.050796000000000049e+03 3.243167000000000399e+01 -6.403174000000000206e+02
1.052940000000000055e+03 3.254722000000000293e+01 -6.416849999999999454e+02
1.055083999999999833e+03 3.265961000000000070e+01 -6.430515000000000327e+02
1.057226000000000113e+03 3.277429000000000059e+01 -6.444172999999999547e+02
1.059374000000000024e+03 3.289860999999999791e+01 -6.457839999999999918e+02
1.061525000000000091e+03 3.302929999999999922e+01 -6.471440999999999804e+02
1.063673999999999978e+03 3.316134999999999877e+01 -6.484918999999999869e+02
1.065821000000000140e+03 3.329059000000000168e+01 -6.498374999999999773e+02
1.067966000000000122e+03 3.341620000000000346e+01 -6.511855000000000473e+02
1.070112000000000080e+03 3.353835000000000122e+01 -6.525347000000000435e+02
1.072257000000000062e+03 3.365737000000000023e+01 -6.538846999999999525e+02
1.074401000000000067e+03 3.377429000000000059e+01 -6.552353000000000520e+02
1.076547000000000025e+03 3.389027000000000100e+01 -6.565901000000000067e+02
1.078686999999999898e+03 3.400469999999999970e+01 -6.579411999999999807e+02
1.080839999999999918e+03 3.412492000000000303e+01 -6.592934000000000196e+02
1.082986000000000104e+03 3.424793999999999983e+01 -6.606390999999999849e+02
1.085127999999999929e+03 3.436709000000000458e+01 -6.619814000000000078e+02
1.087269999999999982e+03 3.448077999999999577e+01 -6.633283999999999878e+02
1.089413000000000011e+03 3.458709999999999951e+01 -6.646693000000000211e+02
1.091567999999999984e+03 3.469434000000000395e+01 -6.660140000000000100e+02
1.093718000000000075e+03 3.480575000000000330e+01 -6.673473999999999933e+02
1.095877999999999929e+03 3.492101999999999862e+01 -6.686776999999999589e+02
1.098041000000000167e+03 3.504702000000000339e+01 -6.700112000000000307e+02
1.100194999999999936e+03 3.517976999999999776e+01 -6.713409000000000333e+02
1.102354000000000042e+03 3.531099999999999994e+01 -6.726725999999999885e+02
1.104507000000000062e+03 3.543367999999999540e+01 -6.739958000000000311e+02
1.106668000000000120e+03 3.554872000000000298e+01 -6.753170999999999822e+02
1.108828999999999951e+03 3.566544999999999987e+01 -6.766373999999999569e+02
1.110992999999999938e+03 3.578535999999999717e+01 -6.779580999999999449e+02
1.113156999999999925e+03 3.590472000000000463e+01 -6.792720000000000482e+02
1.115326000000000022e+03 3.602657999999999561e+01 -6.805868000000000393e+02
1.117493999999999915e+03 3.614824999999999733e+01 -6.818958000000000084e+02
1.119658999999999878e+03 3.626860999999999535e+01 -6.832010000000000218e+02
1.121837999999999965e+03 3.638795999999999964e+01 -6.845117000000000189e+02
1.124019000000000005e+03 3.651109000000000293e+01 -6.858237000000000307e+02
1.126198000000000093e+03 3.663445000000000107e+01 -6.871318999999999733e+02
1.128381000000000085e+03 3.675666999999999973e+01 -6.884392000000000280e+02
1.130563999999999851e+03 3.687462999999999624e+01 -6.897431000000000267e+02
1.132752999999999929e+03 3.699032000000000409e+01 -6.910463999999999487e+02
1.134946000000000140e+03 3.710266000000000020e+01 -6.923504000000000360e+02
1.137143000000000029e+03 3.721242000000000161e+01 -6.936539999999999964e+02
1.139341000000000122e+03 3.732204000000000121e+01 -6.949554000000000542e+02
1.141541000000000167e+03 3.743260999999999683e+01 -6.962550999999999704e+02
1.143749000000000024e+03 3.754672999999999661e+01 -6.975560000000000400e+02
1.145953999999999951e+03 3.766114000000000317e+01 -6.988522000000000389e+02
1.148163000000000011e+03 3.777644999999999698e+01 -7.001486999999999625e+02
1.150375999999999976e+03 3.789135000000000275e+01 -7.014450000000000500e+02
1.152585000000000036e+03 3.800680999999999443e+01 -7.027408000000000357e+02
1.154799999999999955e+03 3.812449000000000154e+01 -7.040407999999999902e+02
1.157011999999999944e+03 3.824355999999999511e+01 -7.053377000000000407e+02
1.159229000000000042e+03 3.836214000000000368e+01 -7.066377999999999702e+02
1.161448000000000093e+03 3.848244000000000398e+01 -7.079362999999999602e+02
1.163663000000000011e+03 3.860074999999999790e+01 -7.092368999999999915e+02
1.165885999999999967e+03 3.871705000000000041e+01 -7.105384000000000242e+02
1.168109999999999900e+03 3.883460999999999785e+01 -7.118436000000000377e+02
1.170336999999999989e+03 3.895544000000000295e+01 -7.131504999999999654e+02
1.172561999999999898e+03 3.907728000000000179e+01 -7.144589999999999463e+02
1.174789999999999964e+03 3.919328000000000145e+01 -7.157677999999999656e+02
1.177083000000000084e+03 3.930785999999999802e+01 -7.171122000000000298e+02
1.179270999999999958e+03 3.941872999999999649e+01 -7.183940000000000055e+02
1.181516000000000076e+03 3.954154000000000480e+01 -7.197105000000000246e+02
1.183758000000000038e+03 3.967070999999999970e+01 -7.210222999999999729e+02
1.186020999999999958e+03 3.980234000000000094e+01 -7.223447999999999638e+02
1.188271999999999935e+03 3.993274000000000257e+01 -7.236590999999999667e+02
1.190523999999999887e+03 4.006015000000000015e+01 -7.249742999999999711e+02
1.192783999999999878e+03 4.018605000000000160e+01 -7.262948000000000093e+02
1.195053999999999860e+03 4.030955999999999761e+01 -7.276200999999999794e+02
1.197315000000000055e+03 4.043252000000000379e+01 -7.289370000000000118e+02
1.199585000000000036e+03 4.055331999999999937e+01 -7.302584000000000515e+02
1.201866999999999962e+03 4.067201000000000022e+01 -7.315819000000000187e+02
1.204142000000000053e+03 4.079000999999999522e+01 -7.328977999999999611e+02
1.206416999999999916e+03 4.090637000000000256e+01 -7.342125999999999522e+02
1.208708999999999833e+03 4.102557000000000187e+01 -7.355339999999999918e+02
1.210992999999999938e+03 4.114442999999999984e+01 -7.368459000000000287e+02
1.213283000000000129e+03 4.126512000000000313e+01 -7.381592000000000553e+02
1.215577999999999975e+03 4.138329999999999842e+01 -7.394755999999999858e+02
1.217874000000000024e+03 4.150236999999999910e+01 -7.407903999999999769e+02
1.220173000000000002e+03 4.161725999999999459e+01 -7.421051999999999680e+02
1.222478000000000065e+03 4.172981000000000051e+01 -7.434152000000000271e+02
1.224787000000000035e+03 4.183737999999999602e+01 -7.447223000000000184e+02
1.227101000000000113e+03 4.194350000000000023e+01 -7.460279000000000451e+02
1.229416000000000167e+03 4.204989000000000487e+01 -7.473280999999999494e+02
1.231743999999999915e+03 4.215831000000000017e+01 -7.486313999999999851e+02
1.234073999999999842e+03 4.226955000000000240e+01 -7.499293999999999869e+02
1.236404999999999973e+03 4.237919999999999732e+01 -7.512267000000000507e+02
1.238734999999999900e+03 4.248429000000000144e+01 -7.525196999999999434e+02
1.241081999999999880e+03 4.258650000000000091e+01 -7.538234999999999673e+02
1.243423000000000002e+03 4.268650999999999840e+01 -7.551203000000000429e+02
1.245770999999999958e+03 4.278685999999999723e+01 -7.564193999999999960e+02
1.248123000000000047e+03 4.288754000000000133e+01 -7.577174999999999727e+02
1.250478000000000065e+03 4.299081999999999937e+01 -7.590136999999999716e+02
1.252841000000000122e+03 4.309760999999999598e+01 -7.603120000000000118e+02
1.255208999999999833e+03 4.320689999999999742e+01 -7.616115999999999531e+02
1.257578999999999951e+03 4.332063000000000130e+01 -7.629109999999999445e+02
1.259948999999999842e+03 4.343589999999999662e+01 -7.642087000000000216e+02
1.262317999999999984e+03 4.354782000000000153e+01 -7.655014999999999645e+02
1.264716000000000122e+03 4.365179000000000542e+01 -7.668074000000000296e+02
1.267083999999999833e+03 4.373950999999999567e+01 -7.680951999999999771e+02
1.269472999999999956e+03 4.381597999999999615e+01 -7.693931999999999789e+02
1.271867999999999938e+03 4.389318000000000097e+01 -7.706928000000000338e+02
1.274260999999999967e+03 4.397657000000000238e+01 -7.719868999999999915e+02
1.276670000000000073e+03 4.406634000000000384e+01 -7.732870000000000346e+02
1.279073999999999842e+03 4.415904000000000451e+01 -7.745820999999999685e+02
1.281478000000000065e+03 4.425252000000000407e+01 -7.758763000000000147e+02
1.283884999999999991e+03 4.434660999999999831e+01 -7.771707999999999856e+02
1.286289999999999964e+03 4.443880999999999659e+01 -7.784616999999999507e+02
1.288696000000000140e+03 4.452845999999999549e+01 -7.797516000000000531e+02
1.291103000000000065e+03 4.461410999999999660e+01 -7.810407000000000153e+02
1.293509999999999991e+03 4.469610000000000127e+01 -7.823282000000000380e+02
1.295918999999999869e+03 4.477630999999999517e+01 -7.836146999999999707e+02
1.298328999999999951e+03 4.485866000000000042e+01 -7.848990000000000009e+02
1.300741999999999962e+03 4.494118999999999886e+01 -7.861825000000000045e+02
1.303153999999999996e+03 4.502279999999999660e+01 -7.874640000000000555e+02
1.305561000000000149e+03 4.510370000000000346e+01 -7.887421000000000504e+02
1.307966000000000122e+03 4.518137000000000114e+01 -7.900172999999999774e+02
1.310380000000000109e+03 4.525491999999999848e+01 -7.912953999999999724e+02
1.312793999999999869e+03 4.532493000000000194e+01 -7.925712999999999511e+02
1.315207999999999856e+03 4.539320999999999628e+01 -7.938437000000000126e+02
1.317624000000000024e+03 4.546361999999999881e+01 -7.951168000000000120e+02
1.320032000000000153e+03 4.553830999999999563e+01 -7.963845999999999776e+02
1.322448999999999842e+03 4.562650999999999613e+01 -7.976480999999999995e+02
1.324867000000000189e+03 4.570715999999999468e+01 -7.989070000000000391e+02
1.327287000000000035e+03 4.580070999999999515e+01 -8.001722999999999502e+02
1.329708999999999833e+03 4.586664000000000385e+01 -8.014284999999999854e+02
1.332122999999999820e+03 4.592005000000000337e+01 -8.026887000000000398e+02
1.334542000000000144e+03 4.596958000000000055e+01 -8.039500000000000455e+02
1.336962000000000216e+03 4.601545000000000130e+01 -8.052105999999999995e+02
1.339380000000000109e+03 4.606417000000000428e+01 -8.064688999999999623e+02
1.341797000000000025e+03 4.611464999999999748e+01 -8.077231000000000449e+02
1.344212000000000216e+03 4.616920999999999964e+01 -8.089741000000000213e+02
1.346637999999999920e+03 4.621960999999999586e+01 -8.102296000000000049e+02
1.349057999999999993e+03 4.627188999999999908e+01 -8.114818999999999960e+02
1.351477999999999838e+03 4.632032999999999845e+01 -8.127338999999999487e+02
1.353902000000000044e+03 4.636594999999999800e+01 -8.139855999999999767e+02
1.356318999999999960e+03 4.641170999999999935e+01 -8.152327000000000226e+02
1.358740999999999985e+03 4.645845999999999520e+01 -8.164808000000000447e+02
1.361155999999999949e+03 4.650728000000000151e+01 -8.177233999999999696e+02
1.363567999999999984e+03 4.655680999999999869e+01 -8.189605000000000246e+02
1.365979000000000042e+03 4.660484000000000293e+01 -8.201970999999999776e+02
1.368387999999999920e+03 4.665299000000000262e+01 -8.214311999999999898e+02
1.370797000000000025e+03 4.670062000000000069e+01 -8.226634999999999991e+02
1.373206000000000131e+03 4.674965999999999866e+01 -8.238931999999999789e+02
1.375612000000000080e+03 4.679807000000000272e+01 -8.251194000000000415e+02
1.378013999999999896e+03 4.684357999999999578e+01 -8.263423999999999978e+02
1.380422999999999774e+03 4.688691000000000031e+01 -8.275660000000000309e+02
1.382829999999999927e+03 4.692623999999999995e+01 -8.287849999999999682e+02
1.385240999999999985e+03 4.696242999999999768e+01 -8.300027999999999793e+02
1.387647000000000162e+03 4.699430999999999869e+01 -8.312155000000000200e+02
1.390057999999999993e+03 4.702337999999999596e+01 -8.324279999999999973e+02
1.392472999999999956e+03 4.705185000000000173e+01 -8.336398000000000366e+02
1.394882999999999811e+03 4.707894000000000290e+01 -8.348469999999999800e+02
1.397297000000000025e+03 4.710779000000000138e+01 -8.360544999999999618e+02
1.399712000000000216e+03 4.713562999999999903e+01 -8.372586000000000013e+02
1.402117999999999938e+03 4.716494999999999749e+01 -8.384586000000000467e+02
1.404530999999999949e+03 4.719420000000000215e+01 -8.396595999999999549e+02
1.406940000000000055e+03 4.722089000000000425e+01 -8.408559999999999945e+02
1.409345000000000027e+03 4.724748999999999910e+01 -8.420488000000000284e+02
1.411747999999999820e+03 4.727064000000000021e+01 -8.432372000000000298e+02
1.414144999999999982e+03 4.729259000000000412e+01 -8.444198999999999842e+02
1.416545000000000073e+03 4.731260999999999939e+01 -8.456026000000000522e+02
1.418942000000000007e+03 4.732869000000000170e+01 -8.467820000000000391e+02
1.421337999999999965e+03 4.734203000000000117e+01 -8.479587000000000216e+02
1.423739000000000033e+03 4.735819999999999652e+01 -8.491316000000000486e+02
1.426137000000000171e+03 4.737430999999999415e+01 -8.503038000000000238e+02
1.428539999999999964e+03 4.739106999999999914e+01 -8.514737000000000080e+02
1.430938999999999851e+03 4.740614000000000061e+01 -8.526427999999999656e+02
1.433337999999999965e+03 4.741638999999999982e+01 -8.538097999999999956e+02
1.435734999999999900e+03 4.742140999999999451e+01 -8.549746999999999844e+02
1.438134000000000015e+03 4.742352000000000345e+01 -8.561389000000000351e+02
1.440537000000000035e+03 4.742645999999999873e+01 -8.573020000000000209e+02
1.442936000000000149e+03 4.743236999999999881e+01 -8.584620999999999640e+02
1.445329999999999927e+03 4.743887000000000143e+01 -8.596177000000000135e+02
1.447721000000000004e+03 4.744619999999999749e+01 -8.607712999999999965e+02
1.450115999999999985e+03 4.745202000000000453e+01 -8.619225999999999885e+02
1.452509000000000015e+03 4.745635999999999655e+01 -8.630706000000000131e+02
1.454898999999999887e+03 4.745953000000000088e+01 -8.642128999999999905e+02
1.457287999999999784e+03 4.746457999999999799e+01 -8.653538999999999533e+02
1.459672000000000025e+03 4.746994999999999720e+01 -8.664904999999999973e+02
1.462057999999999993e+03 4.747404999999999831e+01 -8.676272000000000162e+02
1.464432000000000016e+03 4.747977000000000203e+01 -8.687581000000000131e+02
1.466807000000000016e+03 4.747599000000000302e+01 -8.698864999999999554e+02
1.469182000000000016e+03 4.746688999999999936e+01 -8.710137999999999465e+02
1.471549999999999955e+03 4.746029000000000053e+01 -8.721349999999999909e+02
1.473920000000000073e+03 4.745073000000000008e+01 -8.732572999999999865e+02
1.476282999999999902e+03 4.743923000000000201e+01 -8.743733999999999469e+02
1.478642000000000053e+03 4.742685000000000173e+01 -8.754850999999999885e+02
1.481000999999999976e+03 4.742477000000000231e+01 -8.765933999999999742e+02
1.483347999999999956e+03 4.742591999999999786e+01 -8.776952999999999747e+02
1.485696000000000140e+03 4.743610999999999933e+01 -8.787965000000000373e+02
1.488042000000000144e+03 4.744803999999999888e+01 -8.798970000000000482e+02
1.490381000000000085e+03 4.745674999999999955e+01 -8.809933999999999514e+02
1.492712000000000216e+03 4.746804000000000201e+01 -8.820850000000000364e+02
1.495041000000000167e+03 4.747876000000000118e+01 -8.831749999999999545e+02
1.497362999999999829e+03 4.749160999999999433e+01 -8.842612000000000307e+02
1.499686000000000149e+03 4.751404999999999745e+01 -8.853464000000000169e+02
1.501996000000000095e+03 4.753209999999999980e+01 -8.864270000000000209e+02
1.504297999999999774e+03 4.754395999999999844e+01 -8.875022999999999911e+02
1.506607999999999947e+03 4.755386000000000024e+01 -8.885792999999999893e+02
1.508912999999999784e+03 4.756551999999999936e+01 -8.896523999999999432e+02
1.511216000000000122e+03 4.758029000000000508e+01 -8.907228999999999814e+02
1.513509999999999991e+03 4.759750999999999976e+01 -8.917874000000000478e+02
1.515801000000000158e+03 4.761124000000000223e+01 -8.928484999999999445e+02
1.518096000000000004e+03 4.762398999999999916e+01 -8.939095999999999549e+02
1.520387999999999920e+03 4.763313000000000130e+01 -8.949664999999999964e+02
1.522676000000000158e+03 4.764595999999999520e+01 -8.960190999999999804e+02
1.524961000000000013e+03 4.766735999999999507e+01 -8.970705000000000382e+02
1.527242000000000189e+03 4.768705999999999534e+01 -8.981169999999999618e+02
1.529522999999999911e+03 4.770517000000000252e+01 -8.991622999999999593e+02
1.531795000000000073e+03 4.772019999999999840e+01 -9.002016999999999598e+02
1.534067000000000007e+03 4.773131000000000057e+01 -9.012400999999999840e+02
1.536337000000000216e+03 4.773817999999999984e+01 -9.022741999999999507e+02
1.538605000000000018e+03 4.775082000000000448e+01 -9.033060000000000400e+02
1.540872999999999820e+03 4.776928000000000196e+01 -9.043348999999999478e+02
1.543134000000000015e+03 4.779345999999999606e+01 -9.053583999999999605e+02
1.545392000000000053e+03 4.781679000000000457e+01 -9.063786999999999807e+02
1.547641000000000076e+03 4.783342999999999989e+01 -9.073939000000000306e+02
1.549884000000000015e+03 4.784794000000000125e+01 -9.084067000000000007e+02
1.552134000000000015e+03 4.786034000000000077e+01 -9.094202999999999975e+02
1.554374000000000024e+03 4.787274000000000029e+01 -9.104252000000000180e+02
1.556611000000000104e+03 4.788767999999999603e+01 -9.114270999999999958e+02
1.558842000000000098e+03 4.790467999999999904e+01 -9.124266000000000076e+02
1.561071000000000140e+03 4.792614999999999981e+01 -9.134262999999999693e+02
1.563292000000000144e+03 4.794997000000000043e+01 -9.144261000000000195e+02
1.565507000000000062e+03 4.797397000000000133e+01 -9.154256000000000313e+02
1.567716000000000122e+03 4.799707000000000079e+01 -9.164240999999999531e+02
1.569920000000000073e+03 4.801984999999999815e+01 -9.174221999999999753e+02
1.572125999999999976e+03 4.804377000000000209e+01 -9.184231999999999516e+02
1.574331000000000131e+03 4.806802000000000419e+01 -9.194262999999999693e+02
1.576527999999999793e+03 4.809300999999999959e+01 -9.204288999999999987e+02
1.578722999999999956e+03 4.811923000000000172e+01 -9.214311999999999898e+02
1.580910000000000082e+03 4.814314000000000249e+01 -9.224315000000000282e+02
1.583105999999999995e+03 4.816605999999999455e+01 -9.234385999999999513e+02
1.585293999999999869e+03 4.818910000000000338e+01 -9.244438000000000102e+02
1.587477000000000089e+03 4.821155000000000257e+01 -9.254493999999999687e+02
1.589655999999999949e+03 4.823639000000000010e+01 -9.264574000000000069e+02
1.591825000000000045e+03 4.826259999999999906e+01 -9.274665999999999713e+02
1.593997999999999820e+03 4.829025000000000034e+01 -9.284840000000000373e+02
1.596155999999999949e+03 4.831939000000000561e+01 -9.295025000000000546e+02
1.598308999999999969e+03 4.834905999999999437e+01 -9.305254999999999654e+02
1.600456000000000131e+03 4.837801999999999936e+01 -9.315522999999999456e+02
1.602594000000000051e+03 4.840547999999999718e+01 -9.325807999999999538e+02
1.604727999999999838e+03 4.843405999999999523e+01 -9.336147999999999456e+02
1.606851000000000113e+03 4.846143000000000001e+01 -9.346535000000000082e+02
1.608967999999999847e+03 4.849195000000000277e+01 -9.356991000000000440e+02
1.611078999999999951e+03 4.852624000000000137e+01 -9.367469999999999573e+02
1.613177000000000135e+03 4.856114000000000175e+01 -9.377952999999999975e+02
1.615276000000000067e+03 4.859696999999999889e+01 -9.388487999999999829e+02
1.617365000000000009e+03 4.863324999999999676e+01 -9.399034000000000333e+02
1.619446000000000140e+03 4.867009000000000185e+01 -9.409605999999999995e+02
1.621513999999999896e+03 4.870767000000000024e+01 -9.420173999999999523e+02
1.623582000000000107e+03 4.874550999999999590e+01 -9.430797999999999774e+02
1.625638999999999896e+03 4.878112000000000137e+01 -9.441386999999999716e+02
1.627692000000000007e+03 4.881363999999999947e+01 -9.451947999999999865e+02
1.629739000000000033e+03 4.884335999999999700e+01 -9.462492999999999483e+02
1.631779999999999973e+03 4.887178000000000111e+01 -9.473020000000000209e+02
1.633818999999999960e+03 4.889791999999999916e+01 -9.483573999999999842e+02
1.635847999999999956e+03 4.892251999999999867e+01 -9.494093000000000302e+02
1.637875999999999976e+03 4.894713000000000136e+01 -9.504615999999999758e+02
1.639897999999999911e+03 4.897458999999999918e+01 -9.515090000000000146e+02
1.641904999999999973e+03 4.900260999999999711e+01 -9.525508999999999560e+02
1.643920000000000073e+03 4.903083000000000169e+01 -9.535981000000000449e+02
1.645927000000000135e+03 4.906123000000000189e+01 -9.546358000000000175e+02
1.647928999999999860e+03 4.909362000000000137e+01 -9.556717999999999620e+02
1.649931000000000040e+03 4.913069999999999737e+01 -9.567024999999999864e+02
1.651926000000000158e+03 4.917784999999999940e+01 -9.577232000000000198e+02
1.653922000000000025e+03 4.922770999999999475e+01 -9.587391999999999825e+02
1.655907000000000153e+03 4.927403999999999940e+01 -9.597428999999999633e+02
1.657887999999999920e+03 4.931059000000000481e+01 -9.607445000000000164e+02
1.659867999999999938e+03 4.933670999999999651e+01 -9.617406999999999471e+02
1.661857000000000198e+03 4.936368000000000222e+01 -9.627322000000000344e+02
1.663845000000000027e+03 4.939844999999999686e+01 -9.637141000000000304e+02
1.665835000000000036e+03 4.943881999999999977e+01 -9.646864000000000487e+02
1.667827999999999975e+03 4.948118000000000194e+01 -9.656520000000000437e+02
1.669812999999999874e+03 4.952420999999999651e+01 -9.666100000000000136e+02
1.671797000000000025e+03 4.956456000000000017e+01 -9.675648999999999660e+02
1.673786000000000058e+03 4.960599000000000558e+01 -9.685170000000000528e+02
1.675782000000000153e+03 4.965129999999999910e+01 -9.694643999999999551e+02
1.677760999999999967e+03 4.969652999999999565e+01 -9.703985000000000127e+02
1.679740000000000009e+03 4.974000000000000199e+01 -9.713311999999999671e+02
1.681722999999999956e+03 4.978184999999999860e+01 -9.722640999999999849e+02
1.683702999999999975e+03 4.982334000000000174e+01 -9.731964000000000397e+02
1.685682000000000016e+03 4.986559000000000452e+01 -9.741287999999999556e+02
1.687654999999999973e+03 4.990905000000000058e+01 -9.750597000000000207e+02
1.689621000000000095e+03 4.995262000000000313e+01 -9.759855000000000018e+02
1.691585000000000036e+03 4.999582000000000193e+01 -9.769104999999999563e+02
1.693546000000000049e+03 5.003775999999999868e+01 -9.778337999999999965e+02
1.695506000000000085e+03 5.007831999999999795e+01 -9.787576999999999998e+02
1.697460000000000036e+03 5.012017000000000166e+01 -9.796788999999999987e+02
1.699416000000000167e+03 5.016514999999999702e+01 -9.805993999999999460e+02
1.701377999999999929e+03 5.021139000000000152e+01 -9.815203000000000202e+02
1.703321000000000140e+03 5.025831999999999766e+01 -9.824311000000000149e+02
1.705257999999999811e+03 5.030572000000000088e+01 -9.833354000000000497e+02
1.707206000000000131e+03 5.035511999999999944e+01 -9.842435000000000400e+02
1.709144000000000005e+03 5.040597999999999956e+01 -9.851450999999999567e+02
1.711077999999999975e+03 5.045685000000000286e+01 -9.860442000000000462e+02
1.713010999999999967e+03 5.050409000000000503e+01 -9.869389999999999645e+02
1.714950000000000045e+03 5.054621999999999815e+01 -9.878314000000000306e+02
1.716881000000000085e+03 5.058930999999999756e+01 -9.887142999999999802e+02
1.718815000000000055e+03 5.063886000000000109e+01 -9.895928000000000111e+02
1.720747999999999820e+03 5.069221999999999895e+01 -9.904666999999999462e+02
1.722677999999999884e+03 5.074707999999999686e+01 -9.913365999999999758e+02
1.724607999999999947e+03 5.080391999999999797e+01 -9.922037000000000262e+02
1.726527999999999793e+03 5.085882000000000147e+01 -9.930630999999999631e+02
1.728443999999999960e+03 5.091307000000000471e+01 -9.939180999999999813e+02
1.730368999999999915e+03 5.096952999999999889e+01 -9.947738000000000511e+02
1.732260999999999967e+03 5.102121999999999957e+01 -9.956155999999999722e+02
1.734158999999999878e+03 5.107169999999999987e+01 -9.964578000000000202e+02
1.736037999999999784e+03 5.112203000000000230e+01 -9.972930000000000064e+02
1.737914999999999964e+03 5.117020000000000124e+01 -9.981263999999999896e+02
1.739776000000000067e+03 5.121849000000000274e+01 -9.989527000000000498e+02
1.741628999999999905e+03 5.126879999999999882e+01 -9.997740999999999758e+02
1.743474999999999909e+03 5.132253000000000043e+01 -1.000590000000000032e+03
1.745307999999999993e+03 5.137572999999999723e+01 -1.001398000000000025e+03
1.747151000000000067e+03 5.144765999999999906e+01 -1.002198999999999955e+03
1.748971000000000004e+03 5.150814000000000448e+01 -1.002990000000000009e+03
1.750783999999999878e+03 5.155995000000000061e+01 -1.003788000000000011e+03
1.752592000000000098e+03 5.160634999999999906e+01 -1.004588999999999942e+03
1.754387999999999920e+03 5.165385999999999456e+01 -1.005375000000000000e+03
1.756187000000000126e+03 5.170577999999999719e+01 -1.006164999999999964e+03
1.757973999999999933e+03 5.176265000000000072e+01 -1.006956999999999994e+03
1.759750999999999976e+03 5.182310999999999979e+01 -1.007751000000000090e+03
1.761512999999999920e+03 5.188342000000000098e+01 -1.008543999999999983e+03
1.763260999999999967e+03 5.195284999999999798e+01 -1.009335000000000036e+03
1.764997999999999820e+03 5.201044999999999874e+01 -1.010123000000000047e+03
1.766720000000000027e+03 5.207057999999999964e+01 -1.010908999999999992e+03
1.768423999999999978e+03 5.212901000000000096e+01 -1.011690000000000055e+03
1.770112999999999829e+03 5.218614999999999782e+01 -1.012466999999999985e+03
1.771786000000000058e+03 5.224293000000000120e+01 -1.013241999999999962e+03
1.773447000000000116e+03 5.230027000000000470e+01 -1.014013999999999896e+03
1.775097000000000207e+03 5.235761000000000109e+01 -1.014784999999999968e+03
1.776730999999999995e+03 5.241429999999999723e+01 -1.015552000000000021e+03
1.778349999999999909e+03 5.247129000000000332e+01 -1.016316000000000031e+03
1.779953999999999951e+03 5.252858000000000516e+01 -1.017080000000000041e+03
1.781538999999999987e+03 5.258609000000000577e+01 -1.017840000000000032e+03
1.783104000000000042e+03 5.264253000000000782e+01 -1.018596000000000004e+03
1.784648999999999887e+03 5.269796999999999798e+01 -1.019346999999999980e+03
1.786177999999999884e+03 5.275441000000000003e+01 -1.020096999999999980e+03
1.787687999999999874e+03 5.281141999999999825e+01 -1.020850000000000023e+03
1.789177999999999884e+03 5.287005999999999517e+01 -1.021603999999999928e+03
1.790644000000000005e+03 5.292870999999999526e+01 -1.022358999999999924e+03
1.792092999999999847e+03 5.298755999999999489e+01 -1.023118999999999915e+03
1.793507999999999811e+03 5.304490999999999445e+01 -1.023881000000000085e+03
1.794917999999999893e+03 5.310413000000000494e+01 -1.024664999999999964e+03
1.796305000000000064e+03 5.316250999999999749e+01 -1.025466999999999871e+03
1.797644999999999982e+03 5.322560999999999609e+01 -1.026269000000000005e+03
1.798986000000000104e+03 5.328640000000000043e+01 -1.027105000000000018e+03
1.800302999999999884e+03 5.334948000000000690e+01 -1.027956999999999880e+03
1.801572999999999865e+03 5.341859999999999786e+01 -1.028813999999999851e+03
1.802848999999999933e+03 5.348745999999999867e+01 -1.029704999999999927e+03
1.804069999999999936e+03 5.355686999999999642e+01 -1.030593000000000075e+03
1.805302000000000135e+03 5.362778000000000134e+01 -1.031525000000000091e+03
1.806512000000000171e+03 5.370200999999999425e+01 -1.032479000000000042e+03
1.807658999999999878e+03 5.378134000000000015e+01 -1.033436000000000149e+03
1.808822999999999865e+03 5.386369000000000540e+01 -1.034438999999999851e+03
1.809964999999999918e+03 5.394891999999999399e+01 -1.035466999999999871e+03
1.811032000000000153e+03 5.403156999999999499e+01 -1.036486000000000104e+03
1.812119999999999891e+03 5.411920999999999538e+01 -1.037563000000000102e+03
1.813127000000000180e+03 5.420739999999999981e+01 -1.038631000000000085e+03
1.814162999999999784e+03 5.429748000000000729e+01 -1.039763999999999896e+03
1.815168999999999869e+03 5.439358000000000715e+01 -1.040921000000000049e+03
1.816082999999999856e+03 5.449431999999999476e+01 -1.042061999999999898e+03
1.817025000000000091e+03 5.459850000000000136e+01 -1.043266000000000076e+03
1.817931000000000040e+03 5.470465000000000089e+01 -1.044483999999999924e+03
1.818743999999999915e+03 5.481008000000000635e+01 -1.045692999999999984e+03
1.819586000000000013e+03 5.491600999999999999e+01 -1.046958999999999833e+03
1.820326000000000022e+03 5.502253999999999934e+01 -1.048206999999999880e+03
1.821099999999999909e+03 5.513094999999999857e+01 -1.049517000000000053e+03
1.821837999999999965e+03 5.524358000000000146e+01 -1.050847999999999956e+03
1.822464999999999918e+03 5.535588000000000619e+01 -1.052152000000000044e+03
1.823124000000000024e+03 5.547131999999999863e+01 -1.053518000000000029e+03
1.823739000000000033e+03 5.558596000000000004e+01 -1.054896999999999935e+03
1.824255000000000109e+03 5.570364000000000004e+01 -1.056259999999999991e+03
1.824795000000000073e+03 5.582354999999999734e+01 -1.057672000000000025e+03
1.825227999999999838e+03 5.594069999999999965e+01 -1.059056000000000040e+03
1.825687999999999874e+03 5.606658000000000186e+01 -1.060490999999999985e+03
1.826105000000000018e+03 5.619031999999999272e+01 -1.061933999999999969e+03
1.826417999999999893e+03 5.631630999999999432e+01 -1.063356999999999971e+03
1.826757999999999811e+03 5.644400999999999868e+01 -1.064825000000000045e+03
1.827053999999999860e+03 5.657325000000000159e+01 -1.066299999999999955e+03
1.827247999999999820e+03 5.670275999999999783e+01 -1.067743999999999915e+03
1.827463999999999942e+03 5.683518000000000114e+01 -1.069230000000000018e+03
1.827640000000000100e+03 5.696880000000000166e+01 -1.070726000000000113e+03
1.827717000000000098e+03 5.709950999999999510e+01 -1.072184999999999945e+03
1.827812000000000126e+03 5.723214999999999719e+01 -1.073686999999999898e+03
1.827812000000000126e+03 5.736580000000000013e+01 -1.075152000000000044e+03
1.827829999999999927e+03 5.749929000000000201e+01 -1.076658000000000129e+03
1.827812000000000126e+03 5.763595000000000113e+01 -1.078164999999999964e+03
1.827696000000000140e+03 5.776980999999999966e+01 -1.079635999999999967e+03
1.827601000000000113e+03 5.790770999999999447e+01 -1.081138999999999896e+03
1.827467999999999847e+03 5.804395999999999844e+01 -1.082643000000000029e+03
1.827233999999999924e+03 5.817193000000000325e+01 -1.084111000000000104e+03
1.827022999999999911e+03 5.830230000000000246e+01 -1.085615000000000009e+03
1.826703999999999951e+03 5.843591999999999587e+01 -1.087071999999999889e+03
1.826410000000000082e+03 5.856608000000000658e+01 -1.088568999999999960e+03
1.826076000000000022e+03 5.870315000000000083e+01 -1.090056000000000040e+03
1.825632999999999811e+03 5.883384000000000214e+01 -1.091489000000000033e+03
1.825213999999999942e+03 5.896963000000000221e+01 -1.092953999999999951e+03
1.824755000000000109e+03 5.910200999999999993e+01 -1.094410000000000082e+03
1.824182999999999993e+03 5.923539999999999850e+01 -1.095811000000000149e+03
1.823642999999999802e+03 5.936849999999999739e+01 -1.097240000000000009e+03
1.823059999999999945e+03 5.949506999999999834e+01 -1.098648000000000138e+03
1.822357000000000198e+03 5.960684000000000538e+01 -1.099994999999999891e+03
1.821683999999999969e+03 5.972050999999999732e+01 -1.101364000000000033e+03
1.820888999999999896e+03 5.984234000000000009e+01 -1.102660000000000082e+03
1.820138999999999896e+03 5.994355999999999796e+01 -1.103993999999999915e+03
1.819352000000000089e+03 6.005208000000000368e+01 -1.105305000000000064e+03
1.818450000000000045e+03 6.015961000000000070e+01 -1.106541999999999916e+03
1.817588999999999942e+03 6.027091000000000065e+01 -1.107798999999999978e+03
1.816693999999999960e+03 6.038345000000000340e+01 -1.109028999999999996e+03
1.815684999999999945e+03 6.049128000000000327e+01 -1.110182000000000016e+03
1.814722999999999956e+03 6.060226999999999720e+01 -1.111351000000000113e+03
1.813645999999999958e+03 6.071215999999999724e+01 -1.112442999999999984e+03
1.812614000000000033e+03 6.082078000000000628e+01 -1.113551000000000158e+03
1.811551000000000158e+03 6.093013000000000545e+01 -1.114625999999999976e+03
1.810377999999999929e+03 6.103585999999999956e+01 -1.115622000000000071e+03
1.809249000000000024e+03 6.114424000000000348e+01 -1.116631000000000085e+03
1.808087999999999965e+03 6.124884000000000128e+01 -1.117605999999999995e+03
1.806825000000000045e+03 6.134899000000000058e+01 -1.118505000000000109e+03
1.805602999999999838e+03 6.144839000000000340e+01 -1.119412000000000035e+03
1.804283999999999878e+03 6.154684000000000310e+01 -1.120246000000000095e+03
1.803007999999999811e+03 6.164581999999999340e+01 -1.121086999999999989e+03
1.801706000000000131e+03 6.174345999999999890e+01 -1.121892000000000053e+03
1.800315000000000055e+03 6.183905999999999636e+01 -1.122623000000000047e+03
1.798960000000000036e+03 6.193421000000000021e+01 -1.123357999999999947e+03
1.797578999999999951e+03 6.202920000000000300e+01 -1.124057999999999993e+03
1.796124000000000024e+03 6.211734000000000577e+01 -1.124692000000000007e+03
1.794701000000000022e+03 6.220731999999999573e+01 -1.125325000000000045e+03
1.793252999999999929e+03 6.229534000000000304e+01 -1.125928000000000111e+03
1.791742000000000189e+03 6.238523000000000707e+01 -1.126471000000000004e+03
1.790257999999999811e+03 6.247435000000000116e+01 -1.127003999999999905e+03
1.788716000000000122e+03 6.256089999999999662e+01 -1.127484999999999900e+03
1.787193999999999960e+03 6.264481999999999573e+01 -1.127954999999999927e+03
1.785653999999999996e+03 6.272811999999999699e+01 -1.128394999999999982e+03
1.784075000000000045e+03 6.280870999999999782e+01 -1.128793000000000120e+03
1.782506000000000085e+03 6.289076000000000022e+01 -1.129180000000000064e+03
1.780922000000000025e+03 6.297070999999999685e+01 -1.129541000000000167e+03
1.779311000000000149e+03 6.304728000000000776e+01 -1.129873000000000047e+03
1.777702000000000226e+03 6.312234000000000123e+01 -1.130192999999999984e+03
1.776082000000000107e+03 6.319500999999999635e+01 -1.130493999999999915e+03
1.774438999999999851e+03 6.326738000000000284e+01 -1.130770999999999958e+03
1.772797000000000025e+03 6.333920999999999424e+01 -1.131038000000000011e+03
1.771134999999999991e+03 6.341171999999999542e+01 -1.131283999999999878e+03
1.769479000000000042e+03 6.348360999999999876e+01 -1.131517000000000053e+03
1.767796000000000049e+03 6.355799000000000376e+01 -1.131740000000000009e+03
1.766112999999999829e+03 6.363221999999999667e+01 -1.131948999999999842e+03
1.764427999999999884e+03 6.370595999999999748e+01 -1.132152000000000044e+03
1.762736000000000104e+03 6.377871999999999275e+01 -1.132347999999999956e+03
1.761046000000000049e+03 6.385108999999999924e+01 -1.132533999999999878e+03
1.759352999999999838e+03 6.392280000000000229e+01 -1.132712999999999965e+03
1.757654999999999973e+03 6.399475999999999942e+01 -1.132884999999999991e+03
1.755958999999999833e+03 6.406681999999999277e+01 -1.133051000000000158e+03
1.754260999999999967e+03 6.413795000000000357e+01 -1.133210000000000036e+03
1.752565000000000055e+03 6.420815000000000339e+01 -1.133365999999999985e+03
1.750862999999999829e+03 6.427888000000000090e+01 -1.133519000000000005e+03
1.749162999999999784e+03 6.434810999999999126e+01 -1.133668999999999869e+03
1.747457999999999856e+03 6.441720999999999719e+01 -1.133817999999999984e+03
1.745755000000000109e+03 6.448640999999999224e+01 -1.133963999999999942e+03
1.744051000000000158e+03 6.455658999999999992e+01 -1.134107999999999947e+03
1.742342000000000098e+03 6.462863000000000113e+01 -1.134250999999999976e+03
1.740634999999999991e+03 6.470177999999999940e+01 -1.134391000000000076e+03
1.738928999999999860e+03 6.477563999999999567e+01 -1.134529999999999973e+03
1.737220000000000027e+03 6.484950000000000614e+01 -1.134666999999999916e+03
1.735516000000000076e+03 6.492197000000000173e+01 -1.134801999999999907e+03
1.733809999999999945e+03 6.499469999999999459e+01 -1.134933999999999969e+03
1.732115000000000009e+03 6.506584999999999752e+01 -1.135063999999999851e+03
1.730426000000000158e+03 6.513665000000000305e+01 -1.135192000000000007e+03
1.728747999999999820e+03 6.520510999999999058e+01 -1.135318999999999960e+03
1.727075000000000045e+03 6.527167000000000030e+01 -1.135441000000000031e+03
1.725403999999999996e+03 6.533481000000000449e+01 -1.135561000000000149e+03
1.723740000000000009e+03 6.539480999999999256e+01 -1.135676000000000158e+03
1.722082000000000107e+03 6.545265999999999451e+01 -1.135788000000000011e+03
1.720432000000000016e+03 6.551239999999999952e+01 -1.135894000000000005e+03
1.718787000000000035e+03 6.556950000000000500e+01 -1.135994999999999891e+03
1.717161000000000058e+03 6.562470999999999322e+01 -1.136086000000000013e+03
1.715535000000000082e+03 6.567949000000000126e+01 -1.136161000000000058e+03
1.713931000000000040e+03 6.573198999999999614e+01 -1.136224999999999909e+03
1.712341000000000122e+03 6.578230999999999540e+01 -1.136270999999999958e+03
1.710746000000000095e+03 6.583270000000000266e+01 -1.136295000000000073e+03
1.709183999999999969e+03 6.588013000000000829e+01 -1.136307999999999993e+03
1.707612999999999829e+03 6.592723999999999762e+01 -1.136285000000000082e+03
1.706077999999999975e+03 6.597128000000000725e+01 -1.136252999999999929e+03
1.704565000000000055e+03 6.601229999999999620e+01 -1.136193999999999960e+03
1.703030999999999949e+03 6.604779000000000622e+01 -1.136085000000000036e+03
1.701547999999999774e+03 6.608115999999999701e+01 -1.135966999999999871e+03
1.700082000000000107e+03 6.611041000000000167e+01 -1.135821000000000140e+03
1.698586000000000013e+03 6.613649000000000910e+01 -1.135613000000000056e+03
1.697154999999999973e+03 6.616214999999999691e+01 -1.135401000000000067e+03
1.695668999999999869e+03 6.618653000000000475e+01 -1.135101999999999862e+03
1.694240999999999985e+03 6.621043000000000234e+01 -1.134791000000000167e+03
1.692835000000000036e+03 6.621800999999999249e+01 -1.134471999999999980e+03
1.691371000000000095e+03 6.620730000000000359e+01 -1.134067000000000007e+03
1.689990999999999985e+03 6.619590999999999781e+01 -1.133671000000000049e+03
1.688621000000000095e+03 6.617116000000000042e+01 -1.133231999999999971e+03
1.687197000000000116e+03 6.614385000000000048e+01 -1.132692999999999984e+03
1.685869999999999891e+03 6.609640999999999167e+01 -1.132171000000000049e+03
1.684476000000000113e+03 6.606231999999999971e+01 -1.131541000000000167e+03
1.683200000000000045e+03 6.601775999999999556e+01 -1.130934999999999945e+03
1.681961000000000013e+03 6.598451999999998918e+01 -1.130283999999999878e+03
1.680642999999999802e+03 6.594240999999999531e+01 -1.129519999999999982e+03
1.679457000000000107e+03 6.590758000000001005e+01 -1.128777000000000044e+03
1.678306000000000040e+03 6.587100999999999829e+01 -1.127996000000000095e+03
1.677078999999999951e+03 6.582756999999999437e+01 -1.127101999999999862e+03
1.675989000000000033e+03 6.578896000000000299e+01 -1.126240000000000009e+03
1.674826000000000022e+03 6.574585000000000434e+01 -1.125267000000000053e+03
1.673811000000000149e+03 6.570668000000000575e+01 -1.124328999999999951e+03
1.672831000000000131e+03 6.566320000000000334e+01 -1.123355000000000018e+03
1.671787000000000035e+03 6.561312999999999818e+01 -1.122273999999999887e+03
1.670884000000000015e+03 6.556275999999999726e+01 -1.121226999999999862e+03
1.670025000000000091e+03 6.550954000000000121e+01 -1.120148999999999887e+03
1.669098999999999933e+03 6.544745999999999242e+01 -1.118971999999999980e+03
1.668318999999999960e+03 6.538885999999999399e+01 -1.117831000000000131e+03
1.667480999999999995e+03 6.532216999999999985e+01 -1.116598999999999933e+03
1.666782999999999902e+03 6.525391999999999371e+01 -1.115408000000000129e+03
1.666115999999999985e+03 6.518498999999999910e+01 -1.114182999999999993e+03
1.665408999999999878e+03 6.510461999999999705e+01 -1.112881000000000085e+03
1.664817000000000007e+03 6.503253999999999735e+01 -1.111608999999999924e+03
1.664267000000000053e+03 6.495834999999999582e+01 -1.110319999999999936e+03
1.663678999999999860e+03 6.487654000000000565e+01 -1.108960000000000036e+03
1.663208999999999833e+03 6.479506999999999550e+01 -1.107636999999999944e+03
1.662780999999999949e+03 6.471286999999999523e+01 -1.106297000000000025e+03
1.662301000000000158e+03 6.462430999999999415e+01 -1.104877999999999929e+03
1.661957999999999856e+03 6.453799999999999670e+01 -1.103507000000000062e+03
1.661562000000000126e+03 6.446914999999999907e+01 -1.102061999999999898e+03
1.661318999999999960e+03 6.436320000000000618e+01 -1.100684999999999945e+03
1.661115000000000009e+03 6.426554000000000144e+01 -1.099283999999999878e+03
1.660875000000000000e+03 6.414444000000000301e+01 -1.097801999999999907e+03
1.660772000000000162e+03 6.405173999999999523e+01 -1.096369999999999891e+03
1.660723999999999933e+03 6.395350999999999431e+01 -1.094938999999999851e+03
1.660624000000000024e+03 6.386049000000000575e+01 -1.093443999999999960e+03
1.660666000000000167e+03 6.375654999999999717e+01 -1.092013999999999896e+03
1.660664999999999964e+03 6.365346999999999866e+01 -1.090516000000000076e+03
1.660807999999999993e+03 6.353899000000000541e+01 -1.089081000000000131e+03
1.660997999999999820e+03 6.342385999999999768e+01 -1.087648999999999887e+03
1.661140000000000100e+03 6.330548000000000286e+01 -1.086158999999999878e+03
1.661422999999999774e+03 6.318843999999999994e+01 -1.084736000000000104e+03
1.661752000000000180e+03 6.307256999999999181e+01 -1.083311999999999898e+03
1.662048999999999978e+03 6.295694000000000301e+01 -1.081841000000000122e+03
1.662469000000000051e+03 6.284239000000000175e+01 -1.080423999999999978e+03
1.662868999999999915e+03 6.272405999999999437e+01 -1.078968000000000075e+03
1.663374000000000024e+03 6.261486999999999625e+01 -1.077556000000000040e+03
1.663913999999999987e+03 6.250419000000000125e+01 -1.076148000000000138e+03
1.664444999999999936e+03 6.239674999999999727e+01 -1.074719000000000051e+03
1.665055000000000064e+03 6.228660999999999603e+01 -1.073325000000000045e+03
1.665691000000000031e+03 6.217659000000000447e+01 -1.071932999999999993e+03
1.666333999999999833e+03 6.206216999999999473e+01 -1.070533999999999878e+03
1.667039999999999964e+03 6.195259999999999678e+01 -1.069131000000000085e+03
1.667747999999999820e+03 6.184361999999999426e+01 -1.067757000000000062e+03
1.668471000000000004e+03 6.173871999999999360e+01 -1.066365000000000009e+03
1.669232999999999947e+03 6.163280000000000314e+01 -1.064989000000000033e+03
1.670010999999999967e+03 6.152604000000000184e+01 -1.063611000000000104e+03
1.670819999999999936e+03 6.141849000000000558e+01 -1.062226999999999862e+03
1.671640000000000100e+03 6.131031000000000120e+01 -1.060839999999999918e+03
1.672454999999999927e+03 6.120476999999999634e+01 -1.059463999999999942e+03
1.673288999999999987e+03 6.109890000000000043e+01 -1.058081999999999880e+03
1.674134999999999991e+03 6.099426999999999310e+01 -1.056682999999999993e+03
1.674989000000000033e+03 6.089091999999999416e+01 -1.055278000000000020e+03
1.675852999999999838e+03 6.078999999999999915e+01 -1.053859999999999900e+03
1.676716000000000122e+03 6.069110999999999478e+01 -1.052451000000000022e+03
1.677591000000000122e+03 6.059208000000000283e+01 -1.051033000000000129e+03
1.678472999999999956e+03 6.049193000000000353e+01 -1.049604000000000042e+03
1.679381000000000085e+03 6.038454000000000121e+01 -1.048144999999999982e+03
1.680259000000000015e+03 6.028088999999999942e+01 -1.046739000000000033e+03
1.681167000000000144e+03 6.017613000000000767e+01 -1.045291000000000167e+03
