-1.325778663158416748e-02 -1.735142059624195099e-02 1.003343462944030762e+00
6.993128359317779541e-02 -1.041021384298801422e-02 1.104767680168151855e+00
1.682387739419937134e-01 -5.612993612885475159e-03 1.124243497848510742e+00
1.880770176649093628e-01 -6.015578284859657288e-03 1.085804820060729980e+00
2.408486157655715942e-01 -1.308862306177616119e-02 1.050550103187561035e+00
3.034934401512145996e-01 -1.648479886353015900e-02 1.051742196083068848e+00
3.689945340156555176e-01 -2.065991051495075226e-02 1.060641884803771973e+00
4.078383445739746094e-01 -3.076184727251529694e-02 1.130555987358093262e+00
3.968361616134643555e-01 -2.628816850483417511e-02 1.105517387390136719e+00
4.173703789710998535e-01 -1.702463068068027496e-02 9.519839882850646973e-01
4.650617241859436035e-01 -8.030379191040992737e-03 8.442019224166870117e-01
4.963933229446411133e-01 2.516886219382286072e-03 8.958840370178222656e-01
5.421999096870422363e-01 -4.468100145459175110e-03 9.148839712142944336e-01
6.080116629600524902e-01 -1.441184617578983307e-02 9.120988249778747559e-01
5.867344141006469727e-01 -1.693062297999858856e-02 1.006184697151184082e+00
6.042155623435974121e-01 -3.464750200510025024e-02 9.613181352615356445e-01
7.022765874862670898e-01 -2.487888745963573456e-02 8.544462919235229492e-01
6.964673399925231934e-01 -1.802271790802478790e-02 6.727094650268554688e-01
7.374776601791381836e-01 -1.532325427979230881e-02 6.747610569000244141e-01
6.544920206069946289e-01 -1.484138704836368561e-02 6.182521581649780273e-01
7.632569074630737305e-01 -2.018641121685504913e-02 5.639063715934753418e-01
8.304009437561035156e-01 -3.394929692149162292e-02 5.090625882148742676e-01
8.557626605033874512e-01 -2.499174699187278748e-02 5.197916626930236816e-01
7.815531492233276367e-01 -3.210983052849769592e-02 4.389808773994445801e-01
7.829663753509521484e-01 -3.151754289865493774e-02 4.017723202705383301e-01
7.318575382232666016e-01 -3.085557743906974792e-02 3.525311350822448730e-01
7.813977599143981934e-01 -2.993051521480083466e-02 3.242759108543395996e-01
8.364124298095703125e-01 -3.269884362816810608e-02 2.945917844772338867e-01
8.803610205650329590e-01 -3.166382014751434326e-02 2.373657822608947754e-01
9.075446128845214844e-01 -3.426953405141830444e-02 1.809647679328918457e-01
9.826042652130126953e-01 -5.161772668361663818e-02 1.178959608078002930e-01
9.686253070831298828e-01 -3.949734568595886230e-02 8.575004339218139648e-02
9.784997701644897461e-01 -3.821605071425437927e-02 6.048041582107543945e-02
9.616311788558959961e-01 -3.428846970200538635e-02 5.702960491180419922e-02
9.345318675041198730e-01 -2.520096860826015472e-02 4.169368743896484375e-02
9.731835126876831055e-01 -3.876678273081779480e-02 -1.261532120406627655e-02
9.592395424842834473e-01 -4.039124399423599243e-02 -8.002495765686035156e-02
1.028456449508666992e+00 -4.386248439550399780e-02 -5.481201410293579102e-02
1.014883399009704590e+00 -4.299477860331535339e-02 -5.671155452728271484e-02
9.774751663208007812e-01 -3.437822312116622925e-02 -6.318134069442749023e-02
1.002944707870483398e+00 -3.010528534650802612e-02 -7.721954584121704102e-02
1.085871815681457520e+00 -2.294743806123733521e-02 -1.090640425682067871e-01
1.053283691406250000e+00 -2.703243680298328400e-02 -1.162018775939941406e-01
1.076444268226623535e+00 -2.079277485609054565e-02 -1.517798900604248047e-01
1.091150760650634766e+00 -1.435399707406759262e-02 -1.072666049003601074e-01
1.189484477043151855e+00 -5.932483822107315063e-03 -1.554929614067077637e-01
1.335722327232360840e+00 -1.697873696684837341e-02 -1.514963507652282715e-01
1.203114271163940430e+00 -1.307034399360418320e-02 -2.150065302848815918e-01
1.172006845474243164e+00 -2.540849521756172180e-02 -2.466111779212951660e-01
1.197558164596557617e+00 -1.812111400067806244e-02 -2.317690849304199219e-01
1.245893836021423340e+00 -2.399969659745693207e-02 -2.058950066566467285e-01
1.148083090782165527e+00 -2.701471000909805298e-02 -1.452771425247192383e-01
1.215730786323547363e+00 -2.332073450088500977e-02 -1.949422955513000488e-01
1.209195256233215332e+00 -2.526755072176456451e-02 -1.936981081962585449e-01
1.232006788253784180e+00 -1.203247904777526855e-02 -2.358761429786682129e-01
1.291218519210815430e+00 -2.221252769231796265e-03 -1.712932586669921875e-01
1.260031580924987793e+00 -8.240515366196632385e-03 -1.291600465774536133e-01
1.283726572990417480e+00 -9.727865457534790039e-03 -1.415062546730041504e-01
1.192222476005554199e+00 -1.783647201955318451e-02 -1.292860507965087891e-01
1.128989100456237793e+00 -1.724029891192913055e-02 -1.178958415985107422e-01
1.161926388740539551e+00 -1.734991744160652161e-02 -9.935837984085083008e-02
1.130998373031616211e+00 -2.040918543934822083e-02 -9.866112470626831055e-02
1.191609501838684082e+00 -2.923555113375186920e-02 -6.144875288009643555e-02
1.217851281166076660e+00 -2.242257259786128998e-02 -1.123287677764892578e-01
1.312699913978576660e+00 -1.637971960008144379e-02 -1.024366617202758789e-01
1.223770499229431152e+00 -2.520001493394374847e-02 -5.141350626945495605e-02
1.167582035064697266e+00 -4.247956722974777222e-02 1.152837462723255157e-02
1.127308726310729980e+00 -4.290544241666793823e-02 -2.513322047889232635e-02
1.202519416809082031e+00 -4.729783535003662109e-02 -2.788375131785869598e-02
1.361549854278564453e+00 -2.202595211565494537e-02 -1.057445704936981201e-01
1.423675298690795898e+00 -2.807578630745410919e-02 -5.462515354156494141e-02
1.309269189834594727e+00 -3.591123595833778381e-02 -3.682059049606323242e-02
1.425323128700256348e+00 -3.868104517459869385e-02 -1.148661784827709198e-02
1.283043742179870605e+00 -5.064179748296737671e-02 3.066691942512989044e-02
1.250295162200927734e+00 -4.511078447103500366e-02 2.352130599319934845e-02
1.161266326904296875e+00 -5.042371898889541626e-02 5.456697940826416016e-02
1.174744725227355957e+00 -4.346585273742675781e-02 4.971763491630554199e-02
1.281839132308959961e+00 -2.816969528794288635e-02 3.223067522048950195e-02
1.214667797088623047e+00 -3.177708759903907776e-02 -3.761941194534301758e-02
1.071177124977111816e+00 -2.918656542897224426e-02 -4.530608654022216797e-02
1.117821693420410156e+00 -4.288481920957565308e-02 1.060785725712776184e-03
1.107448577880859375e+00 -3.217335045337677002e-02 -1.082358881831169128e-03
1.153758287429809570e+00 -4.490232467651367188e-02 1.876318641006946564e-02
1.142892599105834961e+00 -5.080832540988922119e-02 1.470726914703845978e-02
1.176725983619689941e+00 -4.033928364515304565e-02 1.612878032028675079e-02
1.119958639144897461e+00 -3.944149613380432129e-02 -1.021122746169567108e-02
1.125825285911560059e+00 -4.161502420902252197e-02 -9.662149474024772644e-03
1.063869357109069824e+00 -4.699647426605224609e-02 -1.271754316985607147e-02
7.085350751876831055e-01 -2.442360855638980865e-02 -9.680908918380737305e-02
9.315164089202880859e-01 -3.707072883844375610e-02 -6.338262557983398438e-02
1.156029105186462402e+00 -2.660974301397800446e-02 -2.060695290565490723e-01
1.179284811019897461e+00 -4.218035191297531128e-02 -1.425493359565734863e-01
1.242883324623107910e+00 -3.781272470951080322e-02 -2.163406014442443848e-01
9.534087777137756348e-01 -2.810282446444034576e-02 -1.580228805541992188e-01
9.542290568351745605e-01 -3.458870202302932739e-02 -1.421341300010681152e-01
1.088838100433349609e+00 -3.842292726039886475e-02 -1.649662852287292480e-01
1.237578272819519043e+00 -1.349513418972492218e-02 -2.970164418220520020e-01
1.488805770874023438e+00 -5.796881392598152161e-03 -2.897078692913055420e-01
1.186273336410522461e+00 -3.076799400150775909e-02 -1.332617104053497314e-01
1.189643144607543945e+00 -2.114477939903736115e-02 -2.083042263984680176e-01
1.078018188476562500e+00 -1.734192855656147003e-02 -1.765099465847015381e-01
1.004257917404174805e+00 -5.661478266119956970e-03 -1.501686871051788330e-01
1.140901923179626465e+00 -5.554595962166786194e-03 -2.460650503635406494e-01
1.308803200721740723e+00 4.273561760783195496e-03 -3.745515942573547363e-01
1.143689632415771484e+00 2.870704978704452515e-03 -3.208776116371154785e-01
1.148426651954650879e+00 -1.286294870078563690e-02 -2.138997316360473633e-01
1.072828173637390137e+00 -1.603454723954200745e-02 -2.101386189460754395e-01
1.263737559318542480e+00 -1.046088151633739471e-02 -3.541665673255920410e-01
1.364618897438049316e+00 -1.264459826052188873e-02 -3.134592473506927490e-01
1.438739657402038574e+00 -1.871217228472232819e-02 -3.128846287727355957e-01
1.200081467628479004e+00 -2.347344346344470978e-02 -1.073119640350341797e-01
1.417510628700256348e+00 -1.958874799311161041e-02 -2.408655881881713867e-01
1.591090559959411621e+00 -1.772571541368961334e-02 -2.865863740444183350e-01
1.723461627960205078e+00 -1.381050236523151398e-02 -3.958711922168731689e-01
1.625629067420959473e+00 -1.890529878437519073e-02 -3.521714806556701660e-01
1.635620474815368652e+00 -2.336196042597293854e-02 -3.189826011657714844e-01
1.704327225685119629e+00 -2.758786268532276154e-02 -2.815144658088684082e-01
1.682603478431701660e+00 -2.770214714109897614e-02 -3.017860054969787598e-01
1.564619541168212891e+00 -2.643922902643680573e-02 -4.418672323226928711e-01
1.559920310974121094e+00 -3.636320680379867554e-02 -3.247877359390258789e-01
1.627315759658813477e+00 -3.773507475852966309e-02 -4.477258324623107910e-01
1.641369342803955078e+00 -3.318245708942413330e-02 -5.295437574386596680e-01
1.609437584877014160e+00 -3.212829679250717163e-02 -5.322687625885009766e-01
1.544052839279174805e+00 -3.652668744325637817e-02 -5.199434757232666016e-01
1.349821925163269043e+00 -2.817500568926334381e-02 -3.303323090076446533e-01
1.364595174789428711e+00 -3.117281012237071991e-02 -4.339304566383361816e-01
1.386484980583190918e+00 -3.536898642778396606e-02 -4.657482504844665527e-01
1.394813418388366699e+00 -2.637480758130550385e-02 -4.440752267837524414e-01
1.506181597709655762e+00 -9.440163150429725647e-03 -4.969944357872009277e-01
1.611769199371337891e+00 -9.250836446881294250e-03 -4.914055466651916504e-01
1.757237076759338379e+00 -1.190677471458911896e-02 -4.829580783843994141e-01
1.647769451141357422e+00 -2.328517474234104156e-02 -3.666889667510986328e-01
1.793407917022705078e+00 -1.172366179525852203e-02 -5.293505191802978516e-01
1.891353249549865723e+00 -1.647946424782276154e-02 -6.327111721038818359e-01
1.854858279228210449e+00 -1.257737167179584503e-02 -6.652606725692749023e-01
1.733553290367126465e+00 -1.306513324379920959e-03 -5.314121246337890625e-01
1.765566706657409668e+00 -6.478177383542060852e-03 -5.482732057571411133e-01
1.516706466674804688e+00 -8.354173973202705383e-03 -4.452762305736541748e-01
1.556312441825866699e+00 -5.443328991532325745e-03 -4.594881832599639893e-01
1.370028018951416016e+00 -6.039533764123916626e-03 -4.876983165740966797e-01
1.732295036315917969e+00 4.585696384310722351e-03 -5.407762527465820312e-01
1.667895913124084473e+00 8.283814415335655212e-03 -6.093628406524658203e-01
1.558669328689575195e+00 -9.939124807715415955e-03 -5.516149997711181641e-01
1.612277030944824219e+00 -6.878493353724479675e-03 -5.881457924842834473e-01
1.599184036254882812e+00 -7.526362314820289612e-03 -4.692922234535217285e-01
1.699051260948181152e+00 1.438846811652183533e-03 -5.730950236320495605e-01
1.607983708381652832e+00 2.196474000811576843e-03 -5.408849716186523438e-01
1.309324622154235840e+00 -5.625965073704719543e-03 -4.617262482643127441e-01
1.142509341239929199e+00 -3.752877935767173767e-03 -4.772594273090362549e-01
1.404000163078308105e+00 1.307891681790351868e-03 -4.856753349304199219e-01
1.179304718971252441e+00 -3.154908120632171631e-02 -4.111404418945312500e-01
1.322681665420532227e+00 -2.120430581271648407e-02 -4.875873327255249023e-01
1.165770888328552246e+00 -2.173118479549884796e-02 -4.063548743724822998e-01
1.615259885787963867e+00 -2.165021933615207672e-02 -7.726072072982788086e-01
1.572819590568542480e+00 -1.143738068640232086e-02 -5.924974083900451660e-01
1.516247630119323730e+00 -3.387198597192764282e-02 -5.597857236862182617e-01
1.579672813415527344e+00 -2.222833968698978424e-02 -6.296450495719909668e-01
1.808138251304626465e+00 -7.614390924572944641e-03 -8.186030983924865723e-01
1.627171397209167480e+00 -1.369431056082248688e-02 -7.086235284805297852e-01
1.773735642433166504e+00 -2.134150452911853790e-02 -7.901628017425537109e-01
1.800563216209411621e+00 -1.406328566372394562e-02 -8.081657290458679199e-01
1.757843375205993652e+00 -1.847997494041919708e-02 -7.946532964706420898e-01
1.863807201385498047e+00 -1.024727709591388702e-02 -8.208026885986328125e-01
1.652276873588562012e+00 -1.438389904797077179e-02 -7.493923902511596680e-01
1.751310825347900391e+00 -1.227009482681751251e-02 -7.939426898956298828e-01
1.725998759269714355e+00 -3.069065697491168976e-02 -6.272240281105041504e-01
1.784105896949768066e+00 -1.758048124611377716e-02 -6.623114943504333496e-01
1.716023445129394531e+00 -2.076056785881519318e-02 -6.350623369216918945e-01
1.651116967201232910e+00 -8.796025067567825317e-04 -6.502052545547485352e-01
1.734927296638488770e+00 2.494810149073600769e-03 -6.995534300804138184e-01
1.798397779464721680e+00 5.279211327433586121e-03 -8.295788168907165527e-01
1.876335024833679199e+00 8.995216339826583862e-04 -8.735396862030029297e-01
1.788857936859130859e+00 -5.831377580761909485e-03 -7.566859126091003418e-01
1.746377468109130859e+00 -7.178308442234992981e-03 -8.066959977149963379e-01
1.796624779701232910e+00 -7.531391456723213196e-03 -7.899989485740661621e-01
1.606856822967529297e+00 -1.176199503242969513e-02 -7.934384346008300781e-01
1.642329335212707520e+00 -1.398474164307117462e-02 -7.646884918212890625e-01
1.864940762519836426e+00 -1.871543005108833313e-03 -8.348039388656616211e-01
1.878833651542663574e+00 2.884401008486747742e-03 -9.716862440109252930e-01
1.934535026550292969e+00 6.556196138262748718e-03 -9.568564891815185547e-01
1.952481150627136230e+00 1.498548313975334167e-03 -8.895877599716186523e-01
1.983296155929565430e+00 2.534089609980583191e-03 -9.176707267761230469e-01
1.888057112693786621e+00 5.158273503184318542e-03 -9.630479812622070312e-01
1.803267478942871094e+00 -5.659105256199836731e-03 -9.242639541625976562e-01
1.753211021423339844e+00 4.076985642313957214e-03 -9.953038692474365234e-01
1.854869127273559570e+00 1.337818615138530731e-02 -9.926393032073974609e-01
1.709212899208068848e+00 -7.869275286793708801e-03 -9.486851096153259277e-01
1.688832879066467285e+00 7.722375914454460144e-03 -1.023004770278930664e+00
1.545377969741821289e+00 -6.882147863507270813e-03 -8.485014438629150391e-01
1.733153223991394043e+00 7.458297535777091980e-03 -9.261901378631591797e-01
1.739100098609924316e+00 -2.999695017933845520e-03 -1.054279327392578125e+00
1.647812247276306152e+00 -5.643116310238838196e-03 -1.015444517135620117e+00
1.729177355766296387e+00 -1.648216135799884796e-02 -1.050819635391235352e+00
1.738556981086730957e+00 -7.097603753209114075e-03 -1.027748346328735352e+00
1.839047670364379883e+00 8.819160982966423035e-03 -9.962364435195922852e-01
1.727568984031677246e+00 1.903970353305339813e-02 -1.056198120117187500e+00
1.735751986503601074e+00 4.053066670894622803e-02 -1.220085024833679199e+00
1.732499718666076660e+00 4.069729149341583252e-02 -1.266011476516723633e+00
1.811475753784179688e+00 3.377205133438110352e-02 -1.272369384765625000e+00
1.835432410240173340e+00 3.151938319206237793e-02 -1.298454165458679199e+00
1.783508062362670898e+00 3.056186251342296600e-02 -1.251815557479858398e+00
1.827192783355712891e+00 3.854268044233322144e-02 -1.223101615905761719e+00
1.754271507263183594e+00 4.372924566268920898e-02 -1.294298052787780762e+00
1.546257019042968750e+00 2.893423847854137421e-02 -1.127004623413085938e+00
1.702157139778137207e+00 3.743186593055725098e-02 -1.130396127700805664e+00
1.715617656707763672e+00 5.193521082401275635e-02 -1.140372991561889648e+00
1.778653264045715332e+00 4.752285778522491455e-02 -1.142256975173950195e+00
2.051520586013793945e+00 5.581025779247283936e-02 -1.215950369834899902e+00
1.846060633659362793e+00 4.196643829345703125e-02 -1.138650178909301758e+00
1.698964595794677734e+00 4.872894287109375000e-02 -1.095479965209960938e+00
1.793027520179748535e+00 6.844939291477203369e-02 -1.199999332427978516e+00
1.736890435218811035e+00 6.928505748510360718e-02 -1.117045402526855469e+00
1.711410284042358398e+00 7.537733018398284912e-02 -1.143475294113159180e+00
1.696869730949401855e+00 7.650969177484512329e-02 -1.181281566619873047e+00
1.513003706932067871e+00 7.324994355440139771e-02 -1.078490853309631348e+00
1.536609768867492676e+00 8.303759247064590454e-02 -1.072611570358276367e+00
1.650741457939147949e+00 9.287352859973907471e-02 -1.193042635917663574e+00
1.548637032508850098e+00 8.922244608402252197e-02 -1.143100023269653320e+00
1.709779381752014160e+00 8.794742822647094727e-02 -1.236010432243347168e+00
1.703505039215087891e+00 7.969627529382705688e-02 -1.188873529434204102e+00
1.527076363563537598e+00 5.626402795314788818e-02 -1.186825513839721680e+00
1.636070728302001953e+00 5.903564393520355225e-02 -1.199415683746337891e+00
1.603681206703186035e+00 6.414277851581573486e-02 -1.266719579696655273e+00
1.742052674293518066e+00 7.918149232864379883e-02 -1.368171811103820801e+00
1.582640409469604492e+00 6.781271845102310181e-02 -1.298114657402038574e+00
1.475849270820617676e+00 5.187624692916870117e-02 -1.209899663925170898e+00
1.419943451881408691e+00 4.617744684219360352e-02 -1.189864039421081543e+00
1.518279671669006348e+00 6.181118637323379517e-02 -1.237693667411804199e+00
1.500663518905639648e+00 5.105005204677581787e-02 -1.261676073074340820e+00
1.481132626533508301e+00 4.773376882076263428e-02 -1.224722623825073242e+00
1.456083774566650391e+00 5.007230490446090698e-02 -1.214545130729675293e+00
1.473863840103149414e+00 5.034517496824264526e-02 -1.234849333763122559e+00
1.459510684013366699e+00 4.723456501960754395e-02 -1.236458539962768555e+00
1.485940814018249512e+00 5.212420225143432617e-02 -1.232631444931030273e+00
1.527196526527404785e+00 5.625925213098526001e-02 -1.279036641120910645e+00
1.508344292640686035e+00 5.229644477367401123e-02 -1.285983681678771973e+00
1.460213303565979004e+00 4.840816557407379150e-02 -1.284179687500000000e+00
1.460654139518737793e+00 4.723695665597915649e-02 -1.270429134368896484e+00
1.448926925659179688e+00 4.810450226068496704e-02 -1.262979984283447266e+00
1.454257130622863770e+00 4.742082208395004272e-02 -1.282096385955810547e+00
1.434608101844787598e+00 4.799493402242660522e-02 -1.256751775741577148e+00
1.373289823532104492e+00 5.528675764799118042e-02 -1.235724806785583496e+00
1.428000807762145996e+00 5.062492936849594116e-02 -1.235914230346679688e+00
1.480262279510498047e+00 5.916988849639892578e-02 -1.288082122802734375e+00
1.556850075721740723e+00 6.922585517168045044e-02 -1.321495294570922852e+00
1.540803194046020508e+00 6.625980138778686523e-02 -1.263685464859008789e+00
1.598309874534606934e+00 7.717382907867431641e-02 -1.329746127128601074e+00
1.585495114326477051e+00 6.903238594532012939e-02 -1.282884955406188965e+00
1.658954501152038574e+00 8.516250550746917725e-02 -1.306980848312377930e+00
1.558997035026550293e+00 7.179981470108032227e-02 -1.277582883834838867e+00
1.538226842880249023e+00 6.947074085474014282e-02 -1.260863661766052246e+00
1.587056994438171387e+00 6.378446519374847412e-02 -1.287256956100463867e+00
1.596670866012573242e+00 6.460035592317581177e-02 -1.298998117446899414e+00
1.531408667564392090e+00 7.264958322048187256e-02 -1.232918977737426758e+00
1.488163352012634277e+00 7.122159749269485474e-02 -1.187677860260009766e+00
1.529614090919494629e+00 6.986381858587265015e-02 -1.125132679939270020e+00
1.524945616722106934e+00 8.399008214473724365e-02 -1.164343714714050293e+00
1.615054249763488770e+00 9.664746373891830444e-02 -1.254199624061584473e+00
1.579133391380310059e+00 9.446548670530319214e-02 -1.276018500328063965e+00
1.582137823104858398e+00 8.941148221492767334e-02 -1.312161326408386230e+00
1.482010960578918457e+00 8.199908584356307983e-02 -1.231259584426879883e+00
1.554161190986633301e+00 8.757065981626510620e-02 -1.257206559181213379e+00
1.582209467887878418e+00 9.071508795022964478e-02 -1.233201980590820312e+00
1.574667215347290039e+00 8.063022047281265259e-02 -1.217361569404602051e+00
1.466254711151123047e+00 7.568049430847167969e-02 -1.170996904373168945e+00
1.528992533683776855e+00 7.859181612730026245e-02 -1.243605375289916992e+00
1.628063082695007324e+00 8.757321536540985107e-02 -1.343651294708251953e+00
1.622716784477233887e+00 8.638998866081237793e-02 -1.363153219223022461e+00
1.591292262077331543e+00 7.912585884332656860e-02 -1.329653739929199219e+00
1.590745806694030762e+00 7.910504937171936035e-02 -1.333138704299926758e+00
1.542810320854187012e+00 8.334676176309585571e-02 -1.302040815353393555e+00
1.647604584693908691e+00 8.551287651062011719e-02 -1.374607801437377930e+00
1.657574892044067383e+00 8.418730646371841431e-02 -1.381250143051147461e+00
1.603391528129577637e+00 7.880595326423645020e-02 -1.372617244720458984e+00
1.650362730026245117e+00 8.107608556747436523e-02 -1.386205673217773438e+00
1.662261843681335449e+00 8.164576441049575806e-02 -1.380287289619445801e+00
1.612621307373046875e+00 8.110854029655456543e-02 -1.349835634231567383e+00
1.595585584640502930e+00 8.948107063770294189e-02 -1.340087175369262695e+00
1.637076616287231445e+00 9.530621767044067383e-02 -1.357176303863525391e+00
1.621586203575134277e+00 9.192477911710739136e-02 -1.302434206008911133e+00
1.595541357994079590e+00 9.286585450172424316e-02 -1.339240550994873047e+00
1.610336422920227051e+00 9.307508170604705811e-02 -1.308166384696960449e+00
1.613045334815979004e+00 9.118697047233581543e-02 -1.291366457939147949e+00
1.628411889076232910e+00 9.327638149261474609e-02 -1.326637625694274902e+00
1.624695420265197754e+00 9.366734325885772705e-02 -1.309356927871704102e+00
1.611871719360351562e+00 9.332893788814544678e-02 -1.281334161758422852e+00
1.594664216041564941e+00 9.267078340053558350e-02 -1.310090661048889160e+00
1.585702776908874512e+00 8.884534984827041626e-02 -1.277260422706604004e+00
1.623382091522216797e+00 8.507065474987030029e-02 -1.228959679603576660e+00
1.631215453147888184e+00 8.801713585853576660e-02 -1.269516110420227051e+00
1.628939270973205566e+00 8.917167037725448608e-02 -1.288850545883178711e+00
1.588859915733337402e+00 8.563765883445739746e-02 -1.262028217315673828e+00
1.598639130592346191e+00 8.485144376754760742e-02 -1.235420942306518555e+00
1.621841788291931152e+00 8.909472823143005371e-02 -1.262430191040039062e+00
1.620418190956115723e+00 8.555475622415542603e-02 -1.250663042068481445e+00
1.678180098533630371e+00 8.794175088405609131e-02 -1.238589525222778320e+00
1.743968605995178223e+00 8.445015549659729004e-02 -1.238653421401977539e+00
1.716491580009460449e+00 8.079016208648681641e-02 -1.209504842758178711e+00
1.690683126449584961e+00 8.414568006992340088e-02 -1.246058940887451172e+00
1.662661910057067871e+00 8.500172197818756104e-02 -1.225783348083496094e+00
1.660634040832519531e+00 8.579730987548828125e-02 -1.234968900680541992e+00
1.672628760337829590e+00 8.626015484333038330e-02 -1.244674444198608398e+00
1.658208250999450684e+00 8.087793737649917603e-02 -1.192762613296508789e+00
1.674324631690979004e+00 8.223129808902740479e-02 -1.219499230384826660e+00
1.649075031280517578e+00 8.362992852926254272e-02 -1.238737583160400391e+00
1.643969178199768066e+00 8.347880095243453979e-02 -1.213531017303466797e+00
1.652716994285583496e+00 8.364906162023544312e-02 -1.249129414558410645e+00
1.648778796195983887e+00 8.213335275650024414e-02 -1.258076190948486328e+00
1.594125151634216309e+00 7.369594275951385498e-02 -1.229704737663269043e+00
1.598598957061767578e+00 7.827222347259521484e-02 -1.229808211326599121e+00
1.586135745048522949e+00 7.011611014604568481e-02 -1.175839900970458984e+00
1.601994872093200684e+00 7.424496114253997803e-02 -1.261500477790832520e+00
1.579173207283020020e+00 7.423928380012512207e-02 -1.258686542510986328e+00
1.590028047561645508e+00 7.278761267662048340e-02 -1.229253768920898438e+00
1.577694058418273926e+00 7.182943820953369141e-02 -1.243206620216369629e+00
1.580166220664978027e+00 7.273369282484054565e-02 -1.255988240242004395e+00
1.557491064071655273e+00 7.655905932188034058e-02 -1.270132422447204590e+00
1.562004804611206055e+00 7.074488699436187744e-02 -1.264549493789672852e+00
1.566909313201904297e+00 6.601309031248092651e-02 -1.240491151809692383e+00
1.579744100570678711e+00 6.484214961528778076e-02 -1.220411896705627441e+00
1.563149452209472656e+00 6.914287060499191284e-02 -1.218728899955749512e+00
1.572638392448425293e+00 7.945281267166137695e-02 -1.258026123046875000e+00
1.592311263084411621e+00 7.380335777997970581e-02 -1.279304862022399902e+00
1.576452374458312988e+00 6.867833435535430908e-02 -1.238136529922485352e+00
1.576934695243835449e+00 7.003653049468994141e-02 -1.246573328971862793e+00
1.616417765617370605e+00 7.369621098041534424e-02 -1.279438495635986328e+00
1.609625816345214844e+00 7.413013279438018799e-02 -1.255753993988037109e+00
1.601999521255493164e+00 7.724672555923461914e-02 -1.271554231643676758e+00
1.579707860946655273e+00 7.168372720479965210e-02 -1.249968409538269043e+00
1.580067157745361328e+00 7.039183378219604492e-02 -1.246693372726440430e+00
1.607527971267700195e+00 7.406403869390487671e-02 -1.275711178779602051e+00
1.667008996009826660e+00 7.777264714241027832e-02 -1.263229727745056152e+00
1.702968955039978027e+00 7.988107204437255859e-02 -1.269796371459960938e+00
1.677995443344116211e+00 7.757989317178726196e-02 -1.255841016769409180e+00
1.670441985130310059e+00 7.610034942626953125e-02 -1.231481552124023438e+00
1.635716080665588379e+00 7.436400651931762695e-02 -1.253703355789184570e+00
1.621826171875000000e+00 7.463727146387100220e-02 -1.247335314750671387e+00
1.611718654632568359e+00 7.059472799301147461e-02 -1.215386271476745605e+00
1.694560527801513672e+00 7.921187579631805420e-02 -1.267073273658752441e+00
1.608625531196594238e+00 7.242979854345321655e-02 -1.249194145202636719e+00
1.607614159584045410e+00 6.906779110431671143e-02 -1.234259605407714844e+00
1.602947115898132324e+00 6.843970715999603271e-02 -1.220667958259582520e+00
1.613184213638305664e+00 6.511907279491424561e-02 -1.207437992095947266e+00
1.632941126823425293e+00 7.374297082424163818e-02 -1.246065139770507812e+00
1.633576154708862305e+00 7.375714182853698730e-02 -1.245390892028808594e+00
1.652777791023254395e+00 7.337905466556549072e-02 -1.238367676734924316e+00
1.639842152595520020e+00 7.073380053043365479e-02 -1.208355903625488281e+00
1.667300581932067871e+00 7.658392935991287231e-02 -1.229225635528564453e+00
1.713088870048522949e+00 7.991352677345275879e-02 -1.269055128097534180e+00
1.703029513359069824e+00 8.079974353313446045e-02 -1.257681727409362793e+00
1.615607619285583496e+00 7.203002274036407471e-02 -1.221014261245727539e+00
1.655023932456970215e+00 7.212145626544952393e-02 -1.231047749519348145e+00
1.563482642173767090e+00 6.768037378787994385e-02 -1.223583817481994629e+00
1.565686821937561035e+00 6.408910453319549561e-02 -1.194288730621337891e+00
1.539772152900695801e+00 7.016523182392120361e-02 -1.207535028457641602e+00
1.633395552635192871e+00 7.148127257823944092e-02 -1.191010117530822754e+00
1.624683856964111328e+00 7.648558914661407471e-02 -1.217715144157409668e+00
1.612229943275451660e+00 7.915814220905303955e-02 -1.220129251480102539e+00
1.576707720756530762e+00 7.175651937723159790e-02 -1.190886735916137695e+00
1.595555424690246582e+00 8.230516314506530762e-02 -1.280303359031677246e+00
1.574828743934631348e+00 7.373613119125366211e-02 -1.179839968681335449e+00
1.502350211143493652e+00 6.975741684436798096e-02 -1.141845822334289551e+00
1.577417612075805664e+00 7.557081431150436401e-02 -1.219564199447631836e+00
1.540384650230407715e+00 7.364118099212646484e-02 -1.218641281127929688e+00
1.583358407020568848e+00 7.924021780490875244e-02 -1.205311059951782227e+00
1.535202026367187500e+00 7.634215056896209717e-02 -1.191722154617309570e+00
1.539191603660583496e+00 7.500158995389938354e-02 -1.188967823982238770e+00
1.505500555038452148e+00 7.130589336156845093e-02 -1.165922999382019043e+00
1.469910264015197754e+00 5.918197333812713623e-02 -1.123560428619384766e+00
1.531801104545593262e+00 7.600053399801254272e-02 -1.252873897552490234e+00
1.452153205871582031e+00 8.911366015672683716e-02 -1.284700989723205566e+00
1.562937617301940918e+00 8.017536252737045288e-02 -1.285379648208618164e+00
1.582651972770690918e+00 7.682837545871734619e-02 -1.248426556587219238e+00
1.683542370796203613e+00 8.171270787715911865e-02 -1.253566265106201172e+00
1.646083712577819824e+00 8.186966925859451294e-02 -1.218486905097961426e+00
1.665990829467773438e+00 8.463911712169647217e-02 -1.231403708457946777e+00
1.671348214149475098e+00 8.520591259002685547e-02 -1.227415323257446289e+00
1.650099158287048340e+00 8.060520887374877930e-02 -1.194795131683349609e+00
1.645716786384582520e+00 7.873106002807617188e-02 -1.181631326675415039e+00
1.642941236495971680e+00 8.129006624221801758e-02 -1.216005325317382812e+00
1.669677138328552246e+00 8.435524255037307739e-02 -1.251176118850708008e+00
1.669864773750305176e+00 8.425068855285644531e-02 -1.250623703002929688e+00
1.686460375785827637e+00 8.851275593042373657e-02 -1.277013778686523438e+00
1.671317696571350098e+00 8.839446306228637695e-02 -1.248484373092651367e+00
1.672619104385375977e+00 8.525461703538894653e-02 -1.259570479393005371e+00
1.671771049499511719e+00 8.761079609394073486e-02 -1.284302473068237305e+00
1.665627837181091309e+00 8.348378539085388184e-02 -1.251049995422363281e+00
1.670593976974487305e+00 8.371356129646301270e-02 -1.245470643043518066e+00
1.677083611488342285e+00 8.118333667516708374e-02 -1.215541601181030273e+00
1.681514620780944824e+00 8.482283353805541992e-02 -1.222255706787109375e+00
1.685442686080932617e+00 8.535994589328765869e-02 -1.230555772781372070e+00
1.689208626747131348e+00 8.860310167074203491e-02 -1.238347530364990234e+00
1.668663382530212402e+00 8.982059359550476074e-02 -1.264726161956787109e+00
1.657483696937561035e+00 8.618240803480148315e-02 -1.254165649414062500e+00
1.679095387458801270e+00 8.801348507404327393e-02 -1.224105596542358398e+00
1.692165851593017578e+00 8.798389136791229248e-02 -1.209824562072753906e+00
1.694780468940734863e+00 8.986953645944595337e-02 -1.227358818054199219e+00
1.673951029777526855e+00 9.218429028987884521e-02 -1.267521977424621582e+00
1.626371502876281738e+00 8.355206996202468872e-02 -1.238469123840332031e+00
1.666480422019958496e+00 8.949420601129531860e-02 -1.239041566848754883e+00
1.671627163887023926e+00 9.110572934150695801e-02 -1.236941933631896973e+00
1.703436255455017090e+00 9.422364085912704468e-02 -1.263526678085327148e+00
1.704161524772644043e+00 9.425826370716094971e-02 -1.262381076812744141e+00
1.713778734207153320e+00 9.405760467052459717e-02 -1.261115193367004395e+00
1.666202902793884277e+00 8.868472278118133545e-02 -1.244307041168212891e+00
1.674007773399353027e+00 9.247216582298278809e-02 -1.269042015075683594e+00
1.673889517784118652e+00 9.264659881591796875e-02 -1.272636651992797852e+00
1.682980656623840332e+00 9.420934319496154785e-02 -1.292976379394531250e+00
1.729732155799865723e+00 9.963272511959075928e-02 -1.305367946624755859e+00
1.730222940444946289e+00 9.964036196470260620e-02 -1.305045366287231445e+00
1.705932259559631348e+00 9.798739850521087646e-02 -1.311189413070678711e+00
1.686845660209655762e+00 9.746165573596954346e-02 -1.293284535408020020e+00
1.686547875404357910e+00 9.748538583517074585e-02 -1.293272018432617188e+00
1.685930609703063965e+00 9.743605554103851318e-02 -1.293588757514953613e+00
1.739276289939880371e+00 1.001180559396743774e-01 -1.278827786445617676e+00
1.695192456245422363e+00 9.756891429424285889e-02 -1.290987133979797363e+00
1.731155037879943848e+00 9.941443800926208496e-02 -1.282616376876831055e+00
1.720038294792175293e+00 9.680664539337158203e-02 -1.288512229919433594e+00
1.711280345916748047e+00 9.941790997982025146e-02 -1.282590389251708984e+00
1.726933360099792480e+00 9.764122962951660156e-02 -1.279627323150634766e+00
1.707402825355529785e+00 9.660865366458892822e-02 -1.291676759719848633e+00
1.650286793708801270e+00 8.871994167566299438e-02 -1.277042865753173828e+00
1.693476796150207520e+00 8.903210610151290894e-02 -1.262785673141479492e+00
1.664347290992736816e+00 8.185314387083053589e-02 -1.252277135848999023e+00
1.672150969505310059e+00 8.395199477672576904e-02 -1.260965824127197266e+00
1.660977482795715332e+00 8.386399596929550171e-02 -1.238211154937744141e+00
1.691640973091125488e+00 8.530112355947494507e-02 -1.264155387878417969e+00
1.667242884635925293e+00 8.354908227920532227e-02 -1.232867479324340820e+00
1.684695601463317871e+00 8.486401289701461792e-02 -1.241135239601135254e+00
1.676199316978454590e+00 8.453849703073501587e-02 -1.235842347145080566e+00
1.663601756095886230e+00 8.151338994503021240e-02 -1.208410382270812988e+00
1.710495114326477051e+00 8.831655979156494141e-02 -1.244999289512634277e+00
1.695376157760620117e+00 9.158268570899963379e-02 -1.240375757217407227e+00
1.714127421379089355e+00 8.748264610767364502e-02 -1.237739682197570801e+00
1.720313310623168945e+00 9.013577550649642944e-02 -1.262062072753906250e+00
1.693077206611633301e+00 8.639778196811676025e-02 -1.239437103271484375e+00
1.638507485389709473e+00 7.757014036178588867e-02 -1.230953335762023926e+00
1.581075072288513184e+00 7.265696674585342407e-02 -1.226870536804199219e+00
1.573098897933959961e+00 7.110194861888885498e-02 -1.193096518516540527e+00
1.580065369606018066e+00 7.542568445205688477e-02 -1.206435441970825195e+00
1.673794269561767578e+00 8.439930528402328491e-02 -1.248477220535278320e+00
1.736456513404846191e+00 8.891448378562927246e-02 -1.297894597053527832e+00
1.724000692367553711e+00 9.316347539424896240e-02 -1.259029626846313477e+00
1.685785174369812012e+00 9.048584103584289551e-02 -1.222554564476013184e+00
1.710318565368652344e+00 9.265941381454467773e-02 -1.261868000030517578e+00
1.742916703224182129e+00 9.133318811655044556e-02 -1.257907390594482422e+00
1.722940325736999512e+00 9.201721101999282837e-02 -1.258841991424560547e+00
1.746527910232543945e+00 9.350011497735977173e-02 -1.261102914810180664e+00
1.764321684837341309e+00 9.787266701459884644e-02 -1.271667838096618652e+00
1.762447357177734375e+00 9.458798170089721680e-02 -1.283577442169189453e+00
1.716753840446472168e+00 9.316194057464599609e-02 -1.253956556320190430e+00
1.676744222640991211e+00 8.638150990009307861e-02 -1.271168947219848633e+00
1.668464541435241699e+00 8.581261336803436279e-02 -1.273615837097167969e+00
1.647878050804138184e+00 8.508646488189697266e-02 -1.250895500183105469e+00
1.664564013481140137e+00 8.498369157314300537e-02 -1.219378471374511719e+00
1.642018198966979980e+00 8.611883223056793213e-02 -1.219657182693481445e+00
1.665661931037902832e+00 8.471639454364776611e-02 -1.226759910583496094e+00
1.682390093803405762e+00 8.430764824151992798e-02 -1.226916909217834473e+00
1.655699968338012695e+00 8.119751513004302979e-02 -1.215242743492126465e+00
1.658615231513977051e+00 7.060755789279937744e-02 -1.160383462905883789e+00
1.683182358741760254e+00 6.480763107538223267e-02 -1.143966317176818848e+00
1.675513386726379395e+00 6.569978594779968262e-02 -1.126515507698059082e+00
1.651805758476257324e+00 6.572974473237991333e-02 -1.135826349258422852e+00
1.623845458030700684e+00 6.923197209835052490e-02 -1.134533643722534180e+00
1.588392615318298340e+00 7.113728672266006470e-02 -1.132742643356323242e+00
1.639576554298400879e+00 7.315979897975921631e-02 -1.146910190582275391e+00
1.656416535377502441e+00 6.950819492340087891e-02 -1.110262751579284668e+00
1.627794861793518066e+00 7.429683208465576172e-02 -1.177391171455383301e+00
1.611507058143615723e+00 6.924371421337127686e-02 -1.137307405471801758e+00
1.666794419288635254e+00 6.867109239101409912e-02 -1.131808280944824219e+00
1.651910185813903809e+00 7.139339298009872437e-02 -1.160022735595703125e+00
1.697568774223327637e+00 8.020266145467758179e-02 -1.212069988250732422e+00
1.728178262710571289e+00 8.455839008092880249e-02 -1.191461324691772461e+00
1.656798243522644043e+00 8.264897763729095459e-02 -1.187182784080505371e+00
1.718972086906433105e+00 7.077214121818542480e-02 -1.139383554458618164e+00
1.657581448554992676e+00 7.710992544889450073e-02 -1.158208966255187988e+00
1.648300528526306152e+00 8.202753216028213501e-02 -1.202644586563110352e+00
1.620000481605529785e+00 6.151361018419265747e-02 -1.116463899612426758e+00
1.636658072471618652e+00 6.304031610488891602e-02 -1.030732393264770508e+00
1.696202397346496582e+00 8.247486501932144165e-02 -1.213041424751281738e+00
1.798480629920959473e+00 9.804005920886993408e-02 -1.298181772232055664e+00
1.804424405097961426e+00 8.945708721876144409e-02 -1.234831333160400391e+00
1.713072419166564941e+00 6.853613257408142090e-02 -1.072618603706359863e+00
1.601676821708679199e+00 4.888156056404113770e-02 -9.189703464508056641e-01
1.494853019714355469e+00 5.371703952550888062e-02 -9.486082792282104492e-01
1.488106846809387207e+00 6.051481515169143677e-02 -1.006203770637512207e+00
1.559769392013549805e+00 4.893213510513305664e-02 -9.058616161346435547e-01
1.529198527336120605e+00 5.124939978122711182e-02 -9.014820456504821777e-01
1.551621913909912109e+00 5.098964273929595947e-02 -8.817000389099121094e-01
1.616269230842590332e+00 5.960896611213684082e-02 -9.911723136901855469e-01
1.610422015190124512e+00 6.750649213790893555e-02 -1.022183060646057129e+00
1.572191238403320312e+00 5.367401242256164551e-02 -9.584505558013916016e-01
1.571361899375915527e+00 5.290616303682327271e-02 -9.351301193237304688e-01
1.521715760231018066e+00 5.757115781307220459e-02 -9.671398997306823730e-01
1.605254292488098145e+00 6.411955505609512329e-02 -9.746323823928833008e-01
1.621936917304992676e+00 6.004719436168670654e-02 -9.613872766494750977e-01
1.650375723838806152e+00 5.967612564563751221e-02 -9.482156038284301758e-01
1.631903409957885742e+00 6.313222646713256836e-02 -9.511798620223999023e-01
1.641991734504699707e+00 6.002964079380035400e-02 -9.337736368179321289e-01
1.617320418357849121e+00 6.182448565959930420e-02 -8.859488964080810547e-01
1.617119431495666504e+00 5.261942744255065918e-02 -8.332545757293701172e-01
1.604163408279418945e+00 4.835736751556396484e-02 -8.444378376007080078e-01
1.632510304450988770e+00 4.883925616741180420e-02 -8.600560426712036133e-01
1.606781840324401855e+00 4.913403093814849854e-02 -8.470700979232788086e-01
1.604962468147277832e+00 5.288076400756835938e-02 -8.546700477600097656e-01
1.600822448730468750e+00 4.910055547952651978e-02 -8.459525704383850098e-01
1.542428851127624512e+00 5.489972233772277832e-02 -8.701461553573608398e-01
1.609475970268249512e+00 5.947038531303405762e-02 -8.988441228866577148e-01
1.618710398674011230e+00 5.442070960998535156e-02 -8.802645802497863770e-01
1.616055369377136230e+00 5.377969890832901001e-02 -8.695570230484008789e-01
1.611842513084411621e+00 5.545252561569213867e-02 -8.714652061462402344e-01
1.576691269874572754e+00 5.330194532871246338e-02 -8.597160577774047852e-01
1.557033419609069824e+00 5.369505286216735840e-02 -8.608671426773071289e-01
1.542651772499084473e+00 5.431634187698364258e-02 -9.036108255386352539e-01
1.581590294837951660e+00 5.450251698493957520e-02 -8.642113208770751953e-01
1.602993011474609375e+00 6.008799374103546143e-02 -8.924961090087890625e-01
1.589958667755126953e+00 5.586010217666625977e-02 -8.612986207008361816e-01
1.573589920997619629e+00 4.795882105827331543e-02 -8.669263124465942383e-01
1.519481420516967773e+00 5.253375321626663208e-02 -9.138153791427612305e-01
1.488916993141174316e+00 5.987586826086044312e-02 -9.273103475570678711e-01
1.533705592155456543e+00 6.352217495441436768e-02 -9.582949876785278320e-01
1.509905934333801270e+00 5.465145409107208252e-02 -9.254744648933410645e-01
1.498178124427795410e+00 5.315615981817245483e-02 -9.338064193725585938e-01
1.458051204681396484e+00 5.275315791368484497e-02 -9.248409271240234375e-01
1.498048782348632812e+00 5.404826998710632324e-02 -9.304262399673461914e-01
1.529874324798583984e+00 5.349329113960266113e-02 -9.290706515312194824e-01
1.543924570083618164e+00 5.887048691511154175e-02 -9.392267465591430664e-01
1.554264903068542480e+00 5.929287523031234741e-02 -9.471911191940307617e-01
1.530012607574462891e+00 5.381088703870773315e-02 -9.310536384582519531e-01
1.500811934471130371e+00 5.414944887161254883e-02 -9.129606485366821289e-01
1.567425608634948730e+00 6.009250879287719727e-02 -9.207553863525390625e-01
1.508811593055725098e+00 5.023340135812759399e-02 -8.958714008331298828e-01
1.525599360466003418e+00 6.023532152175903320e-02 -9.389839768409729004e-01
1.532062649726867676e+00 5.815076828002929688e-02 -9.352894425392150879e-01
1.559957385063171387e+00 6.505479663610458374e-02 -9.663145542144775391e-01
1.516179203987121582e+00 6.421723961830139160e-02 -9.540741443634033203e-01
1.540746688842773438e+00 6.596695631742477417e-02 -9.440543651580810547e-01
1.523254513740539551e+00 6.676544994115829468e-02 -9.388334751129150391e-01
1.540826678276062012e+00 6.501767039299011230e-02 -9.443335533142089844e-01
1.527632713317871094e+00 6.300647556781768799e-02 -9.133551120758056641e-01
1.536887764930725098e+00 6.043988466262817383e-02 -9.060846567153930664e-01
1.583525538444519043e+00 6.724537163972854614e-02 -9.278851747512817383e-01
1.587635159492492676e+00 6.158822774887084961e-02 -9.301224946975708008e-01
1.609090447425842285e+00 6.234014779329299927e-02 -9.216654896736145020e-01
1.631983399391174316e+00 5.903720110654830933e-02 -8.980545997619628906e-01
1.622572541236877441e+00 5.697657167911529541e-02 -8.651401996612548828e-01
1.602634191513061523e+00 5.589322000741958618e-02 -8.732861876487731934e-01
1.572164893150329590e+00 5.304136127233505249e-02 -9.100863933563232422e-01
1.500350952148437500e+00 4.871466755867004395e-02 -8.815499544143676758e-01
1.438552975654602051e+00 4.857136309146881104e-02 -8.321210145950317383e-01
1.512334704399108887e+00 5.170100182294845581e-02 -9.037224054336547852e-01
1.480502247810363770e+00 6.061916798353195190e-02 -8.801846504211425781e-01
1.563098907470703125e+00 4.013522714376449585e-02 -8.679953813552856445e-01
1.581787347793579102e+00 4.402603209018707275e-02 -8.708425164222717285e-01
1.588982582092285156e+00 4.375575482845306396e-02 -8.402809500694274902e-01
1.569515585899353027e+00 4.234342277050018311e-02 -8.180273175239562988e-01
1.588012099266052246e+00 4.733577370643615723e-02 -8.658434748649597168e-01
1.584596157073974609e+00 5.149438977241516113e-02 -8.945664167404174805e-01
1.576460719108581543e+00 4.597416520118713379e-02 -9.040819406509399414e-01
1.639097809791564941e+00 5.896805971860885620e-02 -9.055609703063964844e-01
1.590536117553710938e+00 4.185191541910171509e-02 -8.419329524040222168e-01
1.557423710823059082e+00 5.101475119590759277e-02 -8.330643177032470703e-01
1.599507689476013184e+00 4.927635192871093750e-02 -8.732478618621826172e-01
1.663758397102355957e+00 5.675934255123138428e-02 -8.882676959037780762e-01
1.653262853622436523e+00 5.016150325536727905e-02 -8.623916506767272949e-01
1.673750519752502441e+00 4.435069113969802856e-02 -8.257138729095458984e-01
1.684216618537902832e+00 4.266028106212615967e-02 -8.237314224243164062e-01
1.619837641716003418e+00 4.696586728096008301e-02 -8.534977436065673828e-01
1.623098492622375488e+00 4.342778772115707397e-02 -8.545019626617431641e-01
1.547350525856018066e+00 3.865697979927062988e-02 -8.325349688529968262e-01
1.542127728462219238e+00 3.572602570056915283e-02 -8.134832382202148438e-01
1.525815248489379883e+00 3.494229912757873535e-02 -8.103750944137573242e-01
1.525463461875915527e+00 3.544839471578598022e-02 -8.074226379394531250e-01
1.559212446212768555e+00 3.523662686347961426e-02 -8.310098648071289062e-01
1.627247810363769531e+00 4.802663624286651611e-02 -8.499083518981933594e-01
1.592548131942749023e+00 4.089517891407012939e-02 -7.865862250328063965e-01
1.560227632522583008e+00 2.940876968204975128e-02 -7.518347501754760742e-01
1.500809550285339355e+00 2.844838984310626984e-02 -7.556353211402893066e-01
1.585405468940734863e+00 2.711907215416431427e-02 -7.338596582412719727e-01
1.604446291923522949e+00 3.425325453281402588e-02 -7.393703460693359375e-01
1.721600413322448730e+00 4.085881263017654419e-02 -7.851793766021728516e-01
1.653549313545227051e+00 3.526715934276580811e-02 -7.647075653076171875e-01
1.610775351524353027e+00 4.435722529888153076e-02 -8.300240039825439453e-01
1.681179642677307129e+00 4.015817493200302124e-02 -8.239077329635620117e-01
1.712683439254760742e+00 3.983411192893981934e-02 -8.497873544692993164e-01
1.602167844772338867e+00 3.578793257474899292e-02 -8.033929467201232910e-01
1.645414471626281738e+00 4.465851932764053345e-02 -8.053828477859497070e-01
1.669786214828491211e+00 4.555294662714004517e-02 -8.220576643943786621e-01
1.556613326072692871e+00 4.269442707300186157e-02 -7.964374423027038574e-01
1.619873642921447754e+00 7.384352385997772217e-02 -9.575383663177490234e-01
1.546728968620300293e+00 6.865467876195907593e-02 -8.916569948196411133e-01
1.547523379325866699e+00 5.816788971424102783e-02 -8.734947443008422852e-01
1.591761708259582520e+00 5.350235849618911743e-02 -8.063307404518127441e-01
1.633482456207275391e+00 3.951516747474670410e-02 -7.555997371673583984e-01
1.720535159111022949e+00 5.625288188457489014e-02 -8.553199172019958496e-01
1.593004345893859863e+00 4.116609692573547363e-02 -7.898259162902832031e-01
1.757809519767761230e+00 6.487420201301574707e-02 -9.167222976684570312e-01
1.602639555931091309e+00 5.216815322637557983e-02 -8.442680835723876953e-01
1.525941133499145508e+00 5.796186625957489014e-02 -8.283454179763793945e-01
1.630364060401916504e+00 6.494310498237609863e-02 -8.877120614051818848e-01
1.562224507331848145e+00 6.265752017498016357e-02 -8.488383293151855469e-01
1.603442072868347168e+00 6.182938814163208008e-02 -8.409675955772399902e-01
1.457965254783630371e+00 5.313029885292053223e-02 -7.314233183860778809e-01
1.652933716773986816e+00 5.979037284851074219e-02 -8.279037475585937500e-01
1.593479156494140625e+00 5.783636868000030518e-02 -8.202040791511535645e-01
1.498710393905639648e+00 2.636312507092952728e-02 -6.972215771675109863e-01
1.418663263320922852e+00 2.969090826809406281e-02 -6.941460371017456055e-01
1.487988471984863281e+00 4.384868592023849487e-02 -7.524223327636718750e-01
1.621486425399780273e+00 4.485206305980682373e-02 -7.757914066314697266e-01
1.670539498329162598e+00 3.678813576698303223e-02 -7.618606686592102051e-01
1.736907958984375000e+00 3.529189527034759521e-02 -7.290514707565307617e-01
1.696593165397644043e+00 3.049762733280658722e-02 -7.026200294494628906e-01
1.710430622100830078e+00 3.275391459465026855e-02 -7.422358989715576172e-01
1.655972957611083984e+00 3.225897997617721558e-02 -7.204554080963134766e-01
1.729835987091064453e+00 4.716321080923080444e-02 -8.080653548240661621e-01
1.699176907539367676e+00 3.106097318232059479e-02 -7.837268710136413574e-01
1.644313573837280273e+00 2.876531518995761871e-02 -7.826266288757324219e-01
1.711327910423278809e+00 3.306108713150024414e-02 -8.042081594467163086e-01
1.747632741928100586e+00 3.828349709510803223e-02 -8.364818692207336426e-01
1.741549253463745117e+00 4.150079935789108276e-02 -8.468619585037231445e-01
1.701430201530456543e+00 2.853816188871860504e-02 -7.893818020820617676e-01
1.661737561225891113e+00 3.538794815540313721e-02 -7.775005698204040527e-01
1.820293784141540527e+00 4.667856544256210327e-02 -8.234152197837829590e-01
1.888977527618408203e+00 3.681592643260955811e-02 -8.468538522720336914e-01
1.813581109046936035e+00 4.116366803646087646e-02 -8.782446384429931641e-01
1.751001715660095215e+00 3.894184529781341553e-02 -8.515150547027587891e-01
1.676309466361999512e+00 4.661867022514343262e-02 -8.893461227416992188e-01
1.719998121261596680e+00 3.580190986394882202e-02 -8.153903484344482422e-01
1.694909691810607910e+00 4.239724576473236084e-02 -8.364084959030151367e-01
1.688179373741149902e+00 2.971287630498409271e-02 -7.491820454597473145e-01
1.700215697288513184e+00 2.846216969192028046e-02 -7.331962585449218750e-01
1.654357194900512695e+00 1.572142727673053741e-02 -6.852881908416748047e-01
1.634694218635559082e+00 1.055152900516986847e-02 -6.590826511383056641e-01
1.679706096649169922e+00 2.294580079615116119e-02 -7.304561138153076172e-01
1.792070031166076660e+00 2.111686579883098602e-02 -7.903985977172851562e-01
1.838181138038635254e+00 4.212628304958343506e-02 -8.896930217742919922e-01
1.911683678627014160e+00 4.169801622629165649e-02 -9.094172716140747070e-01
1.790264964103698730e+00 3.607051074504852295e-02 -8.448760509490966797e-01
1.802974462509155273e+00 3.675346821546554565e-02 -8.434277772903442383e-01
1.676598429679870605e+00 1.745473407208919525e-02 -7.605288028717041016e-01
1.619099378585815430e+00 1.679274253547191620e-02 -7.379294037818908691e-01
1.611541390419006348e+00 1.268003694713115692e-02 -6.542859077453613281e-01
1.661638140678405762e+00 1.614621095359325409e-02 -7.291895151138305664e-01
1.629022240638732910e+00 1.352963410317897797e-02 -6.992882490158081055e-01
1.630242347717285156e+00 1.968930847942829132e-02 -7.194969058036804199e-01
1.646109580993652344e+00 2.208053879439830780e-02 -7.031122446060180664e-01
1.671083092689514160e+00 1.971094869077205658e-02 -6.848539113998413086e-01
1.638803958892822266e+00 2.397302351891994476e-02 -7.043152451515197754e-01
1.638659477233886719e+00 2.391661517322063446e-02 -7.039583921432495117e-01
1.688465476036071777e+00 2.642946131527423859e-02 -7.213413715362548828e-01
1.672441482543945312e+00 2.245678193867206573e-02 -7.232645750045776367e-01
1.646841645240783691e+00 1.863985694944858551e-02 -6.858471632003784180e-01
1.649376034736633301e+00 1.768079958856105804e-02 -6.868277788162231445e-01
1.601388692855834961e+00 2.570954896509647369e-02 -7.453338503837585449e-01
1.660039424896240234e+00 2.902085147798061371e-02 -7.461526393890380859e-01
1.693264245986938477e+00 2.396179549396038055e-02 -7.319607734680175781e-01
1.668183684349060059e+00 2.671605162322521210e-02 -7.562586069107055664e-01
1.628569006919860840e+00 2.726236544549465179e-02 -7.500523328781127930e-01
1.562877178192138672e+00 2.406155876815319061e-02 -7.303405404090881348e-01
1.495332598686218262e+00 2.561275102198123932e-02 -7.264977097511291504e-01
1.490811586380004883e+00 2.288127131760120392e-02 -7.101304531097412109e-01
1.641589522361755371e+00 2.524493075907230377e-02 -7.133489251136779785e-01
1.516468405723571777e+00 1.893062330782413483e-02 -6.983879208564758301e-01
1.606253623962402344e+00 2.532451041042804718e-02 -7.456433773040771484e-01
1.624425530433654785e+00 2.566408924758434296e-02 -7.391464710235595703e-01
1.667062401771545410e+00 2.916183881461620331e-02 -7.146148681640625000e-01
1.608052134513854980e+00 1.837884448468685150e-02 -6.839352250099182129e-01
1.646734714508056641e+00 2.227996848523616791e-02 -7.284492254257202148e-01
1.646674275398254395e+00 1.394212059676647186e-02 -7.102354168891906738e-01
1.780549883842468262e+00 1.954923383891582489e-02 -7.939097881317138672e-01
1.849089503288269043e+00 3.685042262077331543e-02 -8.932217359542846680e-01
1.831881999969482422e+00 3.095534257590770721e-02 -7.816964387893676758e-01
1.718069791793823242e+00 3.390916436910629272e-02 -8.171609640121459961e-01
1.806460261344909668e+00 3.400884568691253662e-02 -8.719568252563476562e-01
1.769323945045471191e+00 3.087631799280643463e-02 -8.285491466522216797e-01
1.784169435501098633e+00 3.440042585134506226e-02 -8.401994705200195312e-01
1.773125767707824707e+00 2.825143374502658844e-02 -8.217580318450927734e-01
1.706794381141662598e+00 3.171210736036300659e-02 -8.259009122848510742e-01
1.729232668876647949e+00 2.807779051363468170e-02 -7.911932468414306641e-01
1.706822395324707031e+00 2.934744395315647125e-02 -7.955241203308105469e-01
1.743765234947204590e+00 3.200672566890716553e-02 -8.145711421966552734e-01
1.748094677925109863e+00 2.710458077490329742e-02 -8.100854158401489258e-01
1.743267655372619629e+00 2.549713291227817535e-02 -8.165882229804992676e-01
1.829174757003784180e+00 3.484996408224105835e-02 -8.609327673912048340e-01
1.825197815895080566e+00 3.572440892457962036e-02 -8.669537305831909180e-01
1.756078720092773438e+00 4.086685180664062500e-02 -9.094175100326538086e-01
1.800915002822875977e+00 4.166711866855621338e-02 -9.391348958015441895e-01
1.750850319862365723e+00 3.960084915161132812e-02 -9.179345369338989258e-01
1.778082728385925293e+00 3.394839912652969360e-02 -8.661801815032958984e-01
1.801730751991271973e+00 2.715665288269519806e-02 -8.200090527534484863e-01
1.775193810462951660e+00 2.947488985955715179e-02 -8.276597261428833008e-01
1.781841039657592773e+00 2.561937831342220306e-02 -8.053427934646606445e-01
1.767958521842956543e+00 2.205078490078449249e-02 -7.930552363395690918e-01
1.749413847923278809e+00 1.924107782542705536e-02 -7.679781913757324219e-01
1.708775401115417480e+00 1.874130032956600189e-02 -7.302123308181762695e-01
1.753940701484680176e+00 2.810533903539180756e-02 -8.239971995353698730e-01
1.796494483947753906e+00 3.284344077110290527e-02 -8.842158317565917969e-01
1.772046446800231934e+00 3.035491891205310822e-02 -8.513075113296508789e-01
1.793164968490600586e+00 3.702907264232635498e-02 -8.492875099182128906e-01
1.689714789390563965e+00 3.007908724248409271e-02 -9.122489094734191895e-01
1.776289820671081543e+00 3.855738043785095215e-02 -8.853788971900939941e-01
1.619573593139648438e+00 2.420741878449916840e-02 -8.382812142372131348e-01
1.698089480400085449e+00 3.541944175958633423e-02 -8.757656216621398926e-01
1.666300415992736816e+00 2.328677661716938019e-02 -8.461276292800903320e-01
1.548942327499389648e+00 3.397667407989501953e-02 -8.827325105667114258e-01
1.620411992073059082e+00 4.984623938798904419e-02 -9.273476600646972656e-01
1.671630740165710449e+00 4.697301983833312988e-02 -9.083184003829956055e-01
1.735969662666320801e+00 3.742128610610961914e-02 -9.178189039230346680e-01
1.679557800292968750e+00 3.384558111429214478e-02 -7.933766841888427734e-01
1.702004432678222656e+00 3.092726878821849823e-02 -8.327667713165283203e-01
1.734467148780822754e+00 3.217766433954238892e-02 -8.174261450767517090e-01
1.699976801872253418e+00 3.867203742265701294e-02 -8.308521509170532227e-01
1.687220454216003418e+00 3.162495046854019165e-02 -8.840010166168212891e-01
1.663283944129943848e+00 2.701990865170955658e-02 -8.755313158035278320e-01
1.663263320922851562e+00 2.024593390524387360e-02 -7.811042070388793945e-01
1.726397514343261719e+00 2.725554071366786957e-02 -7.890385389328002930e-01
1.718806385993957520e+00 3.148696571588516235e-02 -7.982007861137390137e-01
1.693064332008361816e+00 3.844877332448959351e-02 -8.104014396667480469e-01
1.663428306579589844e+00 3.210162371397018433e-02 -8.501775264739990234e-01
1.705163359642028809e+00 3.170710802078247070e-02 -8.712298274040222168e-01
1.702334880828857422e+00 2.891314961016178131e-02 -8.517123460769653320e-01
1.728528380393981934e+00 3.070154972374439240e-02 -8.704741001129150391e-01
1.744546055793762207e+00 3.301451355218887329e-02 -8.383294343948364258e-01
1.716215968132019043e+00 3.174926340579986572e-02 -8.047266006469726562e-01
1.708443880081176758e+00 3.699105232954025269e-02 -8.075512647628784180e-01
1.801792979240417480e+00 3.649204224348068237e-02 -8.607031106948852539e-01
1.749578237533569336e+00 2.472080104053020477e-02 -7.885425090789794922e-01
1.710861206054687500e+00 1.812286488711833954e-02 -6.964289546012878418e-01
1.718086242675781250e+00 2.010616846382617950e-02 -7.274639606475830078e-01
1.804638504981994629e+00 2.036602236330509186e-02 -7.469913959503173828e-01
1.789672493934631348e+00 2.627016417682170868e-02 -7.392211556434631348e-01
1.811589956283569336e+00 2.127812616527080536e-02 -7.179363965988159180e-01
1.723295569419860840e+00 1.074410043656826019e-02 -6.852749586105346680e-01
1.875189185142517090e+00 2.351683191955089569e-02 -7.656869888305664062e-01
1.820498228073120117e+00 2.524480782449245453e-02 -7.749044895172119141e-01
1.731885790824890137e+00 2.914360724389553070e-02 -7.030017375946044922e-01
1.761069178581237793e+00 1.735056005418300629e-02 -7.003391981124877930e-01
1.703042864799499512e+00 1.958733610808849335e-02 -6.959956288337707520e-01
1.739807009696960449e+00 1.574174128472805023e-02 -6.305378675460815430e-01
1.683561682701110840e+00 2.022528462111949921e-02 -7.545832395553588867e-01
1.599137306213378906e+00 2.590267173945903778e-02 -8.526124954223632812e-01
1.693762898445129395e+00 2.411181293427944183e-02 -7.883974313735961914e-01
1.744680166244506836e+00 2.125268243253231049e-02 -7.684926986694335938e-01
1.780181169509887695e+00 1.922756247222423553e-02 -7.393279075622558594e-01
1.740141510963439941e+00 1.408465765416622162e-02 -7.032322287559509277e-01
1.713812947273254395e+00 1.051631756126880646e-02 -6.845307350158691406e-01
1.738768935203552246e+00 2.110677026212215424e-02 -7.130371332168579102e-01
1.650060534477233887e+00 1.838240586221218109e-02 -7.196193933486938477e-01
1.695185303688049316e+00 1.821282319724559784e-02 -7.035155296325683594e-01
1.750329971313476562e+00 1.878407038748264313e-02 -6.966103911399841309e-01
1.720133066177368164e+00 7.499000057578086853e-03 -6.914345622062683105e-01
1.644385457038879395e+00 4.508556798100471497e-03 -6.171730160713195801e-01
1.785917282104492188e+00 1.390202902257442474e-02 -6.924956440925598145e-01
1.855598211288452148e+00 1.306461356580257416e-02 -6.948181390762329102e-01
1.797402262687683105e+00 1.883902214467525482e-02 -6.971445083618164062e-01
1.784502387046813965e+00 1.620943658053874969e-02 -7.113059759140014648e-01
1.727902412414550781e+00 1.477651111781597137e-02 -6.894646286964416504e-01
1.732707619667053223e+00 1.360678113996982574e-02 -6.970157623291015625e-01
1.744598031044006348e+00 1.493529789149761200e-02 -6.923002004623413086e-01
1.716718196868896484e+00 1.288188435137271881e-02 -6.653086543083190918e-01
1.612025856971740723e+00 4.092676565051078796e-03 -6.227223277091979980e-01
1.619345903396606445e+00 8.377594873309135437e-03 -6.541546583175659180e-01
1.691443800926208496e+00 1.756811700761318207e-02 -6.950622797012329102e-01
1.590304136276245117e+00 1.122686453163623810e-02 -6.222409009933471680e-01
1.694901704788208008e+00 1.619429700076580048e-02 -6.668435335159301758e-01
1.677410125732421875e+00 7.342824712395668030e-03 -6.410793662071228027e-01
1.624847531318664551e+00 3.556063398718833923e-03 -6.297164559364318848e-01
1.611065983772277832e+00 5.782721564173698425e-03 -6.304039359092712402e-01
1.611354231834411621e+00 7.071541622281074524e-03 -6.345555782318115234e-01
1.617308855056762695e+00 7.351478561758995056e-03 -6.322689056396484375e-01
1.619370341300964355e+00 5.797250196337699890e-03 -6.157211661338806152e-01
1.646638870239257812e+00 1.109966449439525604e-02 -6.293588280677795410e-01
1.643579363822937012e+00 4.792040213942527771e-03 -6.059098839759826660e-01
1.635813236236572266e+00 5.064895376563072205e-03 -6.209703683853149414e-01
1.632630705833435059e+00 8.285623043775558472e-04 -6.249151825904846191e-01
1.647187471389770508e+00 1.253997907042503357e-03 -6.405315995216369629e-01
1.633272528648376465e+00 3.108363598585128784e-04 -6.534004807472229004e-01
1.601719260215759277e+00 6.701631471514701843e-03 -6.684278249740600586e-01
1.598715424537658691e+00 -3.246227279305458069e-03 -5.820152163505554199e-01
1.513498306274414062e+00 -3.462005406618118286e-04 -5.669894814491271973e-01
1.579719901084899902e+00 -1.691782847046852112e-03 -6.073510646820068359e-01
1.520670294761657715e+00 1.198729500174522400e-03 -6.166430115699768066e-01
1.489481210708618164e+00 1.858172938227653503e-03 -6.509631872177124023e-01
1.566058278083801270e+00 -1.563573256134986877e-03 -6.664603352546691895e-01
1.584088921546936035e+00 -2.289609983563423157e-03 -6.772248148918151855e-01
1.580801367759704590e+00 8.016845211386680603e-03 -7.063415050506591797e-01
1.548913598060607910e+00 5.702702328562736511e-03 -6.664583086967468262e-01
1.604035139083862305e+00 1.771391741931438446e-02 -7.435010075569152832e-01
1.632770419120788574e+00 1.777031831443309784e-02 -7.221658825874328613e-01
1.576432824134826660e+00 1.516473107039928436e-02 -7.157784104347229004e-01
1.519297838211059570e+00 1.186107285320758820e-02 -7.034434676170349121e-01
1.480323076248168945e+00 8.702831342816352844e-03 -6.902729868888854980e-01
1.488932371139526367e+00 6.531978026032447815e-03 -7.057335376739501953e-01
1.540820717811584473e+00 8.758446201682090759e-03 -7.134166955947875977e-01
1.564822077751159668e+00 6.907986477017402649e-03 -6.973841786384582520e-01
1.598805427551269531e+00 1.170663349330425262e-02 -7.171487808227539062e-01
1.517209172248840332e+00 -4.294192418456077576e-03 -5.873355865478515625e-01
1.572973847389221191e+00 -1.222025603055953979e-04 -6.664278507232666016e-01
1.517632484436035156e+00 7.384842261672019958e-03 -6.742677688598632812e-01
1.499775409698486328e+00 8.663022890686988831e-03 -6.531389355659484863e-01
1.524015307426452637e+00 6.900278851389884949e-03 -6.706490516662597656e-01
1.531292557716369629e+00 7.146878167986869812e-03 -6.519694328308105469e-01
1.514467000961303711e+00 3.306610509753227234e-03 -6.601041555404663086e-01
1.489284753799438477e+00 2.408083528280258179e-04 -6.970256567001342773e-01
1.583125591278076172e+00 6.772136315703392029e-03 -7.168130278587341309e-01
1.527423143386840820e+00 2.141382358968257904e-02 -6.460196971893310547e-01
1.560527682304382324e+00 2.320243604481220245e-02 -6.718353033065795898e-01
1.544718623161315918e+00 2.034975029528141022e-02 -6.131697297096252441e-01
1.514483571052551270e+00 2.088308148086071014e-02 -6.453032493591308594e-01
1.570187926292419434e+00 2.199123613536357880e-02 -5.860151052474975586e-01
1.606916904449462891e+00 2.400310151278972626e-02 -6.244851946830749512e-01
1.568281531333923340e+00 1.877002976834774017e-02 -6.581925153732299805e-01
1.585780262947082520e+00 1.687338016927242279e-02 -6.566079854965209961e-01
1.551975965499877930e+00 1.598828099668025970e-02 -6.110922694206237793e-01
1.509662270545959473e+00 1.553208194673061371e-02 -6.051959991455078125e-01
1.556085705757141113e+00 9.220859035849571228e-03 -6.092687249183654785e-01
1.555267333984375000e+00 9.140467271208763123e-03 -6.088551282882690430e-01
1.527605533599853516e+00 1.419244892895221710e-02 -6.256184577941894531e-01
1.510933995246887207e+00 1.041468791663646698e-02 -5.705488324165344238e-01
1.557877421379089355e+00 -1.415554434061050415e-04 -6.127789020538330078e-01
1.539795398712158203e+00 4.446713253855705261e-03 -5.952106714248657227e-01
1.572930335998535156e+00 8.836369961500167847e-04 -5.732271671295166016e-01
1.477485775947570801e+00 -1.363872550427913666e-02 -5.739780664443969727e-01
1.574709773063659668e+00 -1.695690676569938660e-03 -5.870504975318908691e-01
1.434732079505920410e+00 -7.731804624199867249e-03 -5.304442048072814941e-01
1.430930852890014648e+00 -5.998441949486732483e-03 -5.554855465888977051e-01
1.442901849746704102e+00 -1.509648375213146210e-02 -5.055409073829650879e-01
1.414705514907836914e+00 -2.194145880639553070e-02 -5.223193168640136719e-01
1.438326358795166016e+00 -1.408455334603786469e-02 -4.802214503288269043e-01
1.439840555191040039e+00 -1.255564577877521515e-02 -5.094954371452331543e-01
1.476440191268920898e+00 -1.103749312460422516e-02 -5.136560201644897461e-01
1.453930139541625977e+00 -7.799269631505012512e-03 -4.904766082763671875e-01
1.432529926300048828e+00 -2.067434974014759064e-02 -4.607846736907958984e-01
1.386976718902587891e+00 -4.508972167968750000e-03 -4.864479899406433105e-01
1.395363569259643555e+00 -7.995570078492164612e-03 -4.954653978347778320e-01
1.372073650360107422e+00 -1.211549527943134308e-02 -4.814478754997253418e-01
1.328747510910034180e+00 -8.254909887909889221e-03 -4.513915777206420898e-01
1.326979994773864746e+00 -2.432426251471042633e-02 -4.468345940113067627e-01
1.258770465850830078e+00 -3.514914959669113159e-02 -3.884826898574829102e-01
1.226519465446472168e+00 -2.586481161415576935e-02 -3.806661069393157959e-01
1.278036832809448242e+00 -2.647055499255657196e-02 -3.868533372879028320e-01
1.276158332824707031e+00 -5.681533366441726685e-04 -3.974182605743408203e-01
1.077962398529052734e+00 -2.391936816275119781e-02 -2.872281372547149658e-01
1.251632332801818848e+00 -5.855927243828773499e-03 -3.486387431621551514e-01
1.094129443168640137e+00 -2.814107947051525116e-02 -3.007002472877502441e-01
1.221705555915832520e+00 -5.979472771286964417e-03 -3.842189311981201172e-01
1.182054758071899414e+00 -8.817689493298530579e-03 -3.838569521903991699e-01
1.347597599029541016e+00 4.312140867114067078e-03 -4.325028955936431885e-01
1.281627774238586426e+00 1.816742122173309326e-03 -4.149460792541503906e-01
1.294162392616271973e+00 -1.963745802640914917e-03 -4.324261546134948730e-01
1.320113778114318848e+00 3.694828599691390991e-03 -4.308305680751800537e-01
1.322391271591186523e+00 9.939422830939292908e-03 -4.569607377052307129e-01
1.355707049369812012e+00 1.463578268885612488e-02 -4.637050628662109375e-01
1.364077806472778320e+00 1.599895767867565155e-02 -5.016629695892333984e-01
1.249812364578247070e+00 8.667087182402610779e-03 -4.753612577915191650e-01
1.274965047836303711e+00 1.383236981928348541e-02 -4.680030941963195801e-01
1.198147058486938477e+00 2.752115949988365173e-03 -4.279276132583618164e-01
1.207526206970214844e+00 4.393545910716056824e-03 -4.532774984836578369e-01
1.117039680480957031e+00 2.007003873586654663e-03 -4.418847262859344482e-01
1.066279530525207520e+00 -9.345340542495250702e-03 -4.207768738269805908e-01
1.101214528083801270e+00 -1.102076284587383270e-02 -3.616645932197570801e-01
1.142806172370910645e+00 -3.977032378315925598e-03 -4.075587391853332520e-01
1.096629619598388672e+00 -4.418849945068359375e-03 -4.177014231681823730e-01
1.161068558692932129e+00 2.715285867452621460e-03 -4.615465700626373291e-01
1.178000092506408691e+00 -6.303358823060989380e-03 -4.160467982292175293e-01
1.090568900108337402e+00 -1.109973341226577759e-02 -4.131715297698974609e-01
1.159914135932922363e+00 -3.738828934729099274e-03 -4.508276581764221191e-01
1.064366102218627930e+00 -1.652028784155845642e-02 -4.114261865615844727e-01
1.032385110855102539e+00 -2.048172056674957275e-02 -3.971891403198242188e-01
1.060606718063354492e+00 -1.978190988302230835e-02 -3.393819928169250488e-01
1.064920306205749512e+00 -1.997892558574676514e-02 -3.569582104682922363e-01
1.113596081733703613e+00 -1.399815361946821213e-02 -3.911105394363403320e-01
1.086931586265563965e+00 -2.074962481856346130e-02 -3.913045525550842285e-01
1.067996859550476074e+00 -2.256211638450622559e-02 -3.978303074836730957e-01
1.087058186531066895e+00 -1.813331060111522675e-02 -4.154453873634338379e-01
1.065595865249633789e+00 -1.279938686639070511e-02 -4.287688136100769043e-01
1.006844043731689453e+00 -1.802974939346313477e-02 -4.224035739898681641e-01
1.008662343025207520e+00 3.888085484504699707e-04 -4.763191342353820801e-01
9.691351056098937988e-01 1.217799261212348938e-03 -4.933953285217285156e-01
1.088406443595886230e+00 6.017027422785758972e-03 -5.219760537147521973e-01
1.017275452613830566e+00 -3.708269447088241577e-03 -5.026878118515014648e-01
1.086502194404602051e+00 2.091950364410877228e-02 -5.397474765777587891e-01
8.163200616836547852e-01 -1.615941710770130157e-02 -4.122003018856048584e-01
9.258464574813842773e-01 1.254378445446491241e-02 -5.329487323760986328e-01
9.279788136482238770e-01 3.112928755581378937e-02 -6.269492506980895996e-01
1.003926038742065430e+00 4.044689983129501343e-02 -6.548972129821777344e-01
8.651481866836547852e-01 2.519177831709384918e-02 -6.303309202194213867e-01
9.209858179092407227e-01 1.429696753621101379e-02 -6.339077949523925781e-01
8.862167596817016602e-01 2.599796466529369354e-02 -7.027853727340698242e-01
8.974089622497558594e-01 4.136482626199722290e-02 -7.076249122619628906e-01
8.845373392105102539e-01 5.336498469114303589e-02 -7.366507053375244141e-01
8.906763792037963867e-01 5.268511176109313965e-02 -7.522917985916137695e-01
8.652057647705078125e-01 5.332776159048080444e-02 -8.404386639595031738e-01
9.996724128723144531e-01 7.255938649177551270e-02 -8.845648765563964844e-01
8.298839330673217773e-01 5.504400283098220825e-02 -8.296477794647216797e-01
7.766309976577758789e-01 4.505351185798645020e-02 -8.237584233283996582e-01
9.279052019119262695e-01 7.605460286140441895e-02 -9.668508172035217285e-01
8.345004916191101074e-01 6.370487809181213379e-02 -8.608550429344177246e-01
8.763229846954345703e-01 7.146677374839782715e-02 -1.066622734069824219e+00
7.239587306976318359e-01 5.803924053907394409e-02 -9.663324356079101562e-01
6.887261271476745605e-01 7.656048983335494995e-02 -1.036891818046569824e+00
6.840467453002929688e-01 8.237877488136291504e-02 -1.160661101341247559e+00
5.733669400215148926e-01 6.438696384429931641e-02 -9.657022356986999512e-01
6.427297592163085938e-01 6.251786649227142334e-02 -1.048150181770324707e+00
6.704580783843994141e-01 7.718916982412338257e-02 -1.124487996101379395e+00
7.418150305747985840e-01 8.789290487766265869e-02 -1.122992992401123047e+00
5.375274419784545898e-01 3.637373447418212891e-02 -1.063458919525146484e+00
5.921243429183959961e-01 6.213017553091049194e-02 -1.227819919586181641e+00
5.780845284461975098e-01 6.575489789247512817e-02 -1.243527054786682129e+00
5.408717393875122070e-01 7.302205264568328857e-02 -1.274080991744995117e+00
5.670827031135559082e-01 7.256062328815460205e-02 -1.217018485069274902e+00
4.723290801048278809e-01 4.751012474298477173e-02 -1.086622834205627441e+00
4.410418272018432617e-01 6.007596850395202637e-02 -1.201439857482910156e+00
3.878548145294189453e-01 5.838161706924438477e-02 -1.187657356262207031e+00
3.820651769638061523e-01 5.456358194351196289e-02 -1.250330328941345215e+00
2.687372267246246338e-01 3.677643090486526489e-02 -1.123040199279785156e+00
2.745259106159210205e-01 2.919877879321575165e-02 -1.128088235855102539e+00
2.163946777582168579e-01 4.976708441972732544e-02 -1.151969313621520996e+00
2.333365082740783691e-01 6.471996009349822998e-02 -1.208631873130798340e+00
1.182057112455368042e-01 3.904473781585693359e-02 -1.165539860725402832e+00
1.047102063894271851e-01 4.308939725160598755e-02 -1.316125750541687012e+00
4.617370665073394775e-02 2.791360579431056976e-02 -1.185309767723083496e+00
5.947157740592956543e-03 2.520103566348552704e-02 -1.197624444961547852e+00
9.553609788417816162e-02 3.756032139062881470e-02 -1.199354410171508789e+00
9.106595814228057861e-02 2.749224193394184113e-02 -1.190913438796997070e+00
9.116168320178985596e-02 3.700882941484451294e-02 -1.246102929115295410e+00
-1.532152295112609863e-03 3.045945428311824799e-02 -1.130111813545227051e+00
-7.263956964015960693e-02 4.009369760751724243e-02 -1.105649471282958984e+00
-1.311200708150863647e-01 2.762034721672534943e-02 -1.089000940322875977e+00
-1.088200956583023071e-01 1.450283266603946686e-02 -1.113269805908203125e+00
-1.203795522451400757e-01 1.555254869163036346e-02 -1.150340318679809570e+00
-1.223988085985183716e-01 1.464953459799289703e-02 -1.227991104125976562e+00
-1.425263136625289917e-01 9.115023538470268250e-03 -1.173086047172546387e+00
-1.636951118707656860e-01 1.687198691070079803e-02 -1.212293624877929688e+00
-2.231159955263137817e-01 2.644955180585384369e-02 -1.153420805931091309e+00
-3.394994139671325684e-01 6.031449139118194580e-02 -1.233625769615173340e+00
-4.893660545349121094e-01 6.929849833250045776e-02 -1.241676807403564453e+00
-4.826686978340148926e-01 6.907607614994049072e-02 -1.158642411231994629e+00
-6.040596961975097656e-01 8.176229149103164673e-02 -1.226154446601867676e+00
-5.014296770095825195e-01 8.879261091351509094e-03 -1.159624099731445312e+00
-4.767556190490722656e-01 3.267059475183486938e-02 -1.100687503814697266e+00
-5.227535963058471680e-01 3.480829298496246338e-02 -1.139967679977416992e+00
-5.585681796073913574e-01 6.383682787418365479e-02 -1.124250173568725586e+00
-4.800395369529724121e-01 5.834092199802398682e-02 -1.153029561042785645e+00
-5.405268669128417969e-01 9.150077402591705322e-02 -1.148389101028442383e+00
-5.720804333686828613e-01 1.070637479424476624e-01 -1.194706797599792480e+00
-6.121957898139953613e-01 1.060483083128929138e-01 -1.177393436431884766e+00
-7.354328036308288574e-01 3.877022117376327515e-02 -1.184778571128845215e+00
-9.051868915557861328e-01 1.134613603353500366e-01 -1.074625372886657715e+00
-8.466111421585083008e-01 6.272810697555541992e-02 -9.791628718376159668e-01
-8.901433944702148438e-01 7.531568408012390137e-02 -8.638880252838134766e-01
-9.298660755157470703e-01 9.447038918733596802e-02 -8.951311707496643066e-01
-1.038335919380187988e+00 5.309806764125823975e-02 -7.814679145812988281e-01
-8.638823628425598145e-01 6.876227259635925293e-02 -7.379992604255676270e-01
-8.196207284927368164e-01 5.712643265724182129e-02 -6.683171987533569336e-01
-9.602718353271484375e-01 8.162920176982879639e-02 -7.130718231201171875e-01
-9.407260417938232422e-01 6.983637809753417969e-02 -6.445102691650390625e-01
-9.675775766372680664e-01 9.522373229265213013e-02 -5.916560888290405273e-01
-1.026313900947570801e+00 8.196715265512466431e-02 -6.182304620742797852e-01
-1.076908349990844727e+00 9.695903211832046509e-02 -5.188778638839721680e-01
-1.140694022178649902e+00 7.268290221691131592e-02 -6.000804901123046875e-01
-1.198866486549377441e+00 7.788799703121185303e-02 -5.634486675262451172e-01
-1.201582074165344238e+00 1.143454164266586304e-01 -5.292588472366333008e-01
-1.124567031860351562e+00 1.489507555961608887e-01 -4.412509500980377197e-01
-1.086776375770568848e+00 1.274646669626235962e-01 -3.405888080596923828e-01
-1.205307364463806152e+00 1.349835395812988281e-01 -3.590007126331329346e-01
-1.269830226898193359e+00 1.809632927179336548e-01 -4.686061739921569824e-01
-1.290990710258483887e+00 1.686583310365676880e-01 -4.332433938980102539e-01
-1.276174187660217285e+00 1.330442279577255249e-01 -4.310934245586395264e-01
-1.240749239921569824e+00 1.343453526496887207e-01 -3.948189616203308105e-01
-1.229093670845031738e+00 1.432069987058639526e-01 -3.713003396987915039e-01
-1.261541962623596191e+00 1.079950481653213501e-01 -3.735353350639343262e-01
-1.178520321846008301e+00 6.192582845687866211e-02 -3.297968506813049316e-01
-1.088579893112182617e+00 5.697090923786163330e-02 -3.137909770011901855e-01
-1.266347169876098633e+00 9.313546121120452881e-02 -3.508040308952331543e-01
-1.248855471611022949e+00 7.630676031112670898e-02 -3.695717155933380127e-01
-1.275719046592712402e+00 4.724786430597305298e-02 -2.693453729152679443e-01
-1.307649493217468262e+00 6.556344032287597656e-02 -2.988097667694091797e-01
-1.349286079406738281e+00 5.978833138942718506e-02 -2.719286978244781494e-01
-1.327191710472106934e+00 4.425972700119018555e-02 -2.107145488262176514e-01
-1.294849276542663574e+00 4.670803248882293701e-02 -2.021884322166442871e-01
-1.304081559181213379e+00 4.872683435678482056e-02 -2.034651935100555420e-01
-1.351778507232666016e+00 6.493064016103744507e-02 -2.295762598514556885e-01
-1.378318667411804199e+00 8.766489475965499878e-02 -2.014431655406951904e-01
-1.360873699188232422e+00 7.137568295001983643e-02 -2.074040174484252930e-01
-1.289867043495178223e+00 8.175331354141235352e-02 -1.723500788211822510e-01
-1.309837937355041504e+00 5.050059407949447632e-02 -1.502182483673095703e-01
-1.285311102867126465e+00 3.956302255392074585e-02 -1.336642503738403320e-01
-1.240613222122192383e+00 2.364399097859859467e-02 -1.456793546676635742e-01
-1.368237614631652832e+00 2.382744662463665009e-02 -6.271249055862426758e-02
-1.316613793373107910e+00 1.813631318509578705e-02 -1.092389822006225586e-01
-1.412157773971557617e+00 1.741414889693260193e-03 -1.284850239753723145e-01
-1.417786121368408203e+00 1.209346577525138855e-03 -1.510353088378906250e-01
-1.387819647789001465e+00 6.504548713564872742e-03 -9.393781423568725586e-02
-1.330977082252502441e+00 6.221067160367965698e-04 -5.193984508514404297e-02
-1.404372334480285645e+00 1.419080607593059540e-02 -9.852039813995361328e-02
-1.382580637931823730e+00 -1.391491480171680450e-02 -5.295461416244506836e-02
-1.353913426399230957e+00 -1.115004904568195343e-02 -3.168052434921264648e-02
-1.378239035606384277e+00 -9.668366983532905579e-03 -4.388445615768432617e-02
-1.374897837638854980e+00 -7.851483300328254700e-03 -4.320484399795532227e-02
-1.399437785148620605e+00 -8.596973493695259094e-03 -4.102432727813720703e-02
-1.353669524192810059e+00 -1.775217242538928986e-02 -3.973942995071411133e-02
-1.352021336555480957e+00 -1.527674682438373566e-02 -4.108005762100219727e-02
-1.351933598518371582e+00 -1.567767746746540070e-02 -3.963667154312133789e-02
-1.361241936683654785e+00 -8.545802906155586243e-03 -3.410303592681884766e-02
-1.315746903419494629e+00 -9.152593091130256653e-03 -5.234229564666748047e-02
-1.284298181533813477e+00 -4.131139814853668213e-02 1.684355922043323517e-02
-1.345990300178527832e+00 -4.622088372707366943e-02 1.674175448715686798e-02
-1.291286110877990723e+00 -4.107937216758728027e-02 2.676260657608509064e-02
-1.238622546195983887e+00 -4.501783847808837891e-02 2.355015464127063751e-02
-1.271135210990905762e+00 -3.156991302967071533e-02 1.618266291916370392e-02
-1.184943199157714844e+00 -3.368084132671356201e-02 2.799344249069690704e-02
-1.169659256935119629e+00 -1.464845426380634308e-02 -1.598405651748180389e-02
-1.111907482147216797e+00 8.496848866343498230e-03 -4.501638934016227722e-03
-1.169131398200988770e+00 -5.897777155041694641e-03 -2.170014195144176483e-02
-1.113683223724365234e+00 1.325992867350578308e-03 2.443075366318225861e-02
-1.070641756057739258e+00 1.653862558305263519e-02 2.790576405823230743e-02
-1.052444696426391602e+00 5.720183253288269043e-06 9.970563650131225586e-02
-1.204555034637451172e+00 -1.135805435478687286e-02 8.917003870010375977e-02
-1.145284295082092285e+00 -3.968858718872070312e-02 2.307262420654296875e-01
-1.020077109336853027e+00 -1.620097644627094269e-02 2.592880427837371826e-01
-1.118048310279846191e+00 -1.783839054405689240e-02 2.395756244659423828e-01
-1.156199812889099121e+00 -5.012769997119903564e-02 3.052574098110198975e-01
-1.106245875358581543e+00 -4.618139564990997314e-02 2.703946530818939209e-01
-1.012235641479492188e+00 -5.055288970470428467e-02 2.182615995407104492e-01
-1.059753179550170898e+00 -8.161740377545356750e-03 3.279381096363067627e-01
-1.010361313819885254e+00 -3.598155081272125244e-02 2.983206510543823242e-01
-1.040895938873291016e+00 -4.302880167961120605e-02 3.611150383949279785e-01
-9.696497917175292969e-01 -2.797249145805835724e-02 3.475549817085266113e-01
-9.056260585784912109e-01 -4.056668281555175781e-02 4.421213269233703613e-01
-8.854115009307861328e-01 1.695966534316539764e-02 3.876821398735046387e-01
-9.410482048988342285e-01 2.949648909270763397e-02 4.391447603702545166e-01
-8.778496384620666504e-01 3.090159408748149872e-02 4.936794340610504150e-01
-8.910495638847351074e-01 1.874798350036144257e-02 5.265949964523315430e-01
-9.192032814025878906e-01 2.124475501477718353e-02 5.773918032646179199e-01
-8.116263151168823242e-01 -2.462212927639484406e-02 6.935653090476989746e-01
-8.949149847030639648e-01 -6.274865567684173584e-02 7.053104639053344727e-01
-7.853111624717712402e-01 -4.595567286014556885e-02 8.431414961814880371e-01
-7.038937211036682129e-01 -6.727942824363708496e-02 8.909592628479003906e-01
-7.648193240165710449e-01 -1.046965271234512329e-01 1.024428486824035645e+00
-7.406402230262756348e-01 -3.498326241970062256e-02 9.610730409622192383e-01
-6.838347315788269043e-01 -7.254579663276672363e-02 9.870434999465942383e-01
-7.126412391662597656e-01 -1.121401190757751465e-01 1.083133339881896973e+00
-6.020555496215820312e-01 -1.353032141923904419e-01 1.144718050956726074e+00
-6.303167343139648438e-01 -1.330749541521072388e-01 1.148543953895568848e+00
-6.257934570312500000e-01 -8.148331940174102783e-02 1.196418881416320801e+00
-6.497572064399719238e-01 -1.117226928472518921e-01 1.338032603263854980e+00
-6.298108696937561035e-01 -9.021072089672088623e-02 1.338822126388549805e+00
-6.320085525512695312e-01 -6.832875311374664307e-02 1.371624708175659180e+00
-4.789881706237792969e-01 -8.165629208087921143e-02 1.344595551490783691e+00
-5.978120565414428711e-01 -8.817304670810699463e-02 1.450118660926818848e+00
-4.514269232749938965e-01 -7.624359428882598877e-02 1.337981939315795898e+00
-3.985883593559265137e-01 -5.338072776794433594e-02 1.363180637359619141e+00
-4.190003275871276855e-01 -8.061334490776062012e-02 1.423608660697937012e+00
-4.044342041015625000e-01 -8.878706395626068115e-02 1.442575097084045410e+00
-3.997408747673034668e-01 -5.791772902011871338e-02 1.466871500015258789e+00
-3.061460256576538086e-01 -7.044073939323425293e-02 1.388925552368164062e+00
-3.217812776565551758e-01 -6.137703359127044678e-02 1.535701274871826172e+00
-2.173586338758468628e-01 -6.386648118495941162e-02 1.513250708580017090e+00
-1.588064432144165039e-01 -3.248997032642364502e-02 1.489397883415222168e+00
-1.563480049371719360e-01 -4.091949760913848877e-02 1.519958138465881348e+00
-1.351931393146514893e-01 -7.904832065105438232e-02 1.502361416816711426e+00
-2.381408587098121643e-02 -9.126387536525726318e-02 1.374265193939208984e+00
2.006545662879943848e-02 -3.794355690479278564e-02 1.422124266624450684e+00
-3.249757736921310425e-02 6.476892158389091492e-03 1.437833070755004883e+00
2.012158930301666260e-02 -3.139602020382881165e-03 1.502339363098144531e+00
7.505168765783309937e-02 -8.788393810391426086e-03 1.571454167366027832e+00
3.069543838500976562e-02 1.238819770514965057e-02 1.492713928222656250e+00
2.237388342618942261e-01 -4.476702213287353516e-02 1.427185535430908203e+00
1.408262997865676880e-01 -2.569829113781452179e-02 1.467338085174560547e+00
2.762785553932189941e-01 -4.245363175868988037e-02 1.374965786933898926e+00
3.077392578125000000e-01 -3.569185733795166016e-02 1.436508655548095703e+00
2.370088547468185425e-01 -3.875955939292907715e-02 1.331315159797668457e+00
3.625844120979309082e-01 -8.593493700027465820e-02 1.330634355545043945e+00
4.041521549224853516e-01 -1.039302647113800049e-01 1.329736232757568359e+00
3.979067802429199219e-01 -1.181690394878387451e-01 1.259584903717041016e+00
4.638921022415161133e-01 -1.247508823871612549e-01 1.314726591110229492e+00
4.942365288734436035e-01 -1.066962927579879761e-01 1.330121397972106934e+00
5.240080952644348145e-01 -1.182734817266464233e-01 1.289576649665832520e+00
5.610244274139404297e-01 -1.334877163171768188e-01 1.279137134552001953e+00
5.959397554397583008e-01 -1.340303868055343628e-01 1.252537250518798828e+00
5.815284848213195801e-01 -1.432712972164154053e-01 1.218703627586364746e+00
6.137627363204956055e-01 -1.573754101991653442e-01 1.163505315780639648e+00
6.129462122917175293e-01 -1.586065888404846191e-01 1.164796233177185059e+00
6.974124908447265625e-01 -1.897031217813491821e-01 1.158608675003051758e+00
7.171911597251892090e-01 -1.901298314332962036e-01 1.152297139167785645e+00
6.896851062774658203e-01 -1.945647746324539185e-01 1.142798423767089844e+00
6.775835752487182617e-01 -1.911161541938781738e-01 1.177244782447814941e+00
7.125635743141174316e-01 -1.934189647436141968e-01 1.150684833526611328e+00
6.814227700233459473e-01 -1.685425192117691040e-01 1.192541122436523438e+00
6.824284195899963379e-01 -1.553986072540283203e-01 1.200759768486022949e+00
6.926062703132629395e-01 -1.630220860242843628e-01 1.227073431015014648e+00
6.949253082275390625e-01 -1.630674153566360474e-01 1.226097106933593750e+00
6.700896024703979492e-01 -1.663163900375366211e-01 1.212332129478454590e+00
7.202540040016174316e-01 -1.578784584999084473e-01 1.206841230392456055e+00
7.228035926818847656e-01 -1.579180508852005005e-01 1.204801797866821289e+00
7.211142778396606445e-01 -1.614121943712234497e-01 1.210540533065795898e+00
5.825661420822143555e-01 -1.365703791379928589e-01 1.114068031311035156e+00
6.031433343887329102e-01 -1.369726657867431641e-01 1.097567677497863770e+00
6.063681840896606445e-01 -1.367285996675491333e-01 1.097523689270019531e+00
