1.210187000000000068e-02 4.468736000000000171e-04 1.267280999999999824e-01
3.021791000000000060e-02 9.791738000000001219e-04 2.686230000000000007e-01
5.987545999999999841e-02 2.308104999999999966e-03 4.305403000000000424e-01
1.050408000000000175e-01 3.322380999999999685e-03 6.034612999999999783e-01
1.652963000000000071e-01 5.264528000000000089e-03 7.870087000000000055e-01
2.401942999999999717e-01 7.625041999999999411e-03 9.812570999999999932e-01
3.220547000000000271e-01 1.121243000000000066e-02 1.185453000000000090e+00
4.170054000000000261e-01 1.474469999999999947e-02 1.399472999999999967e+00
5.318266999999999856e-01 1.361740999999999993e-02 1.620036000000000032e+00
6.772189000000000680e-01 1.304236999999999931e-02 1.841927999999999788e+00
8.328050999999999648e-01 1.601612999999999995e-02 2.063051999999999886e+00
9.991018000000000399e-01 1.908195999999999851e-02 2.286904999999999966e+00
1.188050000000000050e+00 2.416489000000000137e-02 2.512799999999999923e+00
1.399777999999999967e+00 3.070196000000000036e-02 2.733366999999999880e+00
1.634195999999999982e+00 3.653764999999999791e-02 2.948015999999999970e+00
1.890111999999999792e+00 4.599882999999999750e-02 3.160520999999999692e+00
2.166151999999999855e+00 5.994959999999999872e-02 3.369734999999999925e+00
2.465897000000000006e+00 7.581132999999999622e-02 3.579897000000000329e+00
2.784666000000000086e+00 9.232524999999999760e-02 3.792151000000000050e+00
3.131896999999999931e+00 1.077990999999999949e-01 4.000366000000000533e+00
3.507611000000000256e+00 1.241318000000000005e-01 4.202253999999999934e+00
3.909355999999999831e+00 1.392365999999999882e-01 4.402127000000000123e+00
4.338561000000000334e+00 1.575565000000000160e-01 4.600410000000000110e+00
4.794196000000000346e+00 1.775272000000000239e-01 4.791822999999999944e+00
5.277727999999999753e+00 1.987946000000000157e-01 4.974126000000000047e+00
5.789742999999999640e+00 2.220148999999999873e-01 5.152036999999999978e+00
6.329743999999999815e+00 2.453956000000000193e-01 5.330722999999999878e+00
6.895352000000000814e+00 2.686406000000000072e-01 5.510972999999999900e+00
7.490216000000000207e+00 2.909019000000000466e-01 5.692965000000000053e+00
8.109242999999999313e+00 3.131205999999999712e-01 5.878027999999999587e+00
8.752694999999999226e+00 3.367873000000000117e-01 6.068197000000000507e+00
9.421853000000000478e+00 3.626882000000000161e-01 6.260273000000000643e+00
1.011200999999999972e+01 3.902645000000000142e-01 6.449694999999999290e+00
1.082596999999999987e+01 4.193164999999999809e-01 6.636982999999999855e+00
1.155971000000000082e+01 4.514516999999999558e-01 6.820541000000000409e+00
1.231146000000000029e+01 4.861180000000000501e-01 7.000760000000000538e+00
1.308226999999999940e+01 5.233621999999999996e-01 7.178249000000000102e+00
1.386202999999999896e+01 5.631454999999999655e-01 7.350289999999999324e+00
1.464993999999999907e+01 6.034899999999999709e-01 7.512324999999999697e+00
1.544430999999999976e+01 6.443425999999999876e-01 7.663696000000000730e+00
1.624123999999999768e+01 6.849787999999999988e-01 7.803817999999999699e+00
1.704598999999999975e+01 7.272439000000000542e-01 7.933466000000000129e+00
1.785698999999999970e+01 7.679911000000000376e-01 8.048258000000000578e+00
1.867272999999999783e+01 8.064539000000000568e-01 8.147356000000000265e+00
1.949576000000000064e+01 8.456493000000000482e-01 8.228210000000000690e+00
2.032201000000000235e+01 8.850078000000001222e-01 8.284769000000000716e+00
2.115627000000000280e+01 9.232780999999998794e-01 8.311045000000000016e+00
2.199272000000000205e+01 9.585629999999999429e-01 8.306307000000000329e+00
2.283005999999999958e+01 9.929263000000000394e-01 8.271717000000000652e+00
2.366829999999999856e+01 1.025645999999999836e+00 8.211107000000000156e+00
2.450482999999999834e+01 1.056279999999999886e+00 8.124872999999999124e+00
2.533862999999999843e+01 1.084175000000000111e+00 8.006448999999999927e+00
2.616891000000000034e+01 1.109161999999999981e+00 7.855574000000000723e+00
2.699155000000000015e+01 1.128260999999999958e+00 7.679835999999999885e+00
2.781160999999999817e+01 1.143099000000000087e+00 7.478533000000000541e+00
2.863097000000000136e+01 1.152061000000000002e+00 7.246691000000000216e+00
2.943802999999999770e+01 1.152695000000000025e+00 6.997716999999999743e+00
3.023007000000000133e+01 1.146023000000000014e+00 6.731675000000000075e+00
3.101164999999999949e+01 1.131823000000000023e+00 6.452447000000000266e+00
3.178304000000000329e+01 1.108613999999999988e+00 6.157691999999999943e+00
3.255086000000000013e+01 1.070946999999999871e+00 5.836955000000000560e+00
3.331009000000000242e+01 1.026378000000000013e+00 5.495462999999999987e+00
3.406147999999999598e+01 9.790893999999999986e-01 5.135804000000000258e+00
3.480409999999999826e+01 9.319900999999999325e-01 4.758144000000000595e+00
3.553209999999999980e+01 8.869766999999999513e-01 4.363871999999999751e+00
3.624909000000000248e+01 8.426906999999999037e-01 3.963230999999999948e+00
3.695412000000000319e+01 8.025499999999999856e-01 3.562205999999999761e+00
3.764822000000000202e+01 7.630242999999999887e-01 3.157985000000000042e+00
3.833941000000000088e+01 7.189929000000000459e-01 2.756404999999999994e+00
3.902884000000000242e+01 6.757535000000000069e-01 2.346022999999999747e+00
3.970737000000000450e+01 6.348350000000000382e-01 1.915654000000000190e+00
4.038700000000000045e+01 5.915960999999999581e-01 1.476584000000000119e+00
4.107845999999999975e+01 5.487043000000000337e-01 1.032646999999999871e+00
4.178414999999999679e+01 5.077496000000000231e-01 5.810904999999999543e-01
4.250744999999999862e+01 4.621971999999999747e-01 1.215433999999999959e-01
4.325224000000000046e+01 4.157685000000000408e-01 -3.378364999999999840e-01
4.401651999999999987e+01 3.696084000000000036e-01 -7.952286999999998995e-01
4.479847000000000179e+01 3.229203999999999963e-01 -1.255569000000000157e+00
4.559797000000000367e+01 2.752421999999999924e-01 -1.718077000000000076e+00
4.641670999999999481e+01 2.251199000000000117e-01 -2.182612999999999914e+00
4.725344000000000477e+01 1.721279000000000003e-01 -2.652713000000000321e+00
4.810244000000000142e+01 1.191936999999999858e-01 -3.132579999999999920e+00
4.896155999999999864e+01 6.614438000000000262e-02 -3.622609999999999886e+00
4.982912999999999926e+01 1.543395000000000010e-02 -4.119797000000000153e+00
5.070985999999999905e+01 -3.397461999999999704e-02 -4.626523999999999859e+00
5.160092000000000212e+01 -8.461151999999999562e-02 -5.138526999999999845e+00
5.249660000000000082e+01 -1.359794000000000003e-01 -5.654198000000000057e+00
5.339938000000000784e+01 -1.889422999999999797e-01 -6.170359999999999623e+00
5.429898000000000735e+01 -2.428121000000000029e-01 -6.686855999999999689e+00
5.519749999999999801e+01 -2.987033000000000049e-01 -7.201417999999999431e+00
5.609470999999999918e+01 -3.531245000000000078e-01 -7.714224000000000636e+00
5.699226999999999776e+01 -4.067709000000000463e-01 -8.225644000000000844e+00
5.788904999999999745e+01 -4.587550999999999712e-01 -8.733354999999999535e+00
5.878294000000000352e+01 -5.090484000000000675e-01 -9.236703000000000330e+00
5.967603000000000435e+01 -5.592500999999999722e-01 -9.738335000000001074e+00
6.056830000000000069e+01 -6.093983000000000594e-01 -1.023718000000000039e+01
6.145389000000000124e+01 -6.617838999999999805e-01 -1.073111000000000104e+01
6.233531999999999584e+01 -7.144474000000000657e-01 -1.122461000000000020e+01
6.320903000000000560e+01 -7.673911999999999400e-01 -1.172056000000000076e+01
6.407972999999999786e+01 -8.195839000000000318e-01 -1.222484999999999999e+01
6.494006999999999152e+01 -8.749911000000000216e-01 -1.273747000000000007e+01
6.579473000000000127e+01 -9.282033000000001755e-01 -1.324558999999999997e+01
6.663750000000000284e+01 -9.805353999999999459e-01 -1.375919000000000025e+01
6.747269000000000005e+01 -1.033058000000000032e+00 -1.427377999999999858e+01
6.830615999999999133e+01 -1.087156000000000011e+00 -1.478945000000000043e+01
6.913168000000000291e+01 -1.141061000000000103e+00 -1.530806000000000111e+01
6.995241000000000042e+01 -1.192211000000000132e+00 -1.583038999999999952e+01
7.077486999999999284e+01 -1.238526000000000016e+00 -1.635927999999999827e+01
7.159496000000000038e+01 -1.282214999999999883e+00 -1.688674999999999926e+01
7.240886000000000422e+01 -1.318045000000000133e+00 -1.741131000000000029e+01
7.320718000000000814e+01 -1.352729999999999988e+00 -1.793042000000000158e+01
7.399927999999999884e+01 -1.391230999999999884e+00 -1.845101000000000013e+01
7.479183000000000447e+01 -1.430026000000000019e+00 -1.897578000000000031e+01
7.558518000000000825e+01 -1.475621999999999989e+00 -1.950010999999999939e+01
7.638160000000000593e+01 -1.517747999999999875e+00 -2.001768999999999821e+01
7.717766000000000304e+01 -1.553838999999999970e+00 -2.053358000000000061e+01
7.797620000000000573e+01 -1.590767999999999960e+00 -2.104564999999999841e+01
7.877334999999999354e+01 -1.622926000000000091e+00 -2.154511000000000109e+01
7.957090999999999781e+01 -1.647452000000000139e+00 -2.204328999999999894e+01
8.035975000000000534e+01 -1.672575999999999841e+00 -2.255002999999999957e+01
8.114485999999999422e+01 -1.699977000000000071e+00 -2.305551000000000172e+01
8.193165999999999372e+01 -1.723704000000000125e+00 -2.355203999999999809e+01
8.272159999999999513e+01 -1.744715000000000238e+00 -2.404556000000000182e+01
8.351715000000000089e+01 -1.770218000000000069e+00 -2.453507000000000104e+01
8.431880999999999915e+01 -1.788533000000000150e+00 -2.500280000000000058e+01
8.513089000000000794e+01 -1.805752999999999941e+00 -2.545723999999999876e+01
8.594483999999999924e+01 -1.822551999999999950e+00 -2.590591000000000221e+01
8.675945000000000107e+01 -1.839845999999999870e+00 -2.633927999999999869e+01
8.758351999999999293e+01 -1.851770000000000138e+00 -2.676347000000000165e+01
8.840536999999999068e+01 -1.869075000000000042e+00 -2.717759000000000214e+01
8.923085000000000377e+01 -1.893883000000000205e+00 -2.757507999999999981e+01
9.005203000000000202e+01 -1.917750000000000066e+00 -2.796252000000000137e+01
9.088070999999999344e+01 -1.943850999999999773e+00 -2.833927000000000263e+01
9.172221999999999298e+01 -1.977508999999999961e+00 -2.870200999999999780e+01
9.256728000000001089e+01 -2.011589999999999989e+00 -2.905555999999999628e+01
9.340903000000000134e+01 -2.046250000000000124e+00 -2.939508000000000010e+01
9.424876999999999327e+01 -2.082057999999999964e+00 -2.972193000000000040e+01
9.509156000000000120e+01 -2.119870999999999839e+00 -3.004217999999999833e+01
9.593681999999999732e+01 -2.163159999999999972e+00 -3.036357000000000284e+01
9.678367000000000075e+01 -2.209947999999999801e+00 -3.068309999999999960e+01
9.762796999999999059e+01 -2.254488999999999965e+00 -3.099994999999999834e+01
9.847825999999999169e+01 -2.300638999999999879e+00 -3.131095999999999790e+01
9.933337000000000216e+01 -2.347890000000000033e+00 -3.161655999999999622e+01
1.001847999999999956e+02 -2.394150999999999918e+00 -3.191407999999999845e+01
1.010383000000000067e+02 -2.436800999999999995e+00 -3.219559000000000282e+01
1.018913000000000011e+02 -2.479664000000000090e+00 -3.246899000000000513e+01
1.027386999999999944e+02 -2.524306000000000161e+00 -3.274622000000000099e+01
1.035884999999999962e+02 -2.567807000000000173e+00 -3.302355000000000018e+01
1.044454999999999956e+02 -2.610933000000000170e+00 -3.328918000000000177e+01
1.053064999999999998e+02 -2.657199000000000311e+00 -3.355357000000000056e+01
1.061709000000000032e+02 -2.704158000000000062e+00 -3.380987999999999971e+01
1.070285999999999973e+02 -2.745461999999999847e+00 -3.405765000000000242e+01
1.078896000000000015e+02 -2.790315999999999796e+00 -3.429845999999999862e+01
1.087523000000000053e+02 -2.835895000000000277e+00 -3.453399000000000285e+01
1.096205000000000069e+02 -2.882829999999999782e+00 -3.476364000000000232e+01
1.104869999999999948e+02 -2.928512000000000004e+00 -3.499322999999999695e+01
1.113534999999999968e+02 -2.973590000000000177e+00 -3.521847000000000349e+01
1.122223000000000042e+02 -3.017837000000000103e+00 -3.543239000000000516e+01
1.130944999999999965e+02 -3.062720000000000109e+00 -3.563107999999999720e+01
1.139689000000000050e+02 -3.106520000000000170e+00 -3.582432000000000016e+01
1.148418000000000063e+02 -3.150122999999999784e+00 -3.602322999999999809e+01
1.157146999999999935e+02 -3.193868000000000151e+00 -3.621818999999999988e+01
1.165857000000000028e+02 -3.239438000000000262e+00 -3.640785000000000338e+01
1.174624000000000024e+02 -3.279198999999999753e+00 -3.660169000000000494e+01
1.183367999999999967e+02 -3.318375000000000075e+00 -3.679449999999999932e+01
1.192100999999999971e+02 -3.361858000000000235e+00 -3.697484000000000037e+01
1.200849999999999937e+02 -3.401094000000000062e+00 -3.714465999999999468e+01
1.209561000000000064e+02 -3.438516000000000350e+00 -3.731125999999999721e+01
1.218303999999999974e+02 -3.481415000000000148e+00 -3.747460000000000235e+01
1.227039000000000044e+02 -3.521473999999999993e+00 -3.763877999999999702e+01
1.235754000000000019e+02 -3.558368000000000198e+00 -3.780866999999999933e+01
1.244523999999999972e+02 -3.596099999999999852e+00 -3.797626999999999953e+01
1.253204999999999956e+02 -3.631059999999999732e+00 -3.814145999999999503e+01
1.261781000000000006e+02 -3.664261000000000212e+00 -3.830593999999999966e+01
1.270336999999999961e+02 -3.697684999999999889e+00 -3.846972999999999843e+01
1.278915999999999968e+02 -3.731608000000000036e+00 -3.862937999999999761e+01
1.287489999999999952e+02 -3.773124999999999840e+00 -3.878915999999999542e+01
1.296019000000000005e+02 -3.812511000000000205e+00 -3.895463000000000164e+01
1.304484999999999957e+02 -3.847216999999999665e+00 -3.911538000000000181e+01
1.312943999999999960e+02 -3.890191000000000177e+00 -3.925480999999999909e+01
1.321342999999999961e+02 -3.932337999999999667e+00 -3.939553000000000083e+01
1.329697999999999922e+02 -3.974606999999999779e+00 -3.954592999999999847e+01
1.338002999999999929e+02 -4.018901999999999752e+00 -3.969762000000000057e+01
1.346230999999999938e+02 -4.063363999999999976e+00 -3.984431000000000012e+01
1.354495000000000005e+02 -4.105476999999999599e+00 -3.999979000000000440e+01
1.362673000000000059e+02 -4.146973000000000020e+00 -4.015281999999999840e+01
1.370908000000000015e+02 -4.188572999999999880e+00 -4.030057000000000045e+01
1.379022999999999968e+02 -4.226372000000000462e+00 -4.043780000000000285e+01
1.387057000000000073e+02 -4.266655000000000086e+00 -4.057117999999999824e+01
1.395060000000000002e+02 -4.303912999999999656e+00 -4.069613999999999976e+01
1.403053999999999917e+02 -4.337505999999999418e+00 -4.081224000000000274e+01
1.411082000000000107e+02 -4.377901000000000487e+00 -4.091861000000000104e+01
1.419062000000000126e+02 -4.419463999999999615e+00 -4.101861999999999853e+01
1.426964000000000112e+02 -4.456348000000000198e+00 -4.110992999999999853e+01
1.434861999999999966e+02 -4.491870999999999725e+00 -4.118412999999999613e+01
1.442760000000000105e+02 -4.527880000000000571e+00 -4.124844999999999828e+01
1.450550000000000068e+02 -4.567642000000000202e+00 -4.130354000000000525e+01
1.458274000000000115e+02 -4.612402999999999587e+00 -4.134484000000000492e+01
1.465903000000000134e+02 -4.657894999999999897e+00 -4.136685999999999552e+01
1.473502000000000010e+02 -4.704613000000000156e+00 -4.138182000000000471e+01
1.481168999999999869e+02 -4.754980999999999902e+00 -4.139014999999999844e+01
1.488864000000000090e+02 -4.810016000000000069e+00 -4.138452000000000197e+01
1.496471999999999980e+02 -4.866195999999999522e+00 -4.136491999999999791e+01
1.503944999999999936e+02 -4.922569999999999446e+00 -4.133785000000000309e+01
1.511366999999999905e+02 -4.975189000000000306e+00 -4.130745000000000289e+01
1.518836000000000013e+02 -5.025972000000000328e+00 -4.127170999999999879e+01
1.526402999999999963e+02 -5.085266999999999982e+00 -4.124315999999999605e+01
1.533944999999999936e+02 -5.150083999999999662e+00 -4.121665000000000134e+01
1.541484000000000094e+02 -5.204636999999999958e+00 -4.119286999999999921e+01
1.548962999999999965e+02 -5.253941000000000194e+00 -4.117199000000000098e+01
1.556411999999999978e+02 -5.309298000000000073e+00 -4.115767000000000309e+01
1.563925999999999874e+02 -5.366278000000000326e+00 -4.113866999999999763e+01
1.571394999999999982e+02 -5.416961999999999833e+00 -4.112929000000000457e+01
1.578857000000000141e+02 -5.470893000000000228e+00 -4.112225000000000108e+01
1.586302000000000021e+02 -5.528080000000000105e+00 -4.112149000000000143e+01
1.593642999999999859e+02 -5.577823000000000420e+00 -4.112304000000000315e+01
1.600952000000000055e+02 -5.628365000000000506e+00 -4.112637999999999749e+01
1.608214999999999861e+02 -5.683305000000000717e+00 -4.113307999999999964e+01
1.615415000000000134e+02 -5.738588000000000022e+00 -4.114340999999999582e+01
1.622558999999999969e+02 -5.787285999999999930e+00 -4.115910000000000224e+01
1.629747999999999877e+02 -5.840495999999999910e+00 -4.117304000000000030e+01
1.636911000000000058e+02 -5.895410000000000039e+00 -4.118457999999999686e+01
1.643994000000000142e+02 -5.950403999999999805e+00 -4.118594999999999828e+01
1.650988999999999862e+02 -6.001598000000000432e+00 -4.118390999999999735e+01
1.657946000000000026e+02 -6.048436999999999841e+00 -4.116984000000000066e+01
1.664858000000000118e+02 -6.093237999999999488e+00 -4.113991000000000042e+01
1.671705000000000041e+02 -6.137223000000000539e+00 -4.109074999999999989e+01
1.678530000000000086e+02 -6.181672999999999973e+00 -4.103667999999999694e+01
1.685301000000000045e+02 -6.221562000000000481e+00 -4.097529999999999717e+01
1.692000999999999920e+02 -6.257877999999999830e+00 -4.090154000000000423e+01
1.698614000000000033e+02 -6.291790999999999912e+00 -4.081430000000000291e+01
1.705106000000000108e+02 -6.321698000000000484e+00 -4.071802000000000277e+01
1.711577000000000055e+02 -6.345941999999999972e+00 -4.061474000000000473e+01
1.717856999999999914e+02 -6.364808999999999273e+00 -4.049871999999999872e+01
1.724136000000000024e+02 -6.383916999999999398e+00 -4.036840999999999724e+01
1.730349999999999966e+02 -6.398487000000000258e+00 -4.023436999999999841e+01
1.736569000000000074e+02 -6.414475000000000371e+00 -4.010085000000000122e+01
1.742719999999999914e+02 -6.429851999999999457e+00 -3.996162000000000347e+01
1.748735000000000070e+02 -6.445460999999999885e+00 -3.980478000000000094e+01
1.754661000000000115e+02 -6.462030000000000385e+00 -3.964344000000000534e+01
1.760534000000000106e+02 -6.476780000000000648e+00 -3.948935999999999780e+01
1.766442999999999870e+02 -6.491511000000000031e+00 -3.933727999999999980e+01
1.772384000000000128e+02 -6.503706000000000209e+00 -3.917669999999999675e+01
1.778409000000000049e+02 -6.523424999999999585e+00 -3.899819000000000102e+01
1.784456999999999880e+02 -6.542753000000000263e+00 -3.881772000000000133e+01
1.790511999999999944e+02 -6.563672000000000395e+00 -3.863781999999999783e+01
1.796496999999999957e+02 -6.577017999999998921e+00 -3.846824000000000154e+01
1.802452999999999861e+02 -6.587494000000000405e+00 -3.829849999999999710e+01
1.808423999999999978e+02 -6.589822999999999986e+00 -3.813009000000000270e+01
1.814416999999999973e+02 -6.592494999999999550e+00 -3.795387000000000199e+01
1.820433999999999912e+02 -6.599489000000000161e+00 -3.777364000000000033e+01
1.826545000000000130e+02 -6.610135000000000538e+00 -3.758509000000000100e+01
1.832677999999999940e+02 -6.618163000000000906e+00 -3.739322999999999553e+01
1.838831000000000131e+02 -6.622538999999999731e+00 -3.719586999999999932e+01
1.844992000000000019e+02 -6.624971000000000387e+00 -3.699419999999999931e+01
1.851117999999999881e+02 -6.625314999999999621e+00 -3.678729000000000582e+01
1.857205999999999904e+02 -6.626474000000000864e+00 -3.656855999999999796e+01
1.863264000000000067e+02 -6.629117999999999178e+00 -3.633624999999999972e+01
1.869371999999999900e+02 -6.630872999999999351e+00 -3.609759000000000384e+01
1.875554999999999950e+02 -6.636302000000000589e+00 -3.584729000000000099e+01
1.881795999999999935e+02 -6.641727000000000380e+00 -3.558665999999999485e+01
1.887951999999999941e+02 -6.647005000000000052e+00 -3.531166999999999945e+01
1.894088999999999885e+02 -6.647317000000000142e+00 -3.503210999999999586e+01
1.900332999999999970e+02 -6.646563000000000443e+00 -3.474499000000000137e+01
1.906581999999999937e+02 -6.645353000000000065e+00 -3.445350999999999431e+01
1.912983000000000118e+02 -6.646441000000000265e+00 -3.415827999999999776e+01
1.919508999999999901e+02 -6.642430000000000057e+00 -3.386697999999999809e+01
1.925985000000000014e+02 -6.636460999999999721e+00 -3.357700999999999425e+01
1.932543000000000006e+02 -6.629338999999999871e+00 -3.328042999999999552e+01
1.939224000000000103e+02 -6.624604999999999855e+00 -3.298431000000000068e+01
1.946075999999999908e+02 -6.620022000000000517e+00 -3.268986999999999910e+01
1.952934999999999945e+02 -6.613678999999999419e+00 -3.239217999999999620e+01
1.959818999999999960e+02 -6.607632000000000616e+00 -3.209196000000000026e+01
1.966689000000000078e+02 -6.601884000000000086e+00 -3.178880999999999801e+01
1.973576999999999941e+02 -6.590085000000000193e+00 -3.148450000000000060e+01
1.980447000000000060e+02 -6.577998000000000012e+00 -3.117947000000000202e+01
1.987286000000000001e+02 -6.568027000000000726e+00 -3.087809999999999988e+01
1.994136000000000024e+02 -6.558335000000000470e+00 -3.057849000000000217e+01
2.000963999999999885e+02 -6.544178999999999746e+00 -3.028272999999999726e+01
2.007784000000000049e+02 -6.530958999999999293e+00 -2.998209000000000302e+01
2.014644999999999868e+02 -6.520036000000000165e+00 -2.967879000000000289e+01
2.021490000000000009e+02 -6.508842999999999712e+00 -2.937762000000000029e+01
2.028327999999999918e+02 -6.500732000000000177e+00 -2.907467999999999719e+01
2.035185999999999922e+02 -6.489796000000000120e+00 -2.877609999999999957e+01
2.042051999999999907e+02 -6.476282000000000316e+00 -2.849044000000000310e+01
2.048965000000000032e+02 -6.466746999999999801e+00 -2.821234000000000108e+01
2.055854999999999961e+02 -6.460875999999999841e+00 -2.794682000000000244e+01
2.062803999999999860e+02 -6.457291000000000558e+00 -2.768335999999999686e+01
2.069775999999999954e+02 -6.451620000000000132e+00 -2.742532000000000281e+01
2.076846999999999923e+02 -6.442866000000000426e+00 -2.718172000000000210e+01
2.083951000000000136e+02 -6.431563999999999837e+00 -2.694940000000000069e+01
2.090997000000000128e+02 -6.412692999999999977e+00 -2.671654000000000195e+01
2.098040000000000020e+02 -6.390837000000000323e+00 -2.647707000000000122e+01
2.105114000000000090e+02 -6.368113000000000135e+00 -2.624825999999999837e+01
2.112266999999999939e+02 -6.344076999999999522e+00 -2.601615999999999929e+01
2.119378000000000100e+02 -6.316282000000000174e+00 -2.578235000000000099e+01
2.126530999999999949e+02 -6.288387999999999423e+00 -2.554272999999999882e+01
2.133745999999999867e+02 -6.266483999999999277e+00 -2.530655000000000143e+01
2.140991999999999962e+02 -6.250693000000000055e+00 -2.507413999999999987e+01
2.148259999999999934e+02 -6.233950000000000102e+00 -2.484157000000000082e+01
2.155564999999999998e+02 -6.215612999999999388e+00 -2.461007999999999996e+01
2.162920000000000016e+02 -6.192150999999999961e+00 -2.436727000000000132e+01
2.170259000000000071e+02 -6.170888999999999847e+00 -2.411544999999999916e+01
2.177641000000000133e+02 -6.141465000000000174e+00 -2.385282999999999731e+01
2.184995999999999867e+02 -6.107629000000000197e+00 -2.358866000000000085e+01
2.192373000000000047e+02 -6.076588000000000100e+00 -2.331784999999999997e+01
2.199730000000000132e+02 -6.048783000000000243e+00 -2.303738999999999848e+01
2.207081000000000017e+02 -6.010950000000000237e+00 -2.275293999999999883e+01
2.214455000000000098e+02 -5.978569999999999496e+00 -2.246603999999999957e+01
2.221871999999999900e+02 -5.953439000000000370e+00 -2.217503999999999920e+01
2.229245999999999981e+02 -5.925934999999999953e+00 -2.188097000000000136e+01
2.236673000000000116e+02 -5.900824000000000069e+00 -2.158400999999999925e+01
2.244110000000000014e+02 -5.878523999999999639e+00 -2.128566000000000003e+01
2.251519000000000119e+02 -5.852608000000000033e+00 -2.098573999999999984e+01
2.258875999999999920e+02 -5.821468000000000309e+00 -2.068759999999999977e+01
2.266171999999999969e+02 -5.786416000000000004e+00 -2.038914000000000115e+01
2.273444000000000074e+02 -5.748607999999999940e+00 -2.008115000000000094e+01
2.280720000000000027e+02 -5.713135000000000296e+00 -1.976163999999999987e+01
2.287942999999999927e+02 -5.670054000000000372e+00 -1.944196000000000168e+01
2.295082999999999913e+02 -5.635041999999999440e+00 -1.912989999999999924e+01
2.302202000000000055e+02 -5.598455999999999655e+00 -1.881335999999999942e+01
2.309318000000000097e+02 -5.563405000000000378e+00 -1.848487000000000080e+01
2.316514999999999986e+02 -5.531660999999999717e+00 -1.814958999999999989e+01
2.323800999999999988e+02 -5.500835999999999615e+00 -1.781957999999999842e+01
2.331127999999999929e+02 -5.462203999999999837e+00 -1.749136000000000024e+01
2.338426000000000045e+02 -5.421734999999999971e+00 -1.715508999999999773e+01
2.345679000000000087e+02 -5.383326999999999529e+00 -1.681798999999999822e+01
2.352837000000000103e+02 -5.338707000000000313e+00 -1.648611999999999966e+01
2.359993000000000052e+02 -5.291876999999999498e+00 -1.615219000000000094e+01
2.367129999999999939e+02 -5.248129000000000488e+00 -1.580991000000000035e+01
2.374264000000000010e+02 -5.210062999999999889e+00 -1.546516000000000091e+01
2.381366999999999905e+02 -5.166998000000000424e+00 -1.511757999999999846e+01
2.388517999999999972e+02 -5.126555999999999891e+00 -1.476520999999999972e+01
2.395717999999999961e+02 -5.089700999999999809e+00 -1.440661000000000058e+01
2.402931000000000097e+02 -5.054711000000000176e+00 -1.404672999999999838e+01
2.410169999999999959e+02 -5.014916999999999625e+00 -1.368347000000000158e+01
2.417403999999999940e+02 -4.967915000000000525e+00 -1.331751000000000040e+01
2.424684000000000026e+02 -4.919888999999999513e+00 -1.294865000000000066e+01
2.431894000000000062e+02 -4.866152999999999729e+00 -1.257871000000000095e+01
2.438926999999999907e+02 -4.820597000000000243e+00 -1.220268999999999870e+01
2.445980000000000132e+02 -4.768202999999999747e+00 -1.183272999999999975e+01
2.453038999999999987e+02 -4.715412000000000603e+00 -1.146868999999999872e+01
2.460241000000000042e+02 -4.666973999999999734e+00 -1.109792999999999985e+01
2.467476000000000056e+02 -4.628331000000000195e+00 -1.072106999999999921e+01
2.474681999999999960e+02 -4.585008999999999446e+00 -1.034966999999999970e+01
2.481890999999999963e+02 -4.542905000000000193e+00 -9.979827999999999477e+00
2.489165000000000134e+02 -4.506301000000000556e+00 -9.608052999999999955e+00
2.496451000000000136e+02 -4.465692999999999913e+00 -9.231011000000000521e+00
2.503674000000000035e+02 -4.419715000000000060e+00 -8.851414999999999367e+00
2.510878999999999905e+02 -4.371330000000000382e+00 -8.470394999999999897e+00
2.518062999999999931e+02 -4.325523999999999702e+00 -8.090111000000000274e+00
2.525224000000000046e+02 -4.275557000000000052e+00 -7.707069000000000614e+00
2.532425000000000068e+02 -4.220723999999999698e+00 -7.325539999999999274e+00
2.539607000000000028e+02 -4.161420999999999815e+00 -6.938930000000000042e+00
2.546778999999999940e+02 -4.110351999999999784e+00 -6.545579000000000036e+00
2.553918999999999926e+02 -4.048805999999999905e+00 -6.152612000000000414e+00
2.561010999999999740e+02 -3.990383999999999709e+00 -5.755644999999999456e+00
2.568048000000000002e+02 -3.930085000000000051e+00 -5.350576999999999472e+00
2.575076000000000249e+02 -3.878397000000000094e+00 -4.948903999999999748e+00
2.582149999999999750e+02 -3.826391000000000542e+00 -4.543629000000000140e+00
2.589184000000000196e+02 -3.779889999999999972e+00 -4.128434999999999633e+00
2.596186999999999898e+02 -3.733326000000000366e+00 -3.705255999999999883e+00
2.603075999999999794e+02 -3.683133999999999464e+00 -3.272953999999999919e+00
2.609916999999999803e+02 -3.633917999999999981e+00 -2.820165000000000255e+00
2.616730999999999767e+02 -3.580980999999999970e+00 -2.357593000000000050e+00
2.623444000000000074e+02 -3.531769000000000158e+00 -1.883065000000000211e+00
2.630049000000000206e+02 -3.480155000000000332e+00 -1.397703000000000140e+00
2.636555999999999926e+02 -3.427591000000000498e+00 -9.077903999999999973e-01
2.643027000000000157e+02 -3.373095999999999872e+00 -4.142627999999999866e-01
2.649517999999999915e+02 -3.320577999999999808e+00 8.421700999999999493e-02
2.656003999999999792e+02 -3.277873999999999732e+00 5.815620000000000234e-01
2.662520999999999844e+02 -3.231418999999999819e+00 1.068534000000000095e+00
2.669119000000000028e+02 -3.186901999999999902e+00 1.539702000000000126e+00
2.675830000000000268e+02 -3.138958000000000137e+00 1.995215000000000183e+00
2.682658999999999878e+02 -3.095291999999999710e+00 2.447327000000000030e+00
2.689438000000000102e+02 -3.057265999999999817e+00 2.900508000000000308e+00
2.696322000000000116e+02 -3.014796000000000031e+00 3.337087999999999610e+00
2.703249000000000137e+02 -2.971909999999999830e+00 3.759466999999999892e+00
2.710176999999999907e+02 -2.933540999999999954e+00 4.180200000000000138e+00
2.717171999999999912e+02 -2.897191999999999990e+00 4.604376000000000246e+00
2.724196999999999775e+02 -2.857744999999999980e+00 5.022289999999999921e+00
2.731286000000000058e+02 -2.814491999999999994e+00 5.441537999999999542e+00
2.738426000000000045e+02 -2.772448999999999941e+00 5.855792000000000108e+00
2.745609000000000037e+02 -2.721918000000000060e+00 6.266911000000000342e+00
2.752744999999999891e+02 -2.673152999999999668e+00 6.675117000000000189e+00
2.759846999999999753e+02 -2.628430999999999962e+00 7.082603999999999012e+00
2.766938999999999851e+02 -2.585558999999999941e+00 7.483336000000000432e+00
2.774116999999999962e+02 -2.538300999999999696e+00 7.884799000000000113e+00
2.781376999999999953e+02 -2.495084999999999997e+00 8.291747000000000867e+00
2.788724000000000274e+02 -2.463621999999999979e+00 8.703796000000000532e+00
2.796087999999999738e+02 -2.427850999999999981e+00 9.109341999999999828e+00
2.803532999999999902e+02 -2.392970000000000041e+00 9.516225000000000378e+00
2.810975999999999999e+02 -2.361051999999999929e+00 9.935074999999999434e+00
2.818428999999999860e+02 -2.327550000000000008e+00 1.035908000000000051e+01
2.825899000000000001e+02 -2.293190000000000062e+00 1.078580000000000005e+01
2.833374999999999773e+02 -2.259847999999999857e+00 1.121977000000000046e+01
2.840847999999999729e+02 -2.234215999999999980e+00 1.166324999999999967e+01
2.848272000000000048e+02 -2.201767999999999947e+00 1.210498999999999903e+01
2.855783999999999878e+02 -2.174730999999999970e+00 1.254485000000000028e+01
2.863278000000000247e+02 -2.157484999999999875e+00 1.298765999999999998e+01
2.870797999999999774e+02 -2.141208000000000222e+00 1.344200999999999979e+01
2.878315999999999804e+02 -2.116997000000000018e+00 1.391152999999999906e+01
2.885810000000000173e+02 -2.092276000000000025e+00 1.439509999999999934e+01
2.893351000000000113e+02 -2.064173999999999953e+00 1.488867000000000118e+01
2.900887000000000171e+02 -2.028437999999999963e+00 1.539634999999999998e+01
2.908381999999999721e+02 -1.994986000000000148e+00 1.590518999999999927e+01
2.915808000000000106e+02 -1.953997999999999902e+00 1.641665000000000063e+01
2.923118999999999801e+02 -1.909983000000000208e+00 1.693296000000000134e+01
2.930391000000000190e+02 -1.864125000000000032e+00 1.744382999999999839e+01
2.937665999999999826e+02 -1.824438000000000004e+00 1.795965999999999951e+01
2.944938999999999965e+02 -1.789216999999999835e+00 1.848160999999999987e+01
2.952266999999999939e+02 -1.755458000000000185e+00 1.901274000000000086e+01
2.959759999999999991e+02 -1.733893000000000129e+00 1.954372000000000043e+01
2.967208999999999719e+02 -1.707062999999999997e+00 2.009092000000000056e+01
2.974644999999999868e+02 -1.676368999999999776e+00 2.064189999999999969e+01
2.981922000000000139e+02 -1.635982000000000047e+00 2.121227999999999980e+01
2.989782999999999902e+02 -1.657066999999999846e+00 2.180486000000000146e+01
2.997787999999999897e+02 -1.693638999999999895e+00 2.241694999999999993e+01
3.005851999999999862e+02 -1.732539000000000051e+00 2.302433999999999870e+01
3.013609999999999900e+02 -1.747049999999999992e+00 2.363381000000000043e+01
3.021279000000000110e+02 -1.749938999999999911e+00 2.424501000000000062e+01
3.028926000000000158e+02 -1.762461000000000055e+00 2.486058999999999841e+01
3.036453000000000202e+02 -1.757056000000000173e+00 2.548752999999999957e+01
3.043940000000000055e+02 -1.753708000000000267e+00 2.612871000000000166e+01
3.051331999999999880e+02 -1.736061000000000076e+00 2.677897000000000105e+01
3.058702999999999861e+02 -1.718075999999999937e+00 2.742762999999999707e+01
3.065830000000000268e+02 -1.694224000000000174e+00 2.807634000000000185e+01
3.073025999999999840e+02 -1.677575000000000038e+00 2.873554000000000386e+01
3.080194000000000187e+02 -1.655527999999999889e+00 2.938700000000000045e+01
3.087355000000000018e+02 -1.635677999999999965e+00 3.004649000000000214e+01
3.094386000000000081e+02 -1.610962999999999923e+00 3.070690000000000097e+01
3.101406999999999812e+02 -1.585427000000000142e+00 3.137447999999999837e+01
3.108358999999999810e+02 -1.557698999999999945e+00 3.204008999999999929e+01
3.115197000000000003e+02 -1.531653000000000153e+00 3.271632999999999925e+01
3.121947999999999865e+02 -1.502226000000000061e+00 3.339941999999999922e+01
3.128629000000000246e+02 -1.471945999999999977e+00 3.407582999999999629e+01
3.135265999999999735e+02 -1.442105999999999888e+00 3.476540999999999570e+01
3.141892000000000280e+02 -1.405864999999999920e+00 3.544722999999999757e+01
3.148435000000000059e+02 -1.378314000000000039e+00 3.613799000000000206e+01
3.154893999999999892e+02 -1.346387000000000000e+00 3.682739999999999725e+01
3.161388000000000034e+02 -1.312848999999999933e+00 3.751735000000000042e+01
3.167807000000000244e+02 -1.280516999999999905e+00 3.821802000000000277e+01
3.174141000000000190e+02 -1.250715999999999939e+00 3.892524999999999835e+01
3.180491000000000099e+02 -1.209969999999999990e+00 3.962810000000000343e+01
3.186872000000000185e+02 -1.166319000000000106e+00 4.032862999999999687e+01
3.193143999999999778e+02 -1.130942000000000114e+00 4.102950999999999482e+01
3.199431999999999903e+02 -1.094330999999999943e+00 4.172856999999999772e+01
3.205699000000000183e+02 -1.055115999999999943e+00 4.242029000000000138e+01
3.211979000000000042e+02 -1.019787999999999917e+00 4.311884000000000583e+01
3.218285999999999945e+02 -9.855898000000000714e-01 4.382260999999999740e+01
3.224644999999999868e+02 -9.469468000000000885e-01 4.452777999999999992e+01
3.231057999999999879e+02 -9.061778000000000333e-01 4.523347000000000406e+01
3.237484000000000037e+02 -8.650478000000001444e-01 4.593425999999999476e+01
3.243921000000000276e+02 -8.250806999999998892e-01 4.663317999999999586e+01
3.250437000000000012e+02 -7.865275999999999934e-01 4.732677000000000334e+01
3.257065000000000055e+02 -7.496238000000000623e-01 4.801801999999999992e+01
3.263765999999999963e+02 -7.157938999999999830e-01 4.870917000000000030e+01
3.270557000000000016e+02 -6.821795000000000497e-01 4.939482000000000284e+01
3.277395999999999958e+02 -6.437964999999999938e-01 5.008093000000000217e+01
3.284377000000000066e+02 -6.002114000000000615e-01 5.076530999999999949e+01
3.291390999999999849e+02 -5.560633999999999855e-01 5.144859000000000293e+01
3.298403999999999883e+02 -5.082700999999999469e-01 5.211787999999999954e+01
3.305486999999999966e+02 -4.610596999999999612e-01 5.277799999999999869e+01
3.312667999999999893e+02 -4.174988000000000032e-01 5.343409000000000475e+01
3.319975999999999772e+02 -3.786882000000000303e-01 5.408874999999999744e+01
3.327368000000000166e+02 -3.411609999999999920e-01 5.474401999999999191e+01
3.334791000000000167e+02 -3.033084000000000335e-01 5.539719000000000193e+01
3.342300000000000182e+02 -2.608018000000000280e-01 5.604605000000000103e+01
3.349825999999999908e+02 -2.177422999999999720e-01 5.669610000000000127e+01
3.357386999999999944e+02 -1.730481000000000102e-01 5.734949999999999903e+01
3.364997999999999934e+02 -1.280984999999999763e-01 5.799518000000000484e+01
3.372672000000000025e+02 -8.432989000000000457e-02 5.864048999999999978e+01
3.380396000000000072e+02 -3.922765999999999753e-02 5.928309000000000140e+01
3.388168999999999755e+02 7.915830000000000435e-03 5.992561999999999500e+01
3.395994999999999777e+02 5.390481999999999912e-02 6.056028000000000588e+01
3.403890000000000100e+02 1.011523999999999895e-01 6.119943000000000666e+01
3.411780999999999722e+02 1.502288999999999985e-01 6.183344000000000307e+01
3.419687999999999874e+02 1.971760999999999930e-01 6.246631999999999607e+01
3.427628000000000270e+02 2.432713999999999988e-01 6.309758000000000777e+01
3.435548999999999751e+02 2.876120999999999817e-01 6.372229999999999706e+01
3.443514000000000124e+02 3.315807000000000060e-01 6.434144999999999470e+01
3.451508999999999787e+02 3.770410999999999624e-01 6.495923000000000513e+01
3.459578000000000202e+02 4.211189000000000182e-01 6.557679000000000258e+01
3.467694999999999936e+02 4.707702000000000275e-01 6.619159000000000503e+01
3.475813999999999737e+02 5.273584000000000049e-01 6.680719999999999459e+01
3.483865000000000123e+02 5.831376000000000337e-01 6.741819999999999879e+01
3.491895999999999844e+02 6.373940999999999635e-01 6.802223999999999648e+01
3.499934000000000083e+02 6.867560999999999805e-01 6.862682999999999822e+01
3.508014999999999759e+02 7.306963000000000763e-01 6.922924000000000433e+01
3.516181000000000267e+02 7.719350000000000378e-01 6.983575999999999340e+01
3.524363000000000170e+02 8.118633000000000655e-01 7.043699000000000865e+01
3.532540999999999940e+02 8.570170999999999761e-01 7.103883000000000436e+01
3.540720000000000027e+02 9.061181999999998737e-01 7.164190999999999576e+01
3.548849000000000160e+02 9.553821999999999592e-01 7.224223999999999535e+01
3.556985999999999990e+02 1.004715000000000025e+00 7.284489999999999554e+01
3.565095000000000027e+02 1.054302000000000072e+00 7.344368000000000052e+01
3.573240999999999872e+02 1.105040999999999940e+00 7.404847999999999786e+01
3.581417999999999893e+02 1.154415999999999887e+00 7.465094999999999459e+01
3.589549000000000092e+02 1.205513999999999974e+00 7.525209999999999866e+01
3.597703999999999951e+02 1.255257999999999985e+00 7.585260999999999854e+01
3.605831000000000017e+02 1.307541000000000064e+00 7.645291999999999177e+01
3.613985999999999876e+02 1.358612999999999849e+00 7.705344000000000904e+01
3.622130000000000223e+02 1.409610999999999947e+00 7.765592999999999790e+01
3.630262999999999920e+02 1.463454999999999950e+00 7.825589999999999691e+01
3.638376000000000090e+02 1.518440000000000012e+00 7.885457999999999856e+01
3.646465000000000032e+02 1.575087000000000126e+00 7.945174000000000092e+01
3.654522000000000048e+02 1.632867999999999986e+00 8.004471999999999809e+01
3.662567999999999984e+02 1.693095000000000017e+00 8.063483000000000800e+01
3.670527000000000157e+02 1.755060999999999982e+00 8.122981000000000051e+01
3.678450000000000273e+02 1.818981000000000181e+00 8.182340999999999553e+01
3.686274000000000228e+02 1.881295000000000162e+00 8.241446999999999434e+01
3.694017999999999802e+02 1.943286999999999987e+00 8.299951000000000079e+01
3.701664000000000101e+02 2.005374000000000212e+00 8.357975000000000421e+01
3.709203999999999724e+02 2.065452000000000066e+00 8.415506999999999493e+01
3.716626999999999725e+02 2.125331000000000081e+00 8.472436000000000433e+01
3.723933000000000106e+02 2.185990000000000322e+00 8.528815999999999065e+01
3.731107000000000085e+02 2.251081000000000110e+00 8.584868000000000166e+01
3.738106999999999971e+02 2.316552000000000167e+00 8.640179999999999438e+01
3.744975999999999772e+02 2.384074000000000026e+00 8.694454000000000349e+01
3.751693000000000211e+02 2.455947000000000102e+00 8.747499999999999432e+01
3.758296000000000276e+02 2.525397000000000336e+00 8.799199000000000126e+01
3.764780000000000086e+02 2.593374000000000290e+00 8.849555999999999756e+01
3.771159000000000106e+02 2.658386000000000138e+00 8.898481999999999914e+01
3.777468000000000075e+02 2.722154000000000185e+00 8.946349000000000729e+01
3.783709999999999809e+02 2.782431000000000321e+00 8.993373000000001127e+01
3.789846999999999753e+02 2.839420000000000055e+00 9.039766999999999086e+01
3.795883999999999787e+02 2.895643999999999885e+00 9.085453000000001111e+01
3.801834000000000060e+02 2.953650999999999804e+00 9.130093999999999710e+01
3.807728999999999928e+02 3.009361000000000175e+00 9.174008000000000607e+01
3.813575999999999908e+02 3.062327999999999939e+00 9.216340999999999894e+01
3.819329999999999927e+02 3.112641999999999687e+00 9.257368999999999915e+01
3.825049000000000206e+02 3.160924000000000067e+00 9.297641000000000133e+01
3.830792999999999893e+02 3.210041999999999618e+00 9.337300000000000466e+01
3.836609000000000265e+02 3.261727000000000043e+00 9.376359000000000776e+01
3.842583999999999946e+02 3.311365000000000336e+00 9.415216999999999814e+01
3.848621999999999730e+02 3.360853000000000090e+00 9.454098000000000468e+01
3.854764000000000124e+02 3.416744999999999699e+00 9.492186999999999841e+01
3.861003000000000043e+02 3.475179000000000240e+00 9.529749999999999943e+01
3.867255999999999858e+02 3.536985000000000046e+00 9.566616999999999393e+01
3.873587999999999738e+02 3.601461000000000023e+00 9.602934999999999377e+01
3.879959999999999809e+02 3.664976000000000234e+00 9.638488000000000966e+01
3.886417999999999893e+02 3.731559999999999988e+00 9.673498999999999626e+01
3.892979000000000269e+02 3.798926000000000247e+00 9.708629999999999427e+01
3.899619000000000142e+02 3.869983000000000395e+00 9.744101999999999464e+01
3.906449000000000069e+02 3.945355000000000167e+00 9.780231999999999459e+01
3.913339000000000283e+02 4.027033999999999558e+00 9.817504999999999882e+01
3.920249000000000024e+02 4.116230999999999973e+00 9.854534999999999911e+01
3.927178000000000111e+02 4.211579000000000406e+00 9.890720999999999208e+01
3.934139999999999873e+02 4.312937999999999938e+00 9.926698000000000377e+01
3.941150999999999840e+02 4.416686000000000334e+00 9.962394000000000460e+01
3.948313999999999737e+02 4.526816999999999425e+00 9.997535999999999490e+01
3.955498000000000047e+02 4.640894000000000297e+00 1.003225000000000051e+02
3.962758000000000038e+02 4.754188000000000081e+00 1.006607000000000056e+02
3.969938000000000216e+02 4.868320999999999898e+00 1.009936000000000007e+02
3.977044999999999959e+02 4.987048000000000592e+00 1.013225000000000051e+02
3.984144000000000005e+02 5.103502999999999901e+00 1.016473000000000013e+02
3.991213999999999942e+02 5.219816999999999929e+00 1.019680000000000035e+02
3.998242000000000189e+02 5.332588999999999579e+00 1.022796000000000021e+02
4.005260999999999854e+02 5.443658000000000108e+00 1.025785999999999945e+02
4.012226999999999748e+02 5.551546000000000092e+00 1.028624999999999972e+02
4.019166000000000167e+02 5.657435999999999687e+00 1.031409000000000020e+02
4.026027000000000271e+02 5.762673000000000378e+00 1.034080000000000013e+02
4.032798000000000229e+02 5.866324999999999790e+00 1.036590999999999951e+02
4.039506000000000085e+02 5.964649999999999785e+00 1.039026999999999958e+02
4.046170000000000186e+02 6.061249000000000109e+00 1.041419999999999959e+02
4.052801000000000045e+02 6.151740000000000208e+00 1.043752999999999957e+02
4.059596999999999980e+02 6.239905999999999509e+00 1.045908000000000015e+02
4.066317999999999984e+02 6.325232999999999883e+00 1.047798999999999978e+02
4.073170000000000073e+02 6.405908000000000158e+00 1.049530000000000030e+02
4.080110000000000241e+02 6.481031999999999904e+00 1.051081999999999965e+02
4.087022999999999797e+02 6.551585000000000214e+00 1.052459999999999951e+02
4.094193000000000211e+02 6.619282000000000998e+00 1.053713000000000051e+02
4.101351000000000226e+02 6.691064999999999152e+00 1.054853999999999985e+02
4.108725000000000023e+02 6.763749000000000677e+00 1.055945999999999998e+02
4.116172000000000253e+02 6.838057000000000940e+00 1.057000000000000028e+02
4.123609999999999900e+02 6.919003000000000014e+00 1.057908000000000044e+02
4.131125000000000114e+02 7.000377000000000294e+00 1.058794000000000040e+02
4.138664999999999736e+02 7.082022000000000261e+00 1.059699999999999989e+02
4.146247000000000185e+02 7.167741999999999614e+00 1.060585999999999984e+02
4.153892000000000166e+02 7.261741999999999919e+00 1.061371000000000038e+02
4.161483999999999810e+02 7.350541000000000658e+00 1.062120000000000033e+02
4.168974000000000046e+02 7.427760000000000140e+00 1.062977999999999952e+02
4.176431999999999789e+02 7.505022000000000304e+00 1.063750000000000000e+02
4.183919999999999959e+02 7.589413999999999660e+00 1.064346000000000032e+02
4.191639000000000124e+02 7.668172000000000210e+00 1.065066000000000059e+02
4.199504000000000019e+02 7.739702999999999555e+00 1.065858999999999952e+02
4.207323000000000093e+02 7.809960000000000235e+00 1.066555000000000035e+02
4.214932999999999765e+02 7.865259000000000000e+00 1.067270000000000039e+02
4.222298999999999864e+02 7.916667999999999594e+00 1.067999999999999972e+02
4.229769999999999754e+02 7.971700000000000230e+00 1.068714999999999975e+02
4.237371999999999730e+02 8.020692000000000377e+00 1.069478000000000009e+02
4.245011999999999830e+02 8.059333000000000524e+00 1.070352000000000032e+02
4.252497999999999934e+02 8.093652000000000513e+00 1.071188999999999965e+02
4.259771000000000072e+02 8.129462000000000188e+00 1.071915999999999940e+02
4.266890999999999963e+02 8.167187000000000197e+00 1.072626000000000062e+02
4.273978000000000179e+02 8.202314999999998690e+00 1.073392999999999944e+02
4.281028000000000020e+02 8.233717999999999648e+00 1.074201000000000050e+02
4.287973000000000070e+02 8.264055000000000817e+00 1.075011999999999972e+02
4.294784000000000219e+02 8.290819000000000827e+00 1.075836999999999932e+02
4.301492000000000075e+02 8.313589000000000340e+00 1.076707999999999998e+02
4.308100000000000023e+02 8.332905999999999480e+00 1.077570000000000050e+02
4.314673999999999978e+02 8.346583000000000752e+00 1.078375999999999948e+02
4.321175000000000068e+02 8.355373000000000161e+00 1.079076000000000022e+02
4.327649999999999864e+02 8.365155999999998926e+00 1.079599999999999937e+02
4.333981999999999744e+02 8.376060000000000727e+00 1.079913999999999987e+02
4.340258000000000038e+02 8.381936999999998861e+00 1.080080999999999989e+02
4.346247999999999934e+02 8.387456000000000245e+00 1.080189000000000021e+02
4.351999000000000137e+02 8.390719000000000705e+00 1.080164000000000044e+02
4.357581999999999880e+02 8.395460999999999174e+00 1.080091000000000037e+02
4.362914999999999850e+02 8.399452000000000140e+00 1.079900999999999982e+02
4.368088999999999942e+02 8.403294999999999959e+00 1.079684000000000026e+02
4.372989999999999782e+02 8.401479000000000141e+00 1.079304999999999950e+02
4.377524999999999977e+02 8.394344000000000250e+00 1.078830999999999989e+02
4.381791999999999803e+02 8.385082000000000590e+00 1.078263000000000034e+02
4.385810000000000173e+02 8.378119999999999123e+00 1.077694000000000045e+02
4.389558000000000106e+02 8.371886999999999190e+00 1.077177999999999969e+02
4.393195999999999799e+02 8.371096000000001425e+00 1.076668999999999983e+02
4.396662000000000035e+02 8.368542999999998955e+00 1.076069999999999993e+02
4.399972000000000207e+02 8.358793999999999613e+00 1.075447999999999951e+02
4.403116999999999734e+02 8.348141000000000034e+00 1.074759999999999991e+02
4.406089000000000055e+02 8.339225000000000776e+00 1.074090000000000060e+02
4.408912000000000262e+02 8.330837999999999965e+00 1.073598000000000070e+02
4.411539000000000215e+02 8.320059999999999789e+00 1.073234000000000066e+02
4.413987000000000194e+02 8.312378000000000711e+00 1.072894000000000005e+02
4.416215000000000259e+02 8.308380999999998906e+00 1.072539000000000016e+02
4.418197000000000116e+02 8.302166999999998964e+00 1.072159000000000049e+02
4.419929000000000201e+02 8.292935999999999197e+00 1.071791000000000054e+02
4.421489000000000260e+02 8.284685000000001409e+00 1.071466000000000065e+02
4.422988000000000284e+02 8.284114999999999895e+00 1.071253999999999991e+02
4.424485999999999990e+02 8.281335999999999586e+00 1.071106999999999942e+02
4.426003000000000043e+02 8.281350999999999019e+00 1.070931000000000068e+02
4.427547999999999888e+02 8.282707999999999515e+00 1.070634000000000015e+02
4.429058999999999742e+02 8.285099000000000657e+00 1.070386000000000024e+02
4.430529000000000224e+02 8.283272000000000190e+00 1.070229000000000070e+02
4.431997000000000071e+02 8.280202000000000950e+00 1.070169000000000068e+02
4.433467999999999734e+02 8.276203999999999894e+00 1.070140999999999991e+02
4.434966000000000008e+02 8.273669999999999192e+00 1.070092000000000070e+02
4.436589000000000169e+02 8.271517999999998594e+00 1.069994999999999976e+02
4.438360000000000127e+02 8.270710000000001116e+00 1.069893000000000001e+02
4.440317999999999756e+02 8.272878999999999650e+00 1.069847000000000037e+02
4.442466999999999757e+02 8.274684999999999846e+00 1.069889000000000010e+02
4.444730000000000132e+02 8.271421000000000134e+00 1.069895000000000067e+02
4.447069999999999936e+02 8.261391999999998959e+00 1.069763999999999982e+02
4.449540999999999826e+02 8.252821000000000851e+00 1.069578000000000060e+02
4.452054999999999723e+02 8.244671000000000305e+00 1.069462999999999937e+02
4.454698999999999955e+02 8.242657000000001233e+00 1.069428000000000054e+02
4.457409999999999854e+02 8.242741000000000540e+00 1.069431000000000012e+02
4.460129000000000019e+02 8.236480999999999497e+00 1.069532999999999987e+02
4.463023999999999774e+02 8.230850999999999473e+00 1.069727000000000032e+02
4.466028000000000020e+02 8.226772000000000418e+00 1.069994999999999976e+02
4.469028000000000134e+02 8.225666000000000366e+00 1.070336000000000070e+02
4.472255999999999858e+02 8.225759000000000043e+00 1.070866999999999933e+02
4.475584999999999809e+02 8.226509000000000071e+00 1.071496999999999957e+02
4.478897999999999797e+02 8.222853999999999886e+00 1.072099999999999937e+02
4.482499000000000251e+02 8.217449999999999477e+00 1.072771000000000043e+02
4.486050000000000182e+02 8.211699000000001192e+00 1.073516000000000048e+02
4.489873999999999796e+02 8.207743999999999929e+00 1.074465000000000003e+02
4.493813999999999851e+02 8.204227000000001269e+00 1.075566000000000031e+02
4.497735000000000127e+02 8.201328999999999425e+00 1.076756000000000029e+02
4.501895000000000095e+02 8.198927000000001186e+00 1.078221999999999952e+02
4.506113000000000284e+02 8.195762000000000214e+00 1.080040999999999940e+02
4.510375999999999976e+02 8.192055999999999116e+00 1.081997000000000071e+02
4.514911000000000172e+02 8.188817999999999486e+00 1.084021000000000043e+02
4.519494000000000256e+02 8.186494999999998967e+00 1.086180999999999983e+02
4.524322000000000230e+02 8.183530000000001081e+00 1.088439999999999941e+02
4.529288999999999987e+02 8.181836000000000553e+00 1.090848000000000013e+02
4.534352999999999838e+02 8.179648000000000252e+00 1.093187000000000069e+02
4.539635999999999854e+02 8.182570000000000121e+00 1.095465999999999980e+02
4.545022000000000162e+02 8.183836999999998696e+00 1.097981000000000051e+02
4.550427000000000248e+02 8.183922000000000807e+00 1.100666999999999973e+02
4.555975000000000250e+02 8.182013000000001313e+00 1.103602999999999952e+02
4.561582000000000221e+02 8.181663999999999604e+00 1.106666000000000025e+02
4.567493000000000052e+02 8.169620000000000104e+00 1.109830999999999932e+02
4.573543999999999983e+02 8.152796000000000376e+00 1.113083000000000027e+02
4.579719000000000051e+02 8.132883999999998892e+00 1.116461000000000041e+02
4.585971000000000117e+02 8.119069999999998899e+00 1.119988000000000028e+02
4.592334999999999923e+02 8.106465000000000032e+00 1.123592000000000013e+02
4.598774000000000228e+02 8.100208999999999548e+00 1.127357999999999976e+02
4.605355999999999881e+02 8.092041999999999291e+00 1.131183999999999941e+02
4.612015999999999849e+02 8.086261999999999617e+00 1.135144999999999982e+02
4.618831999999999880e+02 8.079735000000001222e+00 1.139149000000000029e+02
4.625740999999999872e+02 8.076378999999999309e+00 1.143268000000000058e+02
4.632776000000000067e+02 8.070542999999998912e+00 1.147486999999999995e+02
4.639886999999999944e+02 8.064325000000000188e+00 1.151820000000000022e+02
4.647101000000000113e+02 8.056835000000001301e+00 1.156225000000000023e+02
4.654400999999999726e+02 8.048223000000000127e+00 1.160673000000000030e+02
4.661754999999999995e+02 8.039721000000000117e+00 1.165177000000000049e+02
4.669232000000000085e+02 8.029740999999999573e+00 1.169793999999999983e+02
4.676730000000000018e+02 8.017193999999999932e+00 1.174495000000000005e+02
4.684354000000000156e+02 8.005046000000000106e+00 1.179247000000000014e+02
4.692056999999999789e+02 7.993850000000000122e+00 1.184086999999999961e+02
4.699870000000000232e+02 7.980811999999999351e+00 1.189038000000000039e+02
4.707810999999999808e+02 7.967282000000000863e+00 1.194043999999999954e+02
4.715837000000000216e+02 7.952083000000000013e+00 1.199093000000000018e+02
4.723974000000000046e+02 7.942586999999999620e+00 1.204162000000000035e+02
4.732194000000000074e+02 7.932441999999999993e+00 1.209268000000000001e+02
4.740518999999999892e+02 7.920099999999999696e+00 1.214471999999999952e+02
4.748921000000000276e+02 7.908536999999999928e+00 1.219753999999999934e+02
4.757434000000000083e+02 7.896327999999999570e+00 1.225108000000000033e+02
4.766012999999999806e+02 7.882708999999999300e+00 1.230537999999999954e+02
4.774674999999999727e+02 7.870021000000000377e+00 1.236020000000000039e+02
4.783442999999999756e+02 7.856525999999999677e+00 1.241603999999999957e+02
4.792296999999999798e+02 7.842703000000000202e+00 1.247228999999999957e+02
4.801181000000000267e+02 7.816016000000000297e+00 1.252862999999999971e+02
4.809920000000000186e+02 7.799867999999999135e+00 1.258640000000000043e+02
4.818788999999999874e+02 7.784641000000000588e+00 1.264407000000000068e+02
4.827724999999999795e+02 7.768610000000000682e+00 1.270159000000000020e+02
4.836798999999999751e+02 7.748164999999999303e+00 1.275929000000000002e+02
4.845908999999999764e+02 7.723347000000000406e+00 1.281647000000000105e+02
4.855158999999999878e+02 7.702777000000000207e+00 1.287246000000000095e+02
4.864476000000000226e+02 7.689089999999999314e+00 1.292735999999999876e+02
4.873872999999999820e+02 7.675900000000000389e+00 1.298062999999999931e+02
4.883500000000000227e+02 7.659760000000000346e+00 1.303250999999999920e+02
4.893199999999999932e+02 7.644657999999999731e+00 1.308265000000000100e+02
4.902959000000000174e+02 7.627582000000000306e+00 1.313052999999999884e+02
4.912860999999999763e+02 7.608299000000000589e+00 1.317682000000000073e+02
4.922828999999999837e+02 7.577622999999999998e+00 1.322132000000000005e+02
4.933018000000000143e+02 7.529602999999999824e+00 1.326529999999999916e+02
4.943349999999999795e+02 7.486674000000000717e+00 1.330594000000000108e+02
4.953580000000000041e+02 7.441736999999999824e+00 1.334381999999999948e+02
4.964057999999999993e+02 7.395896999999999721e+00 1.337937000000000012e+02
4.974461999999999762e+02 7.343660999999999994e+00 1.341159000000000106e+02
4.985138000000000034e+02 7.291952000000000211e+00 1.344097999999999900e+02
4.995933999999999742e+02 7.239980999999999334e+00 1.346605999999999881e+02
5.006560999999999808e+02 7.179208999999999286e+00 1.348780999999999892e+02
5.017511000000000081e+02 7.107864000000000182e+00 1.350641999999999996e+02
5.028308000000000106e+02 7.030874000000000734e+00 1.352111999999999910e+02
5.039341999999999757e+02 6.948783000000000598e+00 1.353334000000000117e+02
5.050423000000000116e+02 6.859950000000000436e+00 1.354276999999999873e+02
5.061471999999999980e+02 6.768053000000000097e+00 1.354920999999999935e+02
5.072722999999999729e+02 6.675049999999999706e+00 1.355358999999999980e+02
5.083949999999999818e+02 6.580157000000000700e+00 1.355569000000000131e+02
5.095108000000000175e+02 6.485307999999999851e+00 1.355510999999999910e+02
5.106424000000000092e+02 6.389288999999999774e+00 1.355228999999999928e+02
5.117703999999999951e+02 6.294291000000000302e+00 1.354756999999999891e+02
5.129071000000000140e+02 6.208165000000000155e+00 1.354162000000000035e+02
5.140439999999999827e+02 6.119894000000000389e+00 1.353569999999999993e+02
5.151849999999999454e+02 6.025494999999999379e+00 1.352992000000000132e+02
5.163260999999999967e+02 5.928454000000000335e+00 1.352385999999999910e+02
5.174718000000000302e+02 5.832641000000000631e+00 1.351717999999999904e+02
5.186230000000000473e+02 5.734026999999999319e+00 1.350979000000000099e+02
5.197856000000000449e+02 5.634750000000000369e+00 1.350173000000000059e+02
5.209587999999999965e+02 5.532390000000000363e+00 1.349328999999999894e+02
5.221448000000000320e+02 5.430448000000000164e+00 1.348470000000000084e+02
5.233374000000000024e+02 5.330951999999999913e+00 1.347573999999999899e+02
5.245353999999999814e+02 5.231821000000000055e+00 1.346696000000000026e+02
5.257344000000000506e+02 5.131117999999999846e+00 1.345788000000000011e+02
5.269471999999999525e+02 5.024148000000000280e+00 1.344844999999999970e+02
5.281671000000000049e+02 4.913714999999999833e+00 1.343883999999999901e+02
5.293990999999999758e+02 4.801178000000000168e+00 1.342938000000000045e+02
5.306377999999999702e+02 4.687869000000000064e+00 1.342007999999999868e+02
5.318804000000000087e+02 4.575690999999999953e+00 1.341086999999999989e+02
5.331336999999999762e+02 4.462481999999999616e+00 1.340104000000000042e+02
5.343975000000000364e+02 4.347458999999999740e+00 1.339096999999999866e+02
5.356612999999999829e+02 4.234969999999999679e+00 1.337994999999999948e+02
5.369365999999999985e+02 4.119557000000000357e+00 1.336862999999999886e+02
5.382184999999999491e+02 4.003076999999999330e+00 1.335721000000000060e+02
5.395086999999999762e+02 3.885044000000000164e+00 1.334504000000000019e+02
5.408060000000000400e+02 3.768101000000000145e+00 1.333259999999999934e+02
5.421305999999999585e+02 3.670993000000000173e+00 1.331854999999999905e+02
5.434628000000000156e+02 3.573108999999999646e+00 1.330423999999999864e+02
5.448020000000000209e+02 3.476816000000000351e+00 1.328923000000000059e+02
5.461426000000000158e+02 3.370719999999999494e+00 1.327402999999999906e+02
5.474928999999999633e+02 3.267103000000000090e+00 1.325791999999999859e+02
5.488483999999999696e+02 3.156546000000000074e+00 1.324158999999999935e+02
5.502098999999999478e+02 3.041962999999999973e+00 1.322485000000000070e+02
5.515751999999999953e+02 2.913270000000000248e+00 1.320776999999999930e+02
5.529479999999999791e+02 2.783757000000000037e+00 1.319008000000000038e+02
5.543260999999999967e+02 2.656795999999999935e+00 1.317159000000000049e+02
5.557118000000000393e+02 2.528566999999999787e+00 1.315261000000000138e+02
5.571041000000000167e+02 2.399865999999999833e+00 1.313278999999999996e+02
5.584998000000000502e+02 2.269902999999999782e+00 1.311262000000000114e+02
5.599076000000000022e+02 2.138770000000000060e+00 1.309167999999999950e+02
5.613174999999999955e+02 2.008313999999999933e+00 1.307066000000000088e+02
5.627394000000000460e+02 1.875609999999999777e+00 1.304904999999999973e+02
5.641657000000000153e+02 1.742309999999999803e+00 1.302738999999999976e+02
5.655997999999999593e+02 1.607277000000000067e+00 1.300511999999999944e+02
5.670384000000000242e+02 1.473204000000000180e+00 1.298257999999999868e+02
5.684891999999999825e+02 1.338243999999999989e+00 1.295962000000000103e+02
5.699415000000000191e+02 1.204764999999999864e+00 1.293673000000000002e+02
5.714032999999999447e+02 1.070449999999999902e+00 1.291365000000000123e+02
5.728707000000000562e+02 9.347146999999998984e-01 1.289046999999999912e+02
5.743517000000000507e+02 7.948708000000000995e-01 1.286665000000000134e+02
5.758280999999999494e+02 6.596113000000000115e-01 1.284282000000000039e+02
5.773011999999999944e+02 5.265951999999999300e-01 1.281908999999999992e+02
5.787797000000000480e+02 3.911610999999999838e-01 1.279538000000000011e+02
5.802596999999999525e+02 2.527980000000000227e-01 1.277179000000000002e+02
5.817458000000000311e+02 1.016154999999999975e-01 1.274870999999999981e+02
5.832371000000000549e+02 -5.588020999999999960e-02 1.272588999999999970e+02
5.847273000000000138e+02 -2.157308000000000003e-01 1.270310000000000059e+02
5.862192000000000007e+02 -3.728684999999999916e-01 1.267985999999999933e+02
5.877129999999999654e+02 -5.291253000000000206e-01 1.265673000000000030e+02
5.892056000000000040e+02 -6.839354999999999185e-01 1.263366000000000042e+02
5.907063000000000557e+02 -8.349537000000000209e-01 1.261075000000000017e+02
5.922019999999999982e+02 -9.855954999999999577e-01 1.258846999999999952e+02
5.936965000000000146e+02 -1.133189000000000002e+00 1.256603999999999957e+02
5.951893999999999778e+02 -1.279919000000000029e+00 1.254395999999999987e+02
5.966838000000000193e+02 -1.425222999999999907e+00 1.252151999999999958e+02
5.981765000000000327e+02 -1.569485000000000019e+00 1.249934999999999974e+02
5.996656000000000404e+02 -1.713634000000000102e+00 1.247758000000000038e+02
6.011497000000000526e+02 -1.855774999999999952e+00 1.245584000000000060e+02
6.026348000000000411e+02 -1.996259000000000006e+00 1.243338999999999999e+02
6.041192999999999529e+02 -2.134325999999999723e+00 1.241054000000000030e+02
6.056014999999999873e+02 -2.266799000000000230e+00 1.238701999999999970e+02
6.070798999999999523e+02 -2.402032000000000167e+00 1.236384999999999934e+02
6.085549999999999500e+02 -2.539860000000000007e+00 1.234125999999999976e+02
6.100386999999999489e+02 -2.682650999999999897e+00 1.231941999999999950e+02
6.115209999999999582e+02 -2.824800999999999895e+00 1.229770000000000039e+02
6.130022000000000162e+02 -2.963843999999999923e+00 1.227629000000000019e+02
6.144836000000000240e+02 -3.099679000000000073e+00 1.225471000000000004e+02
6.159657999999999447e+02 -3.235243000000000091e+00 1.223354000000000070e+02
6.174444999999999482e+02 -3.370905000000000484e+00 1.221166000000000054e+02
6.189263999999999442e+02 -3.509590000000000209e+00 1.219034000000000049e+02
6.204018999999999551e+02 -3.644952999999999665e+00 1.216860000000000070e+02
6.218775000000000546e+02 -3.782480999999999760e+00 1.214710000000000036e+02
6.233502999999999474e+02 -3.919619000000000408e+00 1.212544000000000040e+02
6.248238999999999805e+02 -4.058322000000000429e+00 1.210352000000000032e+02
6.262880999999999858e+02 -4.197430000000000661e+00 1.208229000000000042e+02
6.277418999999999869e+02 -4.339425000000000310e+00 1.206153999999999940e+02
6.291950000000000500e+02 -4.485250999999999877e+00 1.204150999999999954e+02
6.306376999999999953e+02 -4.631806000000000090e+00 1.202159999999999940e+02
6.320715999999999894e+02 -4.772113000000000049e+00 1.200165999999999968e+02
6.334936000000000149e+02 -4.906252999999999531e+00 1.198122000000000043e+02
6.349103999999999814e+02 -5.039168000000000092e+00 1.196106999999999942e+02
6.363188000000000102e+02 -5.173868999999999829e+00 1.194125999999999976e+02
6.377168000000000347e+02 -5.306798999999999822e+00 1.192158000000000015e+02
6.391077000000000226e+02 -5.440214000000000105e+00 1.190204999999999984e+02
6.404840000000000373e+02 -5.573172000000000459e+00 1.188251000000000062e+02
6.418446000000000140e+02 -5.704480999999999469e+00 1.186325999999999965e+02
6.431805000000000518e+02 -5.829779000000000266e+00 1.184421999999999997e+02
6.444976000000000340e+02 -5.952741000000000504e+00 1.182561000000000035e+02
6.457877999999999474e+02 -6.069315000000000460e+00 1.180703000000000031e+02
6.470503999999999678e+02 -6.180966000000000626e+00 1.178843999999999994e+02
6.482784000000000333e+02 -6.293646999999999991e+00 1.176984000000000066e+02
6.494850999999999885e+02 -6.410501999999999256e+00 1.175204999999999984e+02
6.506694999999999709e+02 -6.526455000000000339e+00 1.173448000000000064e+02
6.518174000000000206e+02 -6.633894000000000624e+00 1.171760000000000019e+02
6.529332000000000562e+02 -6.736936999999999287e+00 1.170159000000000020e+02
6.540157000000000380e+02 -6.834139999999999660e+00 1.168629999999999995e+02
6.550644999999999527e+02 -6.928939999999998989e+00 1.167124000000000024e+02
6.560738000000000056e+02 -7.019341999999999970e+00 1.165665999999999940e+02
6.570508999999999560e+02 -7.109623000000000026e+00 1.164398999999999944e+02
6.579806999999999562e+02 -7.194316999999999851e+00 1.163141999999999996e+02
6.588703000000000429e+02 -7.275100999999999374e+00 1.161936000000000035e+02
6.597210999999999785e+02 -7.356353999999999616e+00 1.160767000000000024e+02
6.605263999999999669e+02 -7.432864999999999611e+00 1.159646000000000043e+02
6.612929000000000315e+02 -7.506422999999999845e+00 1.158579000000000008e+02
6.620203000000000202e+02 -7.573765999999999998e+00 1.157505000000000024e+02
6.627010999999999967e+02 -7.640330000000000510e+00 1.156307999999999936e+02
6.633550000000000182e+02 -7.700833999999999513e+00 1.155057999999999936e+02
6.639799000000000433e+02 -7.758066000000000351e+00 1.153585999999999956e+02
6.645439999999999827e+02 -7.812578000000000245e+00 1.151851000000000056e+02
6.651394000000000233e+02 -7.870549000000000461e+00 1.149993000000000052e+02
6.656527999999999565e+02 -7.927666000000000324e+00 1.147870000000000061e+02
6.662206999999999653e+02 -7.985694999999999766e+00 1.145578000000000003e+02
6.667808999999999742e+02 -8.042230999999999241e+00 1.143063999999999965e+02
6.672164000000000215e+02 -8.095725999999999090e+00 1.140164999999999935e+02
6.677314000000000078e+02 -8.155079999999999885e+00 1.137223999999999933e+02
6.680814000000000306e+02 -8.211819999999999453e+00 1.133811000000000035e+02
6.685394999999999754e+02 -8.265599999999999170e+00 1.130421000000000049e+02
6.688155000000000427e+02 -8.309867999999999810e+00 1.126521000000000043e+02
6.691894999999999527e+02 -8.364713999999999317e+00 1.122682999999999964e+02
6.695344000000000051e+02 -8.419547999999998922e+00 1.118589999999999947e+02
6.697217000000000553e+02 -8.469077000000000410e+00 1.114205999999999932e+02
6.700172999999999774e+02 -8.521558000000000632e+00 1.109860000000000042e+02
6.701506000000000540e+02 -8.567496999999999474e+00 1.105131999999999977e+02
6.703750000000000000e+02 -8.624582000000000193e+00 1.100400000000000063e+02
6.705715000000000146e+02 -8.670622999999999081e+00 1.095531000000000006e+02
6.706001999999999725e+02 -8.721842999999999790e+00 1.090392999999999972e+02
6.707435000000000400e+02 -8.762154999999999916e+00 1.085320999999999998e+02
6.707192999999999756e+02 -8.809699999999999420e+00 1.079913999999999987e+02
6.707989000000000033e+02 -8.866096000000000643e+00 1.074535999999999945e+02
6.708537000000000035e+02 -8.926873999999999754e+00 1.069057999999999993e+02
6.707208000000000538e+02 -8.988272999999999513e+00 1.063349000000000046e+02
6.706915000000000191e+02 -9.044010999999999356e+00 1.057796000000000021e+02
6.704796000000000049e+02 -9.110008999999999801e+00 1.052036999999999978e+02
6.703759000000000015e+02 -9.163383999999998863e+00 1.046460000000000008e+02
6.702120999999999640e+02 -9.217767000000000266e+00 1.040833999999999975e+02
6.698862000000000307e+02 -9.275436000000000902e+00 1.035049999999999955e+02
6.696373999999999569e+02 -9.333918999999999855e+00 1.029431000000000012e+02
6.693414000000000215e+02 -9.389778999999998987e+00 1.023804999999999978e+02
6.689339999999999691e+02 -9.442521000000001052e+00 1.018117000000000019e+02
6.685705000000000382e+02 -9.490073999999999899e+00 1.012535000000000025e+02
6.681707000000000107e+02 -9.542441000000000173e+00 1.006958999999999946e+02
6.677133999999999787e+02 -9.598010000000000375e+00 1.001285000000000025e+02
6.672569999999999482e+02 -9.654688000000000159e+00 9.956918000000000291e+01
6.667839999999999918e+02 -9.711828999999999823e+00 9.899996999999999048e+01
6.662845999999999549e+02 -9.763800999999999064e+00 9.843179000000000656e+01
6.657788000000000466e+02 -9.817338000000001230e+00 9.787203000000000941e+01
6.652332000000000107e+02 -9.854248000000000118e+00 9.730181000000000324e+01
6.646919000000000324e+02 -9.902523000000000408e+00 9.673017000000000110e+01
6.641405999999999494e+02 -9.951544999999999419e+00 9.616703000000001111e+01
6.635480000000000018e+02 -9.983916999999999931e+00 9.561348000000000980e+01
6.629510999999999967e+02 -1.001919000000000004e+01 9.506951999999999714e+01
6.623373000000000275e+02 -1.005143999999999949e+01 9.453463999999999601e+01
6.616930999999999585e+02 -1.007471999999999923e+01 9.400972000000000151e+01
6.610453999999999724e+02 -1.009293000000000085e+01 9.351509000000000071e+01
6.603612000000000535e+02 -1.010890999999999984e+01 9.303188000000000102e+01
6.596811999999999898e+02 -1.012551000000000023e+01 9.256888999999999612e+01
6.589781000000000404e+02 -1.013213999999999970e+01 9.210808000000000106e+01
6.582498000000000502e+02 -1.014038000000000039e+01 9.166145000000000209e+01
6.575207000000000335e+02 -1.014227999999999952e+01 9.123078000000000998e+01
6.567839999999999918e+02 -1.014771000000000001e+01 9.079684000000000310e+01
6.560268999999999551e+02 -1.014630999999999972e+01 9.035545000000000471e+01
6.552650999999999613e+02 -1.014499999999999957e+01 8.990591999999999473e+01
6.545014999999999645e+02 -1.014400999999999975e+01 8.944509999999999650e+01
6.537332000000000107e+02 -1.014158999999999899e+01 8.898224000000000444e+01
6.529631000000000540e+02 -1.013661000000000101e+01 8.852370000000000516e+01
6.521783000000000357e+02 -1.013302000000000014e+01 8.806058000000000163e+01
6.513922000000000025e+02 -1.013576999999999906e+01 8.759251000000000431e+01
6.505919999999999845e+02 -1.014451999999999998e+01 8.711193000000000097e+01
6.497872999999999593e+02 -1.016221999999999959e+01 8.662273000000000422e+01
6.489837999999999738e+02 -1.018135999999999974e+01 8.611908000000001095e+01
6.481788000000000238e+02 -1.020659999999999989e+01 8.561029999999999518e+01
6.473615999999999531e+02 -1.023491000000000106e+01 8.510860999999999876e+01
6.465312999999999874e+02 -1.026526000000000138e+01 8.459391999999999712e+01
6.456933999999999969e+02 -1.029976000000000091e+01 8.407343000000000188e+01
6.448423999999999978e+02 -1.032492000000000054e+01 8.354986999999999853e+01
6.439805000000000064e+02 -1.035283000000000087e+01 8.302190000000000225e+01
6.431181000000000267e+02 -1.037586000000000119e+01 8.248283999999999594e+01
6.422519999999999527e+02 -1.039451000000000036e+01 8.194828000000001111e+01
6.413926999999999907e+02 -1.041406999999999883e+01 8.141051999999999111e+01
6.405349999999999682e+02 -1.043270000000000053e+01 8.086910999999999206e+01
6.396812999999999647e+02 -1.045077000000000034e+01 8.032439000000000817e+01
6.388311999999999671e+02 -1.046790999999999983e+01 7.976796999999999116e+01
6.379859000000000151e+02 -1.048471999999999937e+01 7.921210000000000662e+01
6.371493000000000393e+02 -1.050812999999999953e+01 7.865836999999999080e+01
6.363150000000000546e+02 -1.053703999999999930e+01 7.809905999999999437e+01
6.354873999999999796e+02 -1.056508999999999965e+01 7.754031999999999414e+01
6.346665000000000418e+02 -1.058281000000000027e+01 7.699384000000000583e+01
6.338523999999999887e+02 -1.060248999999999953e+01 7.644863999999999749e+01
6.330516999999999825e+02 -1.063016999999999967e+01 7.590525999999999840e+01
6.322518999999999778e+02 -1.064811000000000085e+01 7.535514999999999475e+01
6.314568000000000438e+02 -1.065784999999999982e+01 7.480840999999999497e+01
6.306657999999999902e+02 -1.066244999999999976e+01 7.427008999999999617e+01
6.298795000000000073e+02 -1.067161000000000115e+01 7.373856999999999573e+01
6.291064999999999827e+02 -1.068866000000000049e+01 7.321099999999999852e+01
6.283433999999999742e+02 -1.070814000000000021e+01 7.268461999999999534e+01
6.275905000000000200e+02 -1.072129999999999939e+01 7.216355000000000075e+01
6.268446999999999889e+02 -1.073086999999999946e+01 7.163710999999999274e+01
6.261106999999999516e+02 -1.073910000000000053e+01 7.112089000000000283e+01
6.253872000000000071e+02 -1.074781999999999904e+01 7.061005000000000109e+01
6.246843000000000075e+02 -1.075118999999999936e+01 7.010311000000000092e+01
6.239950999999999794e+02 -1.075593000000000110e+01 6.960583000000001164e+01
6.233184999999999718e+02 -1.075717000000000034e+01 6.911565999999999121e+01
6.226615000000000464e+02 -1.075900000000000034e+01 6.863580999999999221e+01
6.220271000000000186e+02 -1.075355000000000061e+01 6.816599999999999682e+01
6.214104999999999563e+02 -1.075958999999999932e+01 6.770924000000000831e+01
6.208085999999999558e+02 -1.076815000000000033e+01 6.727259000000000810e+01
6.202264000000000124e+02 -1.077506999999999948e+01 6.685124000000000422e+01
6.196701000000000477e+02 -1.078381000000000078e+01 6.643697000000000230e+01
6.191421000000000276e+02 -1.079462000000000010e+01 6.603571999999999775e+01
6.186336999999999762e+02 -1.080288999999999966e+01 6.565583000000000879e+01
6.181539000000000215e+02 -1.081550000000000011e+01 6.528910999999999376e+01
6.176970000000000027e+02 -1.082404000000000011e+01 6.494478000000000861e+01
6.172685000000000173e+02 -1.083563999999999972e+01 6.462793000000000632e+01
6.168671000000000504e+02 -1.084459000000000017e+01 6.432758000000001175e+01
6.164909000000000106e+02 -1.085055000000000014e+01 6.404612000000000194e+01
6.161466000000000349e+02 -1.085253999999999941e+01 6.377846999999999866e+01
6.158196000000000367e+02 -1.084751999999999938e+01 6.353085999999999700e+01
6.155139000000000351e+02 -1.084263999999999939e+01 6.331555000000000177e+01
6.152296999999999798e+02 -1.084513999999999889e+01 6.311774000000000484e+01
6.149737999999999829e+02 -1.084148000000000067e+01 6.293211999999999762e+01
6.147441000000000031e+02 -1.084210999999999991e+01 6.275795999999999708e+01
6.145303000000000111e+02 -1.083600000000000030e+01 6.260419999999999874e+01
6.143307999999999538e+02 -1.083888999999999925e+01 6.246161999999999637e+01
6.141529000000000451e+02 -1.083934999999999960e+01 6.232640999999999565e+01
6.139794000000000551e+02 -1.083308000000000071e+01 6.219636999999999460e+01
6.138111000000000104e+02 -1.082474999999999987e+01 6.206929999999999836e+01
6.136452000000000453e+02 -1.082308000000000092e+01 6.194494000000000256e+01
6.134788999999999533e+02 -1.081329999999999991e+01 6.182099999999999795e+01
6.133132000000000517e+02 -1.080581999999999887e+01 6.169424999999999670e+01
6.131521999999999935e+02 -1.080396999999999963e+01 6.156965999999999894e+01
6.129909999999999854e+02 -1.079800000000000004e+01 6.144761999999999347e+01
6.128304000000000542e+02 -1.079146000000000072e+01 6.132249000000000194e+01
6.126713999999999487e+02 -1.078498000000000090e+01 6.119808000000000447e+01
6.125071000000000367e+02 -1.078136999999999901e+01 6.107368999999999915e+01
6.123479999999999563e+02 -1.078161000000000058e+01 6.095679000000000514e+01
6.121915999999999940e+02 -1.078751999999999889e+01 6.084181999999999846e+01
6.120436999999999443e+02 -1.079376000000000069e+01 6.073134000000000299e+01
6.119004999999999654e+02 -1.080292999999999992e+01 6.061896999999999736e+01
6.117571000000000367e+02 -1.080545000000000044e+01 6.050641999999999854e+01
6.116150999999999840e+02 -1.081254999999999988e+01 6.040030999999999750e+01
6.114760999999999740e+02 -1.081876000000000104e+01 6.029890999999999934e+01
6.113438999999999623e+02 -1.081988999999999912e+01 6.020131999999999550e+01
6.112231000000000449e+02 -1.081783000000000072e+01 6.010489000000000459e+01
6.111092999999999620e+02 -1.082427999999999990e+01 6.001185000000000258e+01
6.109958000000000311e+02 -1.083316000000000123e+01 5.992384000000000555e+01
6.108817000000000235e+02 -1.083923000000000059e+01 5.984108000000000516e+01
6.107661000000000513e+02 -1.084023000000000003e+01 5.975840000000000174e+01
6.106571999999999889e+02 -1.084191000000000038e+01 5.967128000000000299e+01
6.105439999999999827e+02 -1.083559999999999945e+01 5.957760999999999996e+01
6.104339999999999691e+02 -1.083001999999999931e+01 5.948389000000000237e+01
6.103301999999999907e+02 -1.083371999999999957e+01 5.939758000000000493e+01
6.102291000000000167e+02 -1.084159999999999968e+01 5.931663999999999959e+01
6.101272999999999911e+02 -1.085035000000000061e+01 5.923630999999999602e+01
6.100249999999999773e+02 -1.085671999999999926e+01 5.915470999999999435e+01
6.099206000000000358e+02 -1.085800000000000054e+01 5.906999000000000422e+01
6.098106000000000222e+02 -1.085383000000000031e+01 5.898319999999999652e+01
6.096924999999999955e+02 -1.084676999999999936e+01 5.889046999999999343e+01
6.095667999999999438e+02 -1.084531999999999918e+01 5.879274999999999807e+01
6.094269000000000460e+02 -1.084529999999999994e+01 5.868324000000000495e+01
6.092667999999999893e+02 -1.084723999999999933e+01 5.855680999999999869e+01
6.090865999999999758e+02 -1.085141000000000133e+01 5.841026999999999703e+01
6.088849999999999909e+02 -1.085836999999999897e+01 5.824501000000000062e+01
6.086580999999999904e+02 -1.086268000000000100e+01 5.806365000000000265e+01
6.084077999999999520e+02 -1.085940000000000083e+01 5.786475000000000080e+01
6.081413999999999760e+02 -1.085097999999999985e+01 5.764325000000000188e+01
6.078549000000000433e+02 -1.085103999999999935e+01 5.739811999999999870e+01
6.075535999999999603e+02 -1.085728999999999900e+01 5.714144999999999897e+01
6.072261999999999489e+02 -1.084763000000000055e+01 5.686484999999999701e+01
6.068855999999999540e+02 -1.084515999999999991e+01 5.657174000000000547e+01
6.065340999999999667e+02 -1.084756999999999927e+01 5.625489000000000317e+01
6.061751000000000431e+02 -1.085239999999999938e+01 5.592283000000000470e+01
6.057989000000000033e+02 -1.085191999999999979e+01 5.557109000000000520e+01
6.054021999999999935e+02 -1.085101000000000049e+01 5.520006999999999664e+01
6.049887999999999693e+02 -1.084808999999999912e+01 5.481575999999999738e+01
6.045756000000000085e+02 -1.084914000000000023e+01 5.441248000000000218e+01
6.041571000000000140e+02 -1.084896999999999956e+01 5.398360000000000269e+01
6.037210000000000036e+02 -1.084900000000000020e+01 5.353979000000000354e+01
6.032807000000000244e+02 -1.085761999999999894e+01 5.308678000000000452e+01
6.028243999999999687e+02 -1.086176999999999992e+01 5.261496999999999247e+01
6.023576000000000477e+02 -1.086317999999999984e+01 5.212980999999999909e+01
6.018733999999999469e+02 -1.086369999999999969e+01 5.163483000000000089e+01
6.013777000000000044e+02 -1.086860000000000070e+01 5.112460999999999700e+01
6.008722000000000207e+02 -1.087875999999999976e+01 5.059895000000000209e+01
6.003664999999999736e+02 -1.089051000000000080e+01 5.005775999999999470e+01
5.998496000000000095e+02 -1.090722000000000058e+01 4.950070999999999799e+01
5.993130999999999631e+02 -1.092426000000000030e+01 4.894080000000000297e+01
5.987573999999999614e+02 -1.094562999999999953e+01 4.836507000000000289e+01
5.981997000000000071e+02 -1.097494000000000014e+01 4.776480999999999710e+01
5.976364999999999554e+02 -1.100893999999999906e+01 4.715385999999999456e+01
5.970612999999999602e+02 -1.104018999999999906e+01 4.653114000000000061e+01
5.964781000000000404e+02 -1.106657000000000046e+01 4.590215999999999497e+01
5.958810999999999467e+02 -1.109863999999999962e+01 4.524822999999999951e+01
5.952758000000000038e+02 -1.112293000000000021e+01 4.458973999999999904e+01
5.946711999999999989e+02 -1.115506000000000064e+01 4.391619000000000028e+01
5.940578000000000429e+02 -1.118162000000000056e+01 4.323660000000000281e+01
5.934438000000000102e+02 -1.121685000000000088e+01 4.254869000000000057e+01
5.928338999999999714e+02 -1.124680999999999997e+01 4.185864999999999725e+01
5.922286000000000286e+02 -1.127913999999999994e+01 4.116615000000000180e+01
5.916198000000000548e+02 -1.131104999999999983e+01 4.047923000000000116e+01
5.910189000000000306e+02 -1.134769999999999968e+01 3.979061000000000092e+01
5.904165000000000418e+02 -1.138701999999999970e+01 3.909725999999999857e+01
5.898115000000000236e+02 -1.141673000000000116e+01 3.840760999999999825e+01
5.892033999999999878e+02 -1.144788999999999923e+01 3.771987999999999630e+01
5.885896999999999935e+02 -1.147533999999999921e+01 3.703594999999999970e+01
5.879705000000000155e+02 -1.150493999999999950e+01 3.634581000000000017e+01
5.873486000000000331e+02 -1.154031999999999947e+01 3.565009000000000583e+01
5.867273999999999887e+02 -1.157308999999999877e+01 3.495300000000000296e+01
5.861015999999999622e+02 -1.160601000000000127e+01 3.425940999999999548e+01
5.854709000000000287e+02 -1.163827000000000034e+01 3.356322000000000116e+01
5.848352999999999611e+02 -1.167231999999999914e+01 3.286908999999999992e+01
5.841965999999999894e+02 -1.170603999999999978e+01 3.217087999999999681e+01
5.835538999999999987e+02 -1.174538000000000082e+01 3.147255999999999787e+01
5.829098999999999933e+02 -1.177970000000000006e+01 3.077845999999999904e+01
5.822613000000000056e+02 -1.181016999999999939e+01 3.008245000000000147e+01
5.816088999999999487e+02 -1.184301999999999921e+01 2.938262000000000285e+01
5.809564000000000306e+02 -1.188153999999999932e+01 2.868287000000000120e+01
5.802979000000000269e+02 -1.192518000000000100e+01 2.797704999999999842e+01
5.796399000000000115e+02 -1.196837000000000018e+01 2.726970999999999634e+01
5.789818999999999960e+02 -1.200727999999999973e+01 2.655965999999999738e+01
5.783215000000000146e+02 -1.204304999999999914e+01 2.584731000000000023e+01
5.776565000000000509e+02 -1.208468000000000053e+01 2.513063000000000002e+01
5.769895999999999958e+02 -1.212757000000000041e+01 2.441211000000000197e+01
5.763292999999999893e+02 -1.217159000000000013e+01 2.369458999999999804e+01
5.756697000000000344e+02 -1.221780000000000044e+01 2.297735000000000127e+01
5.750134000000000469e+02 -1.226828999999999859e+01 2.226178999999999775e+01
5.743600999999999885e+02 -1.232193000000000005e+01 2.153752000000000066e+01
5.737105000000000246e+02 -1.237403999999999904e+01 2.081582000000000221e+01
5.730610000000000355e+02 -1.241999999999999993e+01 2.009230000000000160e+01
5.724144999999999754e+02 -1.245956999999999937e+01 1.937692999999999799e+01
5.717727999999999611e+02 -1.249786000000000108e+01 1.865814999999999912e+01
5.711353000000000293e+02 -1.253618999999999950e+01 1.794196000000000168e+01
5.705014999999999645e+02 -1.257913999999999888e+01 1.722896000000000072e+01
5.698727999999999838e+02 -1.262043999999999855e+01 1.652127999999999730e+01
5.692530000000000427e+02 -1.266638999999999982e+01 1.581237000000000137e+01
5.686345999999999776e+02 -1.271147000000000027e+01 1.510270000000000046e+01
5.680181000000000040e+02 -1.275309999999999988e+01 1.439282999999999824e+01
5.674027999999999565e+02 -1.279527999999999999e+01 1.368454999999999977e+01
5.667963999999999487e+02 -1.283586999999999989e+01 1.298106000000000115e+01
5.661989999999999554e+02 -1.288189000000000028e+01 1.228701000000000043e+01
5.655969999999999800e+02 -1.292698000000000036e+01 1.159476000000000084e+01
5.649901999999999589e+02 -1.296749999999999936e+01 1.091187000000000040e+01
5.643812000000000353e+02 -1.300929000000000002e+01 1.023610000000000042e+01
5.637767999999999802e+02 -1.305034999999999989e+01 9.568871000000001459e+00
5.631840999999999440e+02 -1.309916999999999909e+01 8.909221999999999753e+00
5.625934999999999491e+02 -1.314777999999999913e+01 8.255447000000000202e+00
5.620162000000000262e+02 -1.319797999999999938e+01 7.610877999999999588e+00
5.614478000000000293e+02 -1.324837999999999916e+01 6.973816999999999489e+00
5.608968999999999596e+02 -1.329867999999999917e+01 6.359507999999999939e+00
5.603577999999999975e+02 -1.335477999999999810e+01 5.761758999999999631e+00
5.598302999999999656e+02 -1.341042000000000201e+01 5.174446999999999797e+00
5.593052000000000135e+02 -1.345737999999999879e+01 4.607282999999999795e+00
5.587906000000000404e+02 -1.350262999999999813e+01 4.059161000000000463e+00
5.583010000000000446e+02 -1.354743999999999993e+01 3.537414000000000058e+00
5.578372000000000526e+02 -1.359862999999999822e+01 3.031585999999999892e+00
5.573887999999999465e+02 -1.364867999999999881e+01 2.556647000000000336e+00
5.569636000000000422e+02 -1.369655999999999985e+01 2.098999000000000059e+00
5.565558999999999514e+02 -1.374547000000000097e+01 1.653286000000000033e+00
5.561662999999999784e+02 -1.379438999999999993e+01 1.224299999999999944e+00
5.557881999999999607e+02 -1.384593999999999880e+01 8.169201000000000379e-01
5.554288999999999987e+02 -1.390308999999999884e+01 4.233177999999999663e-01
5.550868000000000393e+02 -1.395315000000000083e+01 3.811961999999999989e-02
5.547514999999999645e+02 -1.400156000000000134e+01 -3.399935000000000040e-01
5.544192000000000462e+02 -1.404377000000000031e+01 -7.073626999999998999e-01
5.540919000000000096e+02 -1.409012999999999849e+01 -1.065239000000000047e+00
5.537707000000000335e+02 -1.413143999999999956e+01 -1.417053000000000118e+00
5.534605000000000246e+02 -1.417212999999999923e+01 -1.759813000000000072e+00
5.531562000000000126e+02 -1.420640999999999998e+01 -2.093206000000000344e+00
5.528538999999999533e+02 -1.423971000000000053e+01 -2.416138000000000119e+00
5.525558999999999514e+02 -1.427067000000000085e+01 -2.730761000000000216e+00
5.522653999999999996e+02 -1.430044000000000004e+01 -3.039118999999999904e+00
5.519810999999999694e+02 -1.433003999999999856e+01 -3.341351999999999656e+00
5.517083999999999833e+02 -1.435767000000000060e+01 -3.635663999999999785e+00
5.514461999999999762e+02 -1.439062000000000197e+01 -3.918816000000000521e+00
5.511920999999999822e+02 -1.442523999999999873e+01 -4.191368999999999900e+00
5.509484999999999673e+02 -1.446942000000000128e+01 -4.451915000000000511e+00
5.507148999999999432e+02 -1.450686000000000142e+01 -4.709150000000000169e+00
5.504909000000000106e+02 -1.454971000000000103e+01 -4.953978000000000215e+00
5.502699999999999818e+02 -1.458897000000000155e+01 -5.187167999999999779e+00
5.500553999999999633e+02 -1.462768999999999942e+01 -5.411455000000000126e+00
5.498482000000000198e+02 -1.465601000000000020e+01 -5.634374000000000215e+00
5.496540999999999713e+02 -1.468342000000000169e+01 -5.853434000000000026e+00
5.494722000000000435e+02 -1.470996000000000059e+01 -6.063501999999999725e+00
5.493020000000000209e+02 -1.473540000000000028e+01 -6.264490000000000336e+00
5.491413000000000011e+02 -1.476442000000000121e+01 -6.454318999999999917e+00
5.489913999999999987e+02 -1.479272000000000098e+01 -6.627882000000000495e+00
5.488455000000000155e+02 -1.481427000000000049e+01 -6.789741000000000248e+00
5.487101000000000113e+02 -1.483607000000000120e+01 -6.943461999999999357e+00
5.485820999999999685e+02 -1.485932999999999815e+01 -7.090666000000000579e+00
5.484668000000000347e+02 -1.488391000000000020e+01 -7.227783999999999764e+00
5.483600999999999885e+02 -1.490622999999999898e+01 -7.359144000000000574e+00
5.482576000000000249e+02 -1.492157999999999873e+01 -7.479972999999999317e+00
5.481601000000000568e+02 -1.493536000000000108e+01 -7.592525999999999442e+00
5.480696000000000367e+02 -1.494831000000000110e+01 -7.701283000000000101e+00
5.479874999999999545e+02 -1.496148999999999951e+01 -7.803178999999999199e+00
5.479093000000000302e+02 -1.497381000000000029e+01 -7.899460000000000370e+00
5.478348999999999478e+02 -1.498586000000000062e+01 -7.988358999999999988e+00
5.477689000000000306e+02 -1.499990000000000023e+01 -8.070233999999999241e+00
5.477082000000000335e+02 -1.501146000000000136e+01 -8.149214999999999876e+00
5.476513999999999669e+02 -1.502425000000000033e+01 -8.224501000000000062e+00
5.475925999999999476e+02 -1.503337999999999930e+01 -8.293718000000000146e+00
5.475348000000000184e+02 -1.504237999999999964e+01 -8.355707000000000662e+00
5.474854000000000269e+02 -1.505128999999999984e+01 -8.414013000000000631e+00
5.474387000000000398e+02 -1.505801000000000123e+01 -8.468805999999998946e+00
5.473920000000000528e+02 -1.505838999999999928e+01 -8.519783999999999580e+00
5.473511999999999489e+02 -1.506465999999999994e+01 -8.566594999999999516e+00
5.473123000000000502e+02 -1.507540000000000013e+01 -8.609265999999999863e+00
5.472762000000000171e+02 -1.508357000000000170e+01 -8.650921999999999557e+00
5.472431000000000267e+02 -1.509152999999999878e+01 -8.690682000000000684e+00
5.472128000000000156e+02 -1.509721000000000046e+01 -8.727030000000000953e+00
5.471847999999999956e+02 -1.510417999999999950e+01 -8.759967999999998867e+00
5.471603000000000065e+02 -1.511054000000000030e+01 -8.788950999999999070e+00
5.471378999999999451e+02 -1.511792000000000158e+01 -8.816117999999999455e+00
5.471198000000000548e+02 -1.512422999999999895e+01 -8.840305000000000746e+00
5.471045000000000300e+02 -1.513047000000000075e+01 -8.861117999999999384e+00
5.470929999999999609e+02 -1.513444999999999929e+01 -8.878199999999999648e+00
5.470838999999999714e+02 -1.513715000000000011e+01 -8.892503999999998854e+00
5.470765000000000100e+02 -1.513957999999999871e+01 -8.904702999999999591e+00
5.470694999999999482e+02 -1.513852999999999938e+01 -8.915003000000000455e+00
5.470625999999999749e+02 -1.513607999999999798e+01 -8.925012999999999863e+00
5.470561000000000149e+02 -1.513392000000000159e+01 -8.935045000000000570e+00
5.470403000000000020e+02 -1.512626000000000026e+01 -8.948208000000001050e+00
5.470253000000000156e+02 -1.511997999999999820e+01 -8.962216999999998990e+00
5.470009999999999764e+02 -1.510952000000000162e+01 -8.980741999999999337e+00
5.469774999999999636e+02 -1.510246000000000066e+01 -9.002350999999999104e+00
5.469518000000000484e+02 -1.509709999999999930e+01 -9.025308000000000774e+00
5.469287000000000489e+02 -1.509580000000000055e+01 -9.049068000000000112e+00
5.469062999999999874e+02 -1.509607000000000099e+01 -9.075047999999998893e+00
5.468810999999999467e+02 -1.509672999999999909e+01 -9.104929999999999524e+00
5.468532000000000153e+02 -1.509810000000000052e+01 -9.137999000000000649e+00
5.468233000000000175e+02 -1.509999000000000002e+01 -9.175394999999999968e+00
5.467919000000000551e+02 -1.510352999999999923e+01 -9.215736999999998957e+00
5.467560999999999467e+02 -1.511177999999999955e+01 -9.260733000000000104e+00
5.467178999999999860e+02 -1.511966000000000143e+01 -9.307750000000000412e+00
5.466734999999999900e+02 -1.513095999999999997e+01 -9.359430999999998946e+00
5.466269999999999527e+02 -1.514222000000000179e+01 -9.413047000000000608e+00
5.465777000000000498e+02 -1.515641000000000105e+01 -9.471357000000001136e+00
5.465254999999999654e+02 -1.517102000000000039e+01 -9.532989999999999853e+00
5.464697999999999638e+02 -1.518832999999999878e+01 -9.598824000000000467e+00
5.464115000000000464e+02 -1.520466000000000051e+01 -9.667371000000001047e+00
5.463500000000000227e+02 -1.522117000000000075e+01 -9.738524999999999210e+00
5.462866000000000213e+02 -1.523977999999999966e+01 -9.816255999999999204e+00
5.462223999999999933e+02 -1.525557000000000052e+01 -9.896103999999999346e+00
5.461572999999999638e+02 -1.527588999999999864e+01 -9.976974000000000231e+00
5.460879999999999654e+02 -1.529090000000000060e+01 -1.005776000000000003e+01
5.460135999999999967e+02 -1.530812999999999846e+01 -1.014183000000000057e+01
5.459389999999999645e+02 -1.532615999999999978e+01 -1.022761999999999993e+01
5.458624999999999545e+02 -1.534651000000000032e+01 -1.031362000000000023e+01
5.457834000000000287e+02 -1.536452000000000062e+01 -1.039832000000000001e+01
5.457057999999999538e+02 -1.538555000000000028e+01 -1.048253000000000057e+01
5.456352000000000544e+02 -1.540939000000000014e+01 -1.056600000000000072e+01
5.455694999999999482e+02 -1.543088999999999977e+01 -1.064666000000000068e+01
5.455069999999999482e+02 -1.545107000000000141e+01 -1.072448999999999941e+01
5.454451999999999998e+02 -1.546602999999999817e+01 -1.079801000000000144e+01
5.453876999999999953e+02 -1.548370000000000068e+01 -1.086851000000000056e+01
5.453342000000000098e+02 -1.549952000000000041e+01 -1.093348999999999904e+01
5.452862999999999829e+02 -1.551831000000000138e+01 -1.099491000000000085e+01
5.452426000000000386e+02 -1.553083999999999953e+01 -1.104964999999999975e+01
