0.000000000000000000e+00 0.000000000000000000e+00 0.000000000000000000e+00
-1.325778663158416922e-02 -1.735142059624194752e-02 1.003343462944030762e+00
5.667349696159362793e-02 -2.776163443922996174e-02 2.108111143112182617e+00
2.249122709035873413e-01 -3.337462805211544037e-02 3.232354640960693359e+00
4.129892885684967041e-01 -3.939020633697509766e-02 4.318159461021423340e+00
6.538379043340682983e-01 -5.247882939875125885e-02 5.368709564208984375e+00
9.573313444852828979e-01 -6.896362826228141785e-02 6.420451760292053223e+00
1.326325878500938416e+00 -8.962353877723217010e-02 7.481093645095825195e+00
1.734164223074913025e+00 -1.203853860497474670e-01 8.611649632453918457e+00
2.131000384688377380e+00 -1.466735545545816422e-01 9.717167019844055176e+00
2.548370763659477234e+00 -1.636981852352619171e-01 1.066915100812911987e+01
3.013432487845420837e+00 -1.717285644263029099e-01 1.151335293054580688e+01
3.509825810790061951e+00 -1.692116782069206238e-01 1.240923696756362915e+01
4.052025720477104187e+00 -1.736797783523797989e-01 1.332412093877792358e+01
4.660037383437156677e+00 -1.880916245281696320e-01 1.423621976375579834e+01
5.246771797537803650e+00 -2.050222475081682205e-01 1.524240446090698242e+01
5.850987359881401062e+00 -2.396697495132684708e-01 1.620372259616851807e+01
6.553263947367668152e+00 -2.645486369729042053e-01 1.705816888809204102e+01
7.249731287360191345e+00 -2.825713548809289932e-01 1.773087835311889648e+01
7.987208947539329529e+00 -2.978946091607213020e-01 1.840563941001892090e+01
8.641700968146324158e+00 -3.127359962090849876e-01 1.902389156818389893e+01
9.404957875609397888e+00 -3.329224074259400368e-01 1.958779793977737427e+01
1.023535881936550140e+01 -3.668717043474316597e-01 2.009686052799224854e+01
1.109112147986888885e+01 -3.918634513393044472e-01 2.061665219068527222e+01
1.187267462909221649e+01 -4.239732818678021431e-01 2.105563306808471680e+01
1.265564100444316864e+01 -4.554908247664570808e-01 2.145740538835525513e+01
1.338749854266643524e+01 -4.863464022055268288e-01 2.180993652343750000e+01
1.416889630258083344e+01 -5.162769174203276634e-01 2.213421243429183960e+01
1.500530873239040375e+01 -5.489757610484957695e-01 2.242880421876907349e+01
1.588566975295543671e+01 -5.806395811960101128e-01 2.266617000102996826e+01
1.679321436583995819e+01 -6.149091152474284172e-01 2.284713476896286011e+01
1.777581863105297089e+01 -6.665268419310450554e-01 2.296503072977066040e+01
1.874444393813610077e+01 -7.060241876170039177e-01 2.305078077316284180e+01
1.972294370830059052e+01 -7.442402383312582970e-01 2.311126118898391724e+01
2.068457488715648651e+01 -7.785287080332636833e-01 2.316829079389572144e+01
2.161910675466060638e+01 -8.037296766415238380e-01 2.320998448133468628e+01
2.259229026734828949e+01 -8.424964593723416328e-01 2.319736916013062000e+01
2.355152980983257294e+01 -8.828877033665776253e-01 2.311734420247375965e+01
2.457998625934123993e+01 -9.267501877620816231e-01 2.306253218837082386e+01
2.559486965835094452e+01 -9.697449663653969765e-01 2.300582063384354115e+01
2.657234482467174530e+01 -1.004123189486563206e+00 2.294263929314911366e+01
2.757528953254222870e+01 -1.034228474833071232e+00 2.286541974730789661e+01
2.866116134822368622e+01 -1.057175912894308567e+00 2.275635570473968983e+01
2.971444503962993622e+01 -1.084208349697291851e+00 2.264015382714569569e+01
3.079088930785655975e+01 -1.105001124553382397e+00 2.248837393708527088e+01
3.188204006850719452e+01 -1.119355121627449989e+00 2.238110733218491077e+01
3.307152454555034637e+01 -1.125287605449557304e+00 2.222561437077820301e+01
3.440724687278270721e+01 -1.142266342416405678e+00 2.207411802001297474e+01
3.561036114394664764e+01 -1.155336686410009861e+00 2.185911148972809315e+01
3.678236798942089081e+01 -1.180745181627571583e+00 2.161250031180679798e+01
3.797992615401744843e+01 -1.198866295628249645e+00 2.138073122687637806e+01
3.922581999003887177e+01 -1.222865992225706577e+00 2.117483622021973133e+01
4.037390308082103729e+01 -1.249880702234804630e+00 2.102955907769501209e+01
4.158963386714458466e+01 -1.273201436735689640e+00 2.083461678214371204e+01
4.279882912337779999e+01 -1.298468987457454205e+00 2.064091867394745350e+01
4.403083591163158417e+01 -1.310501466505229473e+00 2.040504253096878529e+01
4.532205443084239960e+01 -1.312722719274461269e+00 2.023374927230179310e+01
4.658208601176738739e+01 -1.320963234640657902e+00 2.010458922572433949e+01
4.786581258475780487e+01 -1.330691100098192692e+00 1.996308297105133533e+01
4.905803506076335907e+01 -1.348527572117745876e+00 1.983379692025482655e+01
5.018702416121959686e+01 -1.365767871029675007e+00 1.971590107865631580e+01
5.134895054996013641e+01 -1.383117788471281528e+00 1.961654269881546497e+01
5.247994892299175262e+01 -1.403526973910629749e+00 1.951788157410919666e+01
5.367155842483043671e+01 -1.432762525044381618e+00 1.945643282122910023e+01
5.488940970599651337e+01 -1.455185097642242908e+00 1.934410405345261097e+01
5.620210961997509003e+01 -1.471564817242324352e+00 1.924166739173233509e+01
5.742588011920452118e+01 -1.496764832176268101e+00 1.919025388546288013e+01
5.859346215426921844e+01 -1.539244399406015873e+00 1.920178226009011269e+01
5.972077088057994843e+01 -1.582149841822683811e+00 1.917664903961122036e+01
6.092329029738903046e+01 -1.629447677172720432e+00 1.914876528829336166e+01
6.228484015166759491e+01 -1.651473629288375378e+00 1.904302071779966354e+01
6.370851545035839081e+01 -1.679549415595829487e+00 1.898839556425809860e+01
6.501778464019298553e+01 -1.715460651554167271e+00 1.895157497376203537e+01
6.644310776889324188e+01 -1.754141696728765965e+00 1.894008835591375828e+01
6.772615151107311249e+01 -1.804783494211733341e+00 1.897075527533888817e+01
6.897644667327404022e+01 -1.849894278682768345e+00 1.899427658133208752e+01
7.013771300017833710e+01 -1.900317997671663761e+00 1.904884356074035168e+01
7.131245772540569305e+01 -1.943783850409090519e+00 1.909856119565665722e+01
7.259429685771465302e+01 -1.971953545697033405e+00 1.913079187087714672e+01
7.380896465480327606e+01 -2.003730633296072483e+00 1.909317245893180370e+01
7.488014177978038788e+01 -2.032917198725044727e+00 1.904786637239158154e+01
7.599796347320079803e+01 -2.075802017934620380e+00 1.904892715811729431e+01
7.710541205108165741e+01 -2.107975368387997150e+00 1.904784479923546314e+01
7.825917033851146698e+01 -2.152877693064510822e+00 1.906660798564553261e+01
7.940206293761730194e+01 -2.203686018474400043e+00 1.908131525479257107e+01
8.057878892123699188e+01 -2.244025302119553089e+00 1.909744403511285782e+01
8.169874756038188934e+01 -2.283466798253357410e+00 1.908723280765116215e+01
8.282457284629344940e+01 -2.325081822462379932e+00 1.907757065817713737e+01
8.388844220340251923e+01 -2.372078296728432178e+00 1.906485311500728130e+01
8.459697727859020233e+01 -2.396501905284821987e+00 1.896804402582347393e+01
8.552849368751049042e+01 -2.433572634123265743e+00 1.890466140024363995e+01
8.668452279269695282e+01 -2.460182377137243748e+00 1.869859187118709087e+01
8.786380760371685028e+01 -2.502362729050219059e+00 1.855604253523051739e+01
8.910669092833995819e+01 -2.540175453759729862e+00 1.833970193378627300e+01
9.006009970605373383e+01 -2.568278278224170208e+00 1.818167905323207378e+01
9.101432876288890839e+01 -2.602866980247199535e+00 1.803954492323100567e+01
9.210316686332225800e+01 -2.641289907507598400e+00 1.787457863800227642e+01
9.334074513614177704e+01 -2.654785041697323322e+00 1.757756219618022442e+01
9.482955090701580048e+01 -2.660581923089921474e+00 1.728785432688891888e+01
9.601582424342632294e+01 -2.691349917091429234e+00 1.715459261648356915e+01
9.720546738803386688e+01 -2.712494696490466595e+00 1.694628839008510113e+01
9.828348557651042938e+01 -2.729836625047028065e+00 1.676977844350039959e+01
9.928774349391460419e+01 -2.735498103313148022e+00 1.661960975639522076e+01
1.004286454170942307e+02 -2.741052699275314808e+00 1.637354470603168011e+01
1.017374486178159714e+02 -2.736779137514531612e+00 1.599899311177432537e+01
1.028811382502317429e+02 -2.733908432535827160e+00 1.567811550013720989e+01
1.040295649021863937e+02 -2.746771381236612797e+00 1.546421576850116253e+01
1.051023930758237839e+02 -2.762805928476154804e+00 1.525407714955508709e+01
1.063661306351423264e+02 -2.773266809992492199e+00 1.489991058222949505e+01
1.077307495325803757e+02 -2.785911408253014088e+00 1.458645133487880230e+01
1.091694891899824142e+02 -2.804623580537736416e+00 1.427356670610606670e+01
1.103695706576108932e+02 -2.828097024001181126e+00 1.416625474207103252e+01
1.117870812863111496e+02 -2.847685771994292736e+00 1.392538915388286114e+01
1.133781718462705612e+02 -2.865411487407982349e+00 1.363880277983844280e+01
1.151016334742307663e+02 -2.879221989773213863e+00 1.324293158762156963e+01
1.167272625416517258e+02 -2.898127288557589054e+00 1.289076010696589947e+01
1.183628830164670944e+02 -2.921489248983561993e+00 1.257177750580012798e+01
1.200672102421522141e+02 -2.949077111668884754e+00 1.229026303999125957e+01
1.217498137205839157e+02 -2.976779258809983730e+00 1.198847703449428082e+01
1.233144332617521286e+02 -3.003218487836420536e+00 1.154660980217158794e+01
1.248743535727262497e+02 -3.039581694640219212e+00 1.122182206623256207e+01
1.265016693323850632e+02 -3.077316769398748875e+00 1.077409623377025127e+01
1.281430386751890182e+02 -3.110499226488173008e+00 1.024455247633159161e+01
1.297524762600660324e+02 -3.142627523280680180e+00 9.712283713743090630e+00
1.312965290993452072e+02 -3.179154210723936558e+00 9.192340238019824028e+00
1.326463510245084763e+02 -3.207329216413199902e+00 8.862007929012179375e+00
1.340109461992979050e+02 -3.238502026535570621e+00 8.428077472373843193e+00
1.353974311798810959e+02 -3.273871012963354588e+00 7.962329221889376640e+00
1.367922445982694626e+02 -3.300245820544660091e+00 7.518253995105624199e+00
1.382984261959791183e+02 -3.309685983695089817e+00 7.021259559318423271e+00
1.399101953953504562e+02 -3.318936820141971111e+00 6.529854012653231621e+00
1.416674324721097946e+02 -3.330843594856560230e+00 6.046895934268832207e+00
1.433152019232511520e+02 -3.354128769598901272e+00 5.680206967517733574e+00
1.451086098402738571e+02 -3.365852431394159794e+00 5.150856448337435722e+00
1.469999630898237228e+02 -3.382331895641982555e+00 4.518145276233553886e+00
1.488548213690519333e+02 -3.394909267313778400e+00 3.852884603664278984e+00
1.505883746594190598e+02 -3.396215780638158321e+00 3.321472479030489922e+00
1.523539413660764694e+02 -3.402693958021700382e+00 2.773199273273348808e+00
1.538706478327512741e+02 -3.411048131994903088e+00 2.327923042699694633e+00
1.554269602745771408e+02 -3.416491460986435413e+00 1.868434859439730644e+00
1.567969882935285568e+02 -3.422530994750559330e+00 1.380736542865633965e+00
1.585292833298444748e+02 -3.417945298366248608e+00 8.399602901190519333e-01
1.601971792429685593e+02 -3.409661483950912952e+00 2.305974494665861130e-01
1.617558485716581345e+02 -3.419600608758628368e+00 -3.210175503045320511e-01
1.633681256026029587e+02 -3.426479102112352848e+00 -9.091633427888154984e-01
1.649673096388578415e+02 -3.434005464427173138e+00 -1.378455566242337227e+00
1.666663608998060226e+02 -3.432566617615520954e+00 -1.951550589874386787e+00
1.682743446081876755e+02 -3.430370143614709377e+00 -2.492435561493039131e+00
1.695836692303419113e+02 -3.435996108688414097e+00 -2.954161809757351875e+00
1.707261785715818405e+02 -3.439748986624181271e+00 -3.431421237066388130e+00
1.721301787346601486e+02 -3.438441094942390919e+00 -3.917096571996808052e+00
1.733094834536314011e+02 -3.469990176148712635e+00 -4.328237013891339302e+00
1.746321651190519333e+02 -3.491194481961429119e+00 -4.815824346616864204e+00
1.757979360073804855e+02 -3.512925666756927967e+00 -5.222179220989346504e+00
1.774131958931684494e+02 -3.534575886093080044e+00 -5.994786428287625313e+00
1.789860154837369919e+02 -3.546013266779482365e+00 -6.587283836677670479e+00
1.805022631138563156e+02 -3.579885252751410007e+00 -7.147069560363888741e+00
1.820819359272718430e+02 -3.602113592438399792e+00 -7.776714609935879707e+00
1.838900741785764694e+02 -3.609727983362972736e+00 -8.595317708328366280e+00
1.855172455757856369e+02 -3.623422293923795223e+00 -9.303941236808896065e+00
1.872909812182188034e+02 -3.644763798452913761e+00 -1.009410403855144978e+01
1.890915444344282150e+02 -3.658827084116637707e+00 -1.090226976759731770e+01
1.908493878096342087e+02 -3.677307059057056904e+00 -1.169692306406795979e+01
1.927131950110197067e+02 -3.687554336152970791e+00 -1.251772575266659260e+01
1.943654718846082687e+02 -3.701938235200941563e+00 -1.326711814291775227e+01
1.961167827099561691e+02 -3.714208330027759075e+00 -1.406106083281338215e+01
1.978427814692258835e+02 -3.744898987002670765e+00 -1.468828486092388630e+01
1.996268873661756516e+02 -3.762479468248784542e+00 -1.535059635527431965e+01
2.013429108113050461e+02 -3.783240036107599735e+00 -1.598565869219601154e+01
2.029940277785062790e+02 -3.784119638614356518e+00 -1.663586394675076008e+01
2.047289550751447678e+02 -3.781624828465282917e+00 -1.733541737683117390e+01
2.065273528546094894e+02 -3.776345617137849331e+00 -1.816499619372189045e+01
2.084036878794431686e+02 -3.775446095503866673e+00 -1.903853587992489338e+01
2.101925458163022995e+02 -3.781277473084628582e+00 -1.979522179253399372e+01
2.119389232844114304e+02 -3.788455781526863575e+00 -2.060191779024899006e+01
2.137355480641126633e+02 -3.795987172983586788e+00 -2.139191673882305622e+01
2.153424048870801926e+02 -3.807749168016016483e+00 -2.218535517342388630e+01
2.169847342222929001e+02 -3.821733909659087658e+00 -2.295004366524517536e+01
2.188496749848127365e+02 -3.823605452664196491e+00 -2.378484760411083698e+01
2.207285086363554001e+02 -3.820721051655709743e+00 -2.475653384812176228e+01
2.226630436629056931e+02 -3.814164855517446995e+00 -2.571339033730328083e+01
2.246155248135328293e+02 -3.812666307203471661e+00 -2.660297809727489948e+01
2.265988209694623947e+02 -3.810132217593491077e+00 -2.752064882405102253e+01
2.284868780821561813e+02 -3.804973944090306759e+00 -2.848369680531322956e+01
2.302901455610990524e+02 -3.810633049346506596e+00 -2.940796075947582722e+01
2.320433565825223923e+02 -3.806556063704192638e+00 -3.040326462872326374e+01
2.338982257097959518e+02 -3.793177877552807331e+00 -3.139590393193066120e+01
2.356074386090040207e+02 -3.801047152839601040e+00 -3.234458904154598713e+01
2.372962714880704880e+02 -3.793324776925146580e+00 -3.336759381182491779e+01
2.388416494578123093e+02 -3.800206924788653851e+00 -3.421609525568783283e+01
2.405748026818037033e+02 -3.792748627252876759e+00 -3.514228539355099201e+01
2.423139027804136276e+02 -3.795748322270810604e+00 -3.619656472094357014e+01
2.439617150276899338e+02 -3.801391438581049442e+00 -3.721200923807919025e+01
2.456908923834562302e+02 -3.817873599939048290e+00 -3.826282887347042561e+01
2.474294493645429611e+02 -3.824971203692257404e+00 -3.929057721979916096e+01
2.492684970349073410e+02 -3.816152042709290981e+00 -4.028681366331875324e+01
2.509960660189390182e+02 -3.797112339176237583e+00 -4.134301178343594074e+01
2.527318180054426193e+02 -3.756581672467291355e+00 -4.256309680826961994e+01
2.544643177241086960e+02 -3.715884380973875523e+00 -4.382910828478634357e+01
2.562757934778928757e+02 -3.682112329639494419e+00 -4.510147766955196857e+01
2.581112258881330490e+02 -3.650592946447432041e+00 -4.639993183501064777e+01
2.598947339504957199e+02 -3.620031083934009075e+00 -4.765174739249050617e+01
2.617219267338514328e+02 -3.581488403491675854e+00 -4.887484900839626789e+01
2.634761982411146164e+02 -3.537759157828986645e+00 -5.016914706118404865e+01
2.650224552601575851e+02 -3.508824919350445271e+00 -5.129615168459713459e+01
2.667246123999357224e+02 -3.471393053419888020e+00 -5.242654781229794025e+01
2.684402300566434860e+02 -3.419457842595875263e+00 -5.356692080385982990e+01
2.702188833206892014e+02 -3.371934984810650349e+00 -5.470917777903378010e+01
2.722704039067029953e+02 -3.316124727018177509e+00 -5.592512814886868000e+01
2.741164645403623581e+02 -3.274158288724720478e+00 -5.706377832777798176e+01
2.758154291361570358e+02 -3.225429345853626728e+00 -5.815925829298794270e+01
2.776084566563367844e+02 -3.156979952938854694e+00 -5.935925762541592121e+01
2.793453470915555954e+02 -3.087694895453751087e+00 -6.047630302794277668e+01
2.810567573755979538e+02 -3.012317565269768238e+00 -6.161977832205593586e+01
2.827536271065473557e+02 -2.935807873494923115e+00 -6.280105988867580891e+01
2.842666308134794235e+02 -2.862557929940521717e+00 -6.387955074198544025e+01
2.858032405823469162e+02 -2.779520337469875813e+00 -6.495216231234371662e+01
2.874539820402860641e+02 -2.686646808870136738e+00 -6.614520494826138020e+01
2.890026190727949142e+02 -2.597424362786114216e+00 -6.728830497153103352e+01
2.907123984545469284e+02 -2.509476934559643269e+00 -6.852431540377438068e+01
2.924159034937620163e+02 -2.429780659265816212e+00 -6.971318893320858479e+01
2.939429798573255539e+02 -2.373516631312668324e+00 -7.090001444704830647e+01
2.955790505856275558e+02 -2.314480987377464771e+00 -7.209943013079464436e+01
2.971827317923307419e+02 -2.250338208861649036e+00 -7.336614971049129963e+01
2.989247844666242599e+02 -2.171156716533005238e+00 -7.473432152159512043e+01
3.005074248760938644e+02 -2.103343998081982136e+00 -7.603243617899715900e+01
3.019832741469144821e+02 -2.051467751152813435e+00 -7.724233584292232990e+01
3.034032175987958908e+02 -2.005290304310619831e+00 -7.843219988234341145e+01
3.049214972704648972e+02 -1.943479117937386036e+00 -7.966989354975521564e+01
3.064221607893705368e+02 -1.892429065890610218e+00 -8.093156962282955647e+01
3.079032934159040451e+02 -1.844695297069847584e+00 -8.215629224665462971e+01
3.093593771904706955e+02 -1.794622992165386677e+00 -8.337083737738430500e+01
3.108332410305738449e+02 -1.744277817197144032e+00 -8.460568671114742756e+01
3.122927517145872116e+02 -1.697043252177536488e+00 -8.584214525111019611e+01
3.137786925286054611e+02 -1.644919049926102161e+00 -8.707477669604122639e+01
3.153058890551328659e+02 -1.588659797795116901e+00 -8.835381333716213703e+01
3.168142333477735519e+02 -1.536363353021442890e+00 -8.963979701884090900e+01
3.182744466513395309e+02 -1.487955187447369099e+00 -9.092397670634090900e+01
3.197351007908582687e+02 -1.440718230791389942e+00 -9.219440584070980549e+01
3.211840277165174484e+02 -1.392613728530704975e+00 -9.345738582499325275e+01
3.226382848471403122e+02 -1.345192906446754932e+00 -9.473948221094906330e+01
3.240728929489850998e+02 -1.297197972424328327e+00 -9.599623398669064045e+01
3.254461827725172043e+02 -1.241911214776337147e+00 -9.723195879347622395e+01
3.268741835802793503e+02 -1.191286285407841206e+00 -9.846787302382290363e+01
3.283544458597898483e+02 -1.132116396911442280e+00 -9.975595514662563801e+01
3.299112959355115891e+02 -1.062890541739761829e+00 -1.010774504411965609e+02
3.314520991295576096e+02 -9.966307403519749641e-01 -1.023411359060555696e+02
3.330504090040922165e+02 -9.194569112733006477e-01 -1.036708820331841707e+02
3.346359041184186935e+02 -8.504245253279805183e-01 -1.049537669885903597e+02
3.362948586195707321e+02 -7.652620198205113411e-01 -1.062607478369027376e+02
3.378538556545972824e+02 -6.934622051194310188e-01 -1.075383307207375765e+02
3.393920824974775314e+02 -6.239914642646908760e-01 -1.087991943825036287e+02
3.409791394919157028e+02 -5.602069990709424019e-01 -1.100864513386040926e+02
3.425758103579282761e+02 -4.956066431477665901e-01 -1.113854494560509920e+02
3.441072190254926682e+02 -4.229570599272847176e-01 -1.126183684337884188e+02
3.455953823775053024e+02 -3.517354624345898628e-01 -1.138060462940484285e+02
3.471249964684247971e+02 -2.818716438487172127e-01 -1.149311789739876986e+02
3.486499420851469040e+02 -1.978815617039799690e-01 -1.160955226887017488e+02
3.502649963349103928e+02 -1.012340979650616646e-01 -1.173497223127633333e+02
3.518441297262907028e+02 -6.768611259758472443e-03 -1.186257408130913973e+02
3.534262675493955612e+02 8.264287095516918702e-02 -1.199379021394997835e+02
3.549082785099744797e+02 1.646419567987322807e-01 -1.211691617239266634e+02
3.564624397009611130e+02 2.522126166149973869e-01 -1.224263682831078768e+02
3.580446491688489914e+02 3.429277045652270317e-01 -1.236595702636986971e+02
3.596193163841962814e+02 4.235579250380396843e-01 -1.248769318331032991e+02
3.610855710953474045e+02 4.992384193465113640e-01 -1.260479287374764681e+02
3.626145636290311813e+02 5.778302354738116264e-01 -1.272915341127663851e+02
3.642426267117261887e+02 6.654034508392214775e-01 -1.286351854074746370e+02
3.658653434962034225e+02 7.517934395000338554e-01 -1.299983386266976595e+02
3.674566357582807541e+02 8.309192983433604240e-01 -1.313279923666268587e+02
3.690473815649747849e+02 9.100243477150797844e-01 -1.326611310709267855e+02
3.705901918858289719e+02 9.933711094781756401e-01 -1.339631718862801790e+02
3.722377964705228806e+02 1.078883985988795757e+00 -1.353377796877175570e+02
3.738953713625669479e+02 1.163071292452514172e+00 -1.367190298307687044e+02
3.754987628906965256e+02 1.241877245716750622e+00 -1.380916470754891634e+02
3.771491256207227707e+02 1.322953331284224987e+00 -1.394778527487069368e+02
3.788113874644041061e+02 1.404599095694720745e+00 -1.408581400383263826e+02
3.804240087717771530e+02 1.485707635991275311e+00 -1.422079756725579500e+02
3.820195943564176559e+02 1.575188706628978252e+00 -1.435480628479272127e+02
3.836566709727048874e+02 1.670494924299418926e+00 -1.449052391517907381e+02
3.852782571762800217e+02 1.762419703416526318e+00 -1.462076733577996492e+02
3.868737985342741013e+02 1.855285557918250561e+00 -1.475469139087945223e+02
3.884841349571943283e+02 1.948360639624297619e+00 -1.488550802934914827e+02
3.900971802920103073e+02 2.039547610096633434e+00 -1.501464467514306307e+02
3.917255921810865402e+02 2.132823991589248180e+00 -1.514730843771249056e+02
3.933502876013517380e+02 2.226491334848105907e+00 -1.527824413049966097e+02
3.949621593207120895e+02 2.319820272736251354e+00 -1.540637754667550325e+02
3.965568235367536545e+02 2.412491056136786938e+00 -1.553738661278039217e+02
3.981425263136625290e+02 2.501336405985057354e+00 -1.566511265505105257e+02
3.997659084051847458e+02 2.586407060734927654e+00 -1.578800862301141024e+02
4.013971238583326340e+02 2.674424196593463421e+00 -1.591496023405343294e+02
4.030260631293058395e+02 2.763595866970717907e+00 -1.604384528864175081e+02
4.046149230450391769e+02 2.849233525805175304e+00 -1.617004811037331820e+02
4.062135621756315231e+02 2.934084969572722912e+00 -1.629359020460397005e+02
4.078354039639234543e+02 3.023179697804152966e+00 -1.641983322370797396e+02
4.094558221548795700e+02 3.108734454028308392e+00 -1.654489952791482210e+02
4.111340022534132004e+02 3.196676204912364483e+00 -1.666875848043709993e+02
4.128779708594083786e+02 3.281126360408961773e+00 -1.679262382257729769e+02
4.145944624394178391e+02 3.361916522495448589e+00 -1.691357430685311556e+02
4.162851455658674240e+02 3.446062202565371990e+00 -1.703818020094186068e+02
4.179478074759244919e+02 3.531063924543559551e+00 -1.716075853575021029e+02
4.196084415167570114e+02 3.616861234419047832e+00 -1.728425542581826448e+02
4.212810702770948410e+02 3.703121389262378216e+00 -1.740872287023812532e+02
4.229392785280942917e+02 3.783999326638877392e+00 -1.752799913156777620e+02
4.246136031597852707e+02 3.866230624727904797e+00 -1.764994905460625887e+02
4.262626781910657883e+02 3.949860553257167339e+00 -1.777382281292229891e+02
4.279066473692655563e+02 4.033339354209601879e+00 -1.789517591465264559e+02
4.295593643635511398e+02 4.116988415829837322e+00 -1.802008885610848665e+02
4.312081431597471237e+02 4.199121768586337566e+00 -1.814589647520333529e+02
4.328022683113813400e+02 4.272817711345851421e+00 -1.826886694896966219e+02
4.344008672684431076e+02 4.351089934818446636e+00 -1.839184777010232210e+02
4.359870030134916306e+02 4.421206044964492321e+00 -1.850943176019936800e+02
4.375889978855848312e+02 4.495451006107032299e+00 -1.863558180797845125e+02
4.391681710928678513e+02 4.569690289907157421e+00 -1.876145046222954988e+02
4.407581991404294968e+02 4.642477902583777905e+00 -1.888437583912163973e+02
4.423358931988477707e+02 4.714307340793311596e+00 -1.900869650114327669e+02
4.439160594195127487e+02 4.787041033618152142e+00 -1.913429532516747713e+02
4.454735504835844040e+02 4.863600092940032482e+00 -1.926130856741219759e+02
4.470355552881956100e+02 4.934344979934394360e+00 -1.938776351679116488e+02
4.486024646013975143e+02 5.000358070246875286e+00 -1.951181263197213411e+02
4.501822087019681931e+02 5.065200219862163067e+00 -1.963385382164269686e+02
4.517453581541776657e+02 5.134343090467154980e+00 -1.975572671163827181e+02
4.533179965466260910e+02 5.213795903138816357e+00 -1.988152932394295931e+02
4.549103078097105026e+02 5.287599260918796062e+00 -2.000945981014519930e+02
4.564867601841688156e+02 5.356277595274150372e+00 -2.013327346313744783e+02
4.580636948794126511e+02 5.426314125768840313e+00 -2.025793079603463411e+02
4.596801126450300217e+02 5.500010336749255657e+00 -2.038587464559823275e+02
4.612897384613752365e+02 5.574140469543635845e+00 -2.051145004499703646e+02
4.628917379826307297e+02 5.651387195102870464e+00 -2.063860546816140413e+02
4.644714458435773849e+02 5.723070922307670116e+00 -2.076360230911523104e+02
4.660515130013227463e+02 5.793462756089866161e+00 -2.088827164638787508e+02
4.676590409725904465e+02 5.867526794783771038e+00 -2.101584276426583529e+02
4.693260499686002731e+02 5.945299441926181316e+00 -2.114216573704034090e+02
4.710290189236402512e+02 6.025180513970553875e+00 -2.126914537418633699e+02
4.727070143669843674e+02 6.102760407142341137e+00 -2.139472947586327791e+02
4.743774563521146774e+02 6.178860756568610668e+00 -2.151787763107568026e+02
4.760131724327802658e+02 6.253224763087928295e+00 -2.164324796665459871e+02
4.776349986046552658e+02 6.327862034551799297e+00 -2.176798149812966585e+02
4.792467172592878342e+02 6.398456762544810772e+00 -2.188952012527734041e+02
4.809412777870893478e+02 6.477668638341128826e+00 -2.201622745264321566e+02
4.825499033182859421e+02 6.550098436884582043e+00 -2.214114686716347933e+02
4.841575174778699875e+02 6.619166227988898754e+00 -2.226457282770425081e+02
4.857604645937681198e+02 6.687605935148894787e+00 -2.238663962353020906e+02
4.873736488074064255e+02 6.752725007943809032e+00 -2.250738342273980379e+02
4.890065899342298508e+02 6.826467978768050671e+00 -2.263198993671685457e+02
4.906401660889387131e+02 6.900225120596587658e+00 -2.275652902591973543e+02
4.922929438799619675e+02 6.973604175262153149e+00 -2.288036579359322786e+02
4.939327860325574875e+02 7.044337975792586803e+00 -2.300120138395577669e+02
4.956000866144895554e+02 7.120921905152499676e+00 -2.312412394750863314e+02
4.973131754845380783e+02 7.200835431925952435e+00 -2.325102946031838655e+02
4.990162049978971481e+02 7.281635175459086895e+00 -2.337679763305932283e+02
5.006318126171827316e+02 7.353665198199450970e+00 -2.349889905918389559e+02
5.022868365496397018e+02 7.425786654464900494e+00 -2.362200383413583040e+02
5.038503191918134689e+02 7.493467028252780437e+00 -2.374436221588402987e+02
5.054160060137510300e+02 7.557556132785975933e+00 -2.386379108894616365e+02
5.069557781666517258e+02 7.627721364609897137e+00 -2.398454459179192781e+02
5.085891737192869186e+02 7.699202637188136578e+00 -2.410364560354501009e+02
5.102138575762510300e+02 7.775688226334750652e+00 -2.422541711796075106e+02
5.118260875195264816e+02 7.854846368543803692e+00 -2.434743004310876131e+02
5.134027952402830124e+02 7.926602887921035290e+00 -2.446651871670037508e+02
5.149983506649732590e+02 8.008908051066100597e+00 -2.459454905260354280e+02
5.165731794089078903e+02 8.082644182257354259e+00 -2.471253304947167635e+02
5.180755296200513840e+02 8.152401599101722240e+00 -2.482671763170510530e+02
5.196529472321271896e+02 8.227972413413226604e+00 -2.494867405164986849e+02
5.211933318823575974e+02 8.301613594405353069e+00 -2.507053817976266146e+02
5.227766902893781662e+02 8.380853812210261822e+00 -2.519106928575783968e+02
5.243118923157453537e+02 8.457195962779223919e+00 -2.531024150121957064e+02
5.258510839194059372e+02 8.532197552733123302e+00 -2.542913828361779451e+02
5.273565844744443893e+02 8.603503446094691753e+00 -2.554573058355599642e+02
5.288264947384595871e+02 8.662685419432818890e+00 -2.565808662641793489e+02
5.303582958430051804e+02 8.738685953430831432e+00 -2.578337401617318392e+02
5.318104490488767624e+02 8.827799613587558270e+00 -2.591184411514550447e+02
5.333733866661787033e+02 8.907974976114928722e+00 -2.604038207996636629e+02
5.349560386389493942e+02 8.984803351573646069e+00 -2.616522473562508821e+02
5.366395810097455978e+02 9.066516059450805187e+00 -2.629058136213570833e+02
5.382856647223234177e+02 9.148385728709399700e+00 -2.641243005264550447e+02
5.399516555517911911e+02 9.233024845831096172e+00 -2.653557042349129915e+02
5.416230037659406662e+02 9.318230758421123028e+00 -2.665831195581704378e+02
5.432731029242277145e+02 9.398835967294871807e+00 -2.677779146898537874e+02
5.449188197106122971e+02 9.477567027322947979e+00 -2.689595460165292025e+02
5.465617609471082687e+02 9.558857093565165997e+00 -2.701755513418465853e+02
5.482314380854368210e+02 9.643212336115539074e+00 -2.714267274606972933e+02
5.499013028591871262e+02 9.727463024668395519e+00 -2.726773511637002230e+02
5.515877632349729538e+02 9.815975780598819256e+00 -2.739543649423867464e+02
5.532590809315443039e+02 9.904370243661105633e+00 -2.752028493154793978e+02
5.549317000359296799e+02 9.989624860696494579e+00 -2.764624197948724031e+02
5.566034710854291916e+02 1.007723565679043531e+01 -2.777467222679406404e+02
5.582690989226102829e+02 1.016071944218128920e+01 -2.789977722633630037e+02
5.599396928995847702e+02 1.024443300347775221e+01 -2.802432429064065218e+02
5.616167765110731125e+02 1.032561634015291929e+01 -2.814587845075875521e+02
5.632982911318540573e+02 1.041043917369097471e+01 -2.826810402143746614e+02
5.649837338179349899e+02 1.049579911958426237e+01 -2.839115959871560335e+02
5.666729424446821213e+02 1.058440222125500441e+01 -2.851499435175210238e+02
5.683416058272123337e+02 1.067422281485050917e+01 -2.864146696794778109e+02
5.699990895241498947e+02 1.076040522288531065e+01 -2.876688353288918734e+02
5.716781849116086960e+02 1.084841870795935392e+01 -2.888929409254342318e+02
5.733703507632017136e+02 1.093640259932726622e+01 -2.901027654875069857e+02
5.750651312321424484e+02 1.102627213578671217e+01 -2.913301243055611849e+02
5.767390822619199753e+02 1.111845642607659101e+01 -2.925976462829858065e+02
5.783654537647962570e+02 1.120200849603861570e+01 -2.938361154068261385e+02
5.800319341868162155e+02 1.129150270204991102e+01 -2.950751569736748934e+02
5.817035613507032394e+02 1.138260843139141798e+01 -2.963120989073067904e+02
5.834069976061582565e+02 1.147683207225054502e+01 -2.975756255853921175e+02
5.851111591309309006e+02 1.157109033595770597e+01 -2.988380066622048616e+02
5.868249378651380539e+02 1.166514794062823057e+01 -3.000991218555718660e+02
5.884911407679319382e+02 1.175383266340941191e+01 -3.013434288967400789e+02
5.901651485413312912e+02 1.184630482923239470e+01 -3.026124709118157625e+02
5.918390380591154099e+02 1.193895142804831266e+01 -3.038851075638085604e+02
5.935220187157392502e+02 1.203316077124327421e+01 -3.051780839432030916e+02
5.952517508715391159e+02 1.213279349636286497e+01 -3.064834518898278475e+02
5.969819738119840622e+02 1.223243385832756758e+01 -3.077884972561150789e+02
5.986879060715436935e+02 1.233042125683277845e+01 -3.090996866691857576e+02
6.003747517317533493e+02 1.242788291256874800e+01 -3.103929712045937777e+02
6.020612996071577072e+02 1.252536829840391874e+01 -3.116862432230263948e+02
6.037472302168607712e+02 1.262280435394495726e+01 -3.129798319805413485e+02
6.054865065068006516e+02 1.272292240988463163e+01 -3.142586597669869661e+02
6.071816989630460739e+02 1.282049132417887449e+01 -3.155496469009667635e+02
6.089128540009260178e+02 1.291990576218813658e+01 -3.168322632778435946e+02
6.106328922957181931e+02 1.301671240758150816e+01 -3.181207755077630281e+02
6.123441726416349411e+02 1.311613031756132841e+01 -3.194033658970147371e+02
6.140711060017347336e+02 1.321377154719084501e+01 -3.206829932201653719e+02
6.157785088270902634e+02 1.331038020085543394e+01 -3.219746699798852205e+02
6.174287956207990646e+02 1.339910014253109694e+01 -3.232517128456383944e+02
6.191222724169492722e+02 1.348813224863260984e+01 -3.245144985187798738e+02
6.207866197079420090e+02 1.356998539250344038e+01 -3.257667756546288729e+02
6.224587706774473190e+02 1.365393738728016615e+01 -3.270277414787560701e+02
6.241197481602430344e+02 1.373780138324946165e+01 -3.282659526336938143e+02
6.258113891333341599e+02 1.382310250680893660e+01 -3.295301080215722322e+02
6.274786320179700851e+02 1.390665158908814192e+01 -3.307629755008965731e+02
6.291633276194334030e+02 1.399151560198515654e+01 -3.320041107404977083e+02
6.308395269364118576e+02 1.407605409901589155e+01 -3.332399530876427889e+02
6.325031286925077438e+02 1.415756748896092176e+01 -3.344483634699136019e+02
6.342136238068342209e+02 1.424588404875248671e+01 -3.356933627594262362e+02
6.359089999645948410e+02 1.433746673446148634e+01 -3.369337385166436434e+02
6.376231273859739304e+02 1.442494938056915998e+01 -3.381714781988412142e+02
6.393434406965970993e+02 1.451508515607565641e+01 -3.394335402715951204e+02
6.410365179032087326e+02 1.460148293804377317e+01 -3.406729773748666048e+02
6.426750253885984421e+02 1.467905307840555906e+01 -3.419039307106286287e+02
6.442561004608869553e+02 1.475171004515141249e+01 -3.431308012474328279e+02
6.458291993588209152e+02 1.482281199377030134e+01 -3.443238977659493685e+02
6.474092647284269333e+02 1.489823767822235823e+01 -3.455303332079201937e+02
6.490830589979887009e+02 1.498263698350638151e+01 -3.467788104284554720e+02
6.508195155113935471e+02 1.507155146729201078e+01 -3.480767050255089998e+02
6.525435162037611008e+02 1.516471494268625975e+01 -3.493357346523553133e+02
6.542293013781309128e+02 1.525520078372210264e+01 -3.505582892168313265e+02
6.559396199434995651e+02 1.534786019753664732e+01 -3.518201572168618441e+02
6.576825366467237473e+02 1.543919338565319777e+01 -3.530780646074563265e+02
6.594054769724607468e+02 1.553121059667319059e+01 -3.543369065988808870e+02
6.611520048826932907e+02 1.562471071165055037e+01 -3.555980095136910677e+02
6.629163265675306320e+02 1.572258337866514921e+01 -3.568696773517876863e+02
6.646787739247083664e+02 1.581717136036604643e+01 -3.581532547939568758e+02
6.663955277651548386e+02 1.591033330094069242e+01 -3.594072113502770662e+02
6.680722719877958298e+02 1.599671481084078550e+01 -3.606783802974969149e+02
6.697407365292310715e+02 1.608252742420881987e+01 -3.619519961345940828e+02
6.713886145800352097e+02 1.616761388909071684e+01 -3.632028916347771883e+02
6.730531785935163498e+02 1.625259758066385984e+01 -3.644222701061517000e+02
6.746951967924833298e+02 1.633871641289442778e+01 -3.656419272888451815e+02
6.763608587235212326e+02 1.642343280743807554e+01 -3.668686871994286776e+02
6.780432488173246384e+02 1.650774045567959547e+01 -3.680956041086465120e+02
6.796989487856626511e+02 1.658893797080963850e+01 -3.693108468521386385e+02
6.813575640171766281e+02 1.665954552870243788e+01 -3.704712303150445223e+02
6.830407463759183884e+02 1.672435315977782011e+01 -3.716151966322213411e+02
6.847162597626447678e+02 1.679005294572561979e+01 -3.727417121399194002e+02
6.863680655211210251e+02 1.685578269045799971e+01 -3.738775384891778231e+02
6.879919109791517258e+02 1.692501466255635023e+01 -3.750120721329003572e+02
6.895803035944700241e+02 1.699615194927901030e+01 -3.761448147762566805e+02
6.912198801487684250e+02 1.706931174825876951e+01 -3.772917249668389559e+02
6.928762966841459274e+02 1.713881994318217039e+01 -3.784019877184182405e+02
6.945040915459394455e+02 1.721311677526682615e+01 -3.795793788898736238e+02
6.961155986040830612e+02 1.728236048948019743e+01 -3.807166862953454256e+02
6.977823930233716965e+02 1.735103158187121153e+01 -3.818484945762902498e+02
6.994343032091856003e+02 1.742242497485131025e+01 -3.830085173118859529e+02
7.011318719834089279e+02 1.750262763630598783e+01 -3.842205873001366854e+02
7.028600502461194992e+02 1.758718602638691664e+01 -3.854120486248284578e+02
7.045168484896421432e+02 1.766983500402420759e+01 -3.865992314089089632e+02
7.062358205765485764e+02 1.774060714524239302e+01 -3.877386149633675814e+02
7.078934020251035690e+02 1.781771707069128752e+01 -3.888968239296227694e+02
7.095417025536298752e+02 1.789974460285156965e+01 -3.900994685161858797e+02
7.111617030352354050e+02 1.796125821303576231e+01 -3.912159324157983065e+02
7.127983611077070236e+02 1.802429852914065123e+01 -3.922466648090630770e+02
7.144945635050535202e+02 1.810677339415997267e+01 -3.934597062338143587e+02
7.162930441349744797e+02 1.820481345336884260e+01 -3.947578880060464144e+02
7.180974685400724411e+02 1.829427054058760405e+01 -3.959927193392068148e+02
7.198105409592390060e+02 1.836280667316168547e+01 -3.970653379429131746e+02
7.214122177809476852e+02 1.841168823372572660e+01 -3.979843082893639803e+02
7.229070708006620407e+02 1.846540527325123549e+01 -3.989329165685921907e+02
7.243951776474714279e+02 1.852592008840292692e+01 -3.999391203392297029e+02
7.259549470394849777e+02 1.857485222350805998e+01 -4.008449819553643465e+02
7.274841455668210983e+02 1.862610162328928709e+01 -4.017464640010148287e+02
7.290357674807310104e+02 1.867709126602858305e+01 -4.026281640399247408e+02
7.306520367115736008e+02 1.873670023214071989e+01 -4.036193363536149263e+02
7.322624587267637253e+02 1.880420672427862883e+01 -4.046415194142609835e+02
7.338346499651670456e+02 1.885788073670119047e+01 -4.055999699700623751e+02
7.354060118645429611e+02 1.891078689973801374e+01 -4.065351000893861055e+02
7.369277276247739792e+02 1.896835805755108595e+01 -4.075022399891167879e+02
7.385329819172620773e+02 1.903247761260718107e+01 -4.084768723715096712e+02
7.401549188345670700e+02 1.909252480696886778e+01 -4.094382596481591463e+02
7.418052945584058762e+02 1.915220093261450529e+01 -4.103864752519875765e+02
7.434371979683637619e+02 1.921533315908163786e+01 -4.113376551140099764e+02
7.450791897028684616e+02 1.927536279987543821e+01 -4.122714287508279085e+02
7.466965101212263107e+02 1.933718728553503752e+01 -4.131573776472359896e+02
7.483136295527219772e+02 1.938980671297758818e+01 -4.139906322229653597e+02
7.499177929610013962e+02 1.943816408049315214e+01 -4.148350700605660677e+02
7.515503032654523849e+02 1.948700333666056395e+01 -4.156951261032372713e+02
7.531570851057767868e+02 1.953613736759871244e+01 -4.165421962011605501e+02
7.547620475739240646e+02 1.958901813160628080e+01 -4.173968662489205599e+02
7.563628700226545334e+02 1.963811868708580732e+01 -4.182428188193589449e+02
7.579052988737821579e+02 1.969301840942353010e+01 -4.191129649747163057e+02
7.595147748440504074e+02 1.975248879473656416e+01 -4.200118090976029634e+02
7.611334852427244186e+02 1.980690950434654951e+01 -4.208920736778527498e+02
7.627495406121015549e+02 1.986068920325487852e+01 -4.217616307009011507e+02
7.643613831251859665e+02 1.991614172887057066e+01 -4.226330959070473909e+02
7.659380743950605392e+02 1.996944367419928312e+01 -4.234928119648247957e+02
7.674951078146696091e+02 2.002313872706145048e+01 -4.243536791075021029e+02
7.690377595871686935e+02 2.007745506893843412e+01 -4.252572899330407381e+02
7.706193498820066452e+02 2.013195758592337370e+01 -4.261215012539178133e+02
7.722223428934812546e+02 2.019204557966440916e+01 -4.270139973629266024e+02
7.738123015612363815e+02 2.024790568184107542e+01 -4.278752959836274385e+02
7.753858914822340012e+02 2.029586450289934874e+01 -4.287422222960740328e+02
7.769053729027509689e+02 2.034839825611561537e+01 -4.296560376752167940e+02
7.783942898958921432e+02 2.040827412437647581e+01 -4.305833480227738619e+02
7.799279954880475998e+02 2.047179629933089018e+01 -4.315416430104523897e+02
7.814379014223814011e+02 2.052644775342196226e+01 -4.324671174753457308e+02
7.829360795468091965e+02 2.057960391324013472e+01 -4.334009238947182894e+02
7.843941307514905930e+02 2.063235707115381956e+01 -4.343257648218423128e+02
7.858921795338392258e+02 2.068640534114092588e+01 -4.352561910618096590e+02
7.874220538586378098e+02 2.073989863228052855e+01 -4.361852617133408785e+02
7.889659784287214279e+02 2.079876911919564009e+01 -4.371244884599000216e+02
7.905202433317899704e+02 2.085806199442595243e+01 -4.380716795790940523e+02
7.920502559393644333e+02 2.091187288146466017e+01 -4.390027332175523043e+02
7.935510678738355637e+02 2.096602233033627272e+01 -4.399156938660889864e+02
7.951184934824705124e+02 2.102611483912914991e+01 -4.408364492524415255e+02
7.966273050755262375e+02 2.107634824048727751e+01 -4.417323206532746553e+02
7.981529044359922409e+02 2.113658356200903654e+01 -4.426713046301156282e+02
7.996849670857191086e+02 2.119473433028906584e+01 -4.436065940726548433e+02
8.012449244707822800e+02 2.125978912692517042e+01 -4.445729086268693209e+02
8.027611036747694016e+02 2.132400636654347181e+01 -4.455269827712327242e+02
8.043018503636121750e+02 2.138997332286089659e+01 -4.464710371363908052e+02
8.058251048773527145e+02 2.145673877280205488e+01 -4.474098706115037203e+02
8.073659315556287766e+02 2.152175644319504499e+01 -4.483542041648179293e+02
8.088935642689466476e+02 2.158476291876286268e+01 -4.492675592768937349e+02
8.104304520338773727e+02 2.164520280342549086e+01 -4.501736439336091280e+02
8.120139775723218918e+02 2.171244817506521940e+01 -4.511015291083604097e+02
8.136016127318143845e+02 2.177403640281409025e+01 -4.520316516030579805e+02
8.152107031792402267e+02 2.183637655060738325e+01 -4.529533170927315950e+02
8.168426865786314011e+02 2.189541375171393156e+01 -4.538513716924935579e+02
8.184652591198682785e+02 2.195239032339304686e+01 -4.547165118921548128e+02
8.200678933113813400e+02 2.200828354340046644e+01 -4.555897980798035860e+02
8.216400582045316696e+02 2.206132490467280149e+01 -4.564998844731599092e+02
8.231404091566801071e+02 2.211003957223147154e+01 -4.573814344275742769e+02
8.245789621323347092e+02 2.215861093532294035e+01 -4.582135554421693087e+02
8.260912968367338181e+02 2.221031193714588881e+01 -4.591172778476029634e+02
8.275717990845441818e+02 2.227093110512942076e+01 -4.599974624980241060e+02
8.291348979920148849e+02 2.231106633227318525e+01 -4.608654578793793917e+02
8.307166853398084641e+02 2.235509236436337233e+01 -4.617363003958016634e+02
8.323056679219007492e+02 2.239884811919182539e+01 -4.625765813458710909e+02
8.338751835078001022e+02 2.244119154196232557e+01 -4.633946086633950472e+02
8.354631956070661545e+02 2.248852731566876173e+01 -4.642604521382600069e+02
8.370477917641401291e+02 2.254002170544117689e+01 -4.651550185550004244e+02
8.386242524832487106e+02 2.258599587064236403e+01 -4.660591004956513643e+02
8.402633502930402756e+02 2.264496393036097288e+01 -4.669646614659577608e+02
8.418538864105939865e+02 2.268681584578007460e+01 -4.678065944183617830e+02
8.434113101214170456e+02 2.273783059697598219e+01 -4.686396587360650301e+02
8.450108178108930588e+02 2.278710694890469313e+01 -4.695129065979272127e+02
8.466745762079954147e+02 2.284386629145592451e+01 -4.704011742938309908e+02
8.483278390616178513e+02 2.289402779471129179e+01 -4.712635659445077181e+02
8.500015895813703537e+02 2.293837848585098982e+01 -4.720892798174172640e+02
8.516858061999082565e+02 2.298103876691311598e+01 -4.729130112398415804e+02
8.533056438416242599e+02 2.302800463419407606e+01 -4.737665089834481478e+02
8.549287423342466354e+02 2.307143242191523314e+01 -4.746210109461098909e+02
8.564760928601026535e+02 2.311008940171450377e+01 -4.754535459149628878e+02
8.580182205885648727e+02 2.314581542741507292e+01 -4.762670291531831026e+02
8.595440358370542526e+02 2.318075772654265165e+01 -4.770774042475968599e+02
8.610694992989301682e+02 2.321620612125843763e+01 -4.778848268855363131e+02
8.626287117451429367e+02 2.325144274812191725e+01 -4.787158367503434420e+02
8.642559595555067062e+02 2.329946938436478376e+01 -4.795657451022416353e+02
8.658485076874494553e+02 2.334036456327885389e+01 -4.803523313272744417e+02
8.674087353199720383e+02 2.336977333296090364e+01 -4.811041660774499178e+02
8.689095448702573776e+02 2.339822172280400991e+01 -4.818598013985902071e+02
8.704949503391981125e+02 2.342534079495817423e+01 -4.825936610568314791e+02
8.720993966311216354e+02 2.345959404949098825e+01 -4.833330314029008150e+02
8.738209970444440842e+02 2.350045286212116480e+01 -4.841182107795029879e+02
8.754745463579893112e+02 2.353572002146393061e+01 -4.848829183448106050e+02
8.770853217095136642e+02 2.358007724676281214e+01 -4.857129423487931490e+02
8.787665013521909714e+02 2.362023542169481516e+01 -4.865368500817567110e+02
8.804791847914457321e+02 2.366006953362375498e+01 -4.873866374362260103e+02
8.820813526362180710e+02 2.369585746619850397e+01 -4.881900303829461336e+02
8.837267671078443527e+02 2.374051598552614450e+01 -4.889954132307320833e+02
8.853965533226728439e+02 2.378606893215328455e+01 -4.898174708951264620e+02
8.869531666487455368e+02 2.382876335922628641e+01 -4.906139083374291658e+02
8.885730402916669846e+02 2.390260688308626413e+01 -4.915714467037469149e+02
8.901197692602872849e+02 2.397126156184822321e+01 -4.924631036985665560e+02
8.916672926396131516e+02 2.402942945156246424e+01 -4.933365984428673983e+02
8.932590543478727341e+02 2.408293181005865335e+01 -4.941429291833192110e+02
8.948925368040800095e+02 2.412244697753340006e+01 -4.948985289204865694e+02
8.966130719631910324e+02 2.417869985941797495e+01 -4.957538488376885653e+02
8.982060763090848923e+02 2.421986595634371042e+01 -4.965436747539788485e+02
8.999638858288526535e+02 2.428474015835672617e+01 -4.974603970516473055e+02
9.015665253847837448e+02 2.433690831158310175e+01 -4.983046651352196932e+02
9.030924665182828903e+02 2.439487017784267664e+01 -4.991330105531960726e+02
9.047228305786848068e+02 2.445981328282505274e+01 -5.000207226146012545e+02
9.062850550860166550e+02 2.452247080300003290e+01 -5.008695609439164400e+02
9.078884971588850021e+02 2.458430019114166498e+01 -5.017105285394936800e+02
9.093464624136686325e+02 2.463743048999458551e+01 -5.024419518578797579e+02
9.109993961304426193e+02 2.469722086284309626e+01 -5.032698556054383516e+02
9.125928752869367599e+02 2.475505723152309656e+01 -5.040900596845895052e+02
9.140915856808423996e+02 2.478142035659402609e+01 -5.047872812617570162e+02
9.155102489441633224e+02 2.481111126486212015e+01 -5.054814272988587618e+02
9.169982374161481857e+02 2.485495995078235865e+01 -5.062338496316224337e+02
9.186197238415479660e+02 2.489981201384216547e+01 -5.070096410382539034e+02
9.202902633398771286e+02 2.493660014960914850e+01 -5.077715017069131136e+02
9.220271712988615036e+02 2.497189204487949610e+01 -5.085005531776696444e+02
9.237237644642591476e+02 2.500238967221230268e+01 -5.092031732071191072e+02
9.254341950863599777e+02 2.503514358680695295e+01 -5.099454091060906649e+02
9.270901680439710617e+02 2.506740256678313017e+01 -5.106658645141869783e+02
9.288200040310621262e+02 2.511456577759236097e+01 -5.114739298690110445e+02
9.305191809386014938e+02 2.514562675077468157e+01 -5.122576567400246859e+02
9.321634945124387741e+02 2.517439206596463919e+01 -5.130402833689004183e+02
9.338748224228620529e+02 2.520745315309613943e+01 -5.138444915283471346e+02
9.356224551647901535e+02 2.524573665019124746e+01 -5.146809733975678682e+02
9.373640044182538986e+02 2.528723744954913855e+01 -5.155278353560715914e+02
9.390654346197843552e+02 2.531577561143785715e+01 -5.163172171581536531e+02
9.407271721810102463e+02 2.535116355959326029e+01 -5.170947177279740572e+02
9.425474659651517868e+02 2.539784212503582239e+01 -5.179181329477578402e+02
9.444364434927701950e+02 2.543465805146843195e+01 -5.187649868000298738e+02
9.462500246018171310e+02 2.547582171950489283e+01 -5.196432314384728670e+02
9.480010263174772263e+02 2.551476356480270624e+01 -5.204947464931756258e+02
9.496773357838392258e+02 2.556138223502784967e+01 -5.213840926159173250e+02
9.513973339051008224e+02 2.559718414489179850e+01 -5.221994829643517733e+02
9.530922435969114304e+02 2.563958139065653086e+01 -5.230358914602547884e+02
9.547804229706525803e+02 2.566929426696151495e+01 -5.237850735057145357e+02
9.564806386679410934e+02 2.569775643665343523e+01 -5.245182697642594576e+02
9.581349958628416061e+02 2.571347786393016577e+01 -5.252035579551011324e+02
9.597696900814771652e+02 2.572402939293533564e+01 -5.258626406062394381e+02
9.614493961781263351e+02 2.574697519373148680e+01 -5.265930967200547457e+02
9.632414662092924118e+02 2.576809205953031778e+01 -5.273834953177720308e+02
9.650796473473310471e+02 2.581021834257990122e+01 -5.282731883395463228e+02
9.669913310259580612e+02 2.585191635880619287e+01 -5.291826056111603975e+02
9.687815959900617599e+02 2.588798686955124140e+01 -5.300274816621094942e+02
9.705845704525709152e+02 2.592474033776670694e+01 -5.308709094393998384e+02
9.722611688822507858e+02 2.594219507183879614e+01 -5.316314382422715425e+02
9.738802682608366013e+02 2.595898781437426805e+01 -5.323693676460534334e+02
9.754918096512556076e+02 2.597166785132139921e+01 -5.330236535537987947e+02
9.771534477919340134e+02 2.598781406227499247e+01 -5.337528430689126253e+02
9.787824700325727463e+02 2.600134369637817144e+01 -5.344521313179284334e+02
9.804127123802900314e+02 2.602103300485759974e+01 -5.351716282237321138e+02
9.820588219612836838e+02 2.604311354365199804e+01 -5.358747404683381319e+02
9.837299050539731979e+02 2.606282449234277010e+01 -5.365595943797379732e+02
9.853687090128660202e+02 2.608679751586169004e+01 -5.372639096248894930e+02
9.870073684900999069e+02 2.611071413103491068e+01 -5.379678680170327425e+02
9.886958339661359787e+02 2.613714359235018492e+01 -5.386892093885689974e+02
9.903682754486799240e+02 2.615960037428885698e+01 -5.394124739635735750e+02
9.920151170939207077e+02 2.617824023123830557e+01 -5.400983211267739534e+02
9.936644931286573410e+02 2.619592103082686663e+01 -5.407851489055901766e+02
9.952658818215131760e+02 2.622163057979196310e+01 -5.415304827559739351e+02
9.969259212464094162e+02 2.625065143126994371e+01 -5.422766353953629732e+02
9.986191854923963547e+02 2.627461322676390409e+01 -5.430085961688309908e+02
1.000287369176745415e+03 2.630132927838712931e+01 -5.437648547757416964e+02
1.001915938183665276e+03 2.632859164383262396e+01 -5.445149071086198092e+02
1.003478815361857414e+03 2.635265320260077715e+01 -5.452452476490288973e+02
1.004974147960543633e+03 2.637826595362275839e+01 -5.459717453587800264e+02
1.006464959546923637e+03 2.640114722494035959e+01 -5.466818758118897676e+02
1.008106549069285393e+03 2.642639215569943190e+01 -5.473952247370034456e+02
1.009623017475008965e+03 2.644532277900725603e+01 -5.480936126578599215e+02
1.011229271098971367e+03 2.647064728941768408e+01 -5.488392560351639986e+02
1.012853696629405022e+03 2.649631137866526842e+01 -5.495784025061875582e+02
1.014520759031176567e+03 2.652547321747988462e+01 -5.502930173743516207e+02
1.016128811165690422e+03 2.654385206196457148e+01 -5.509769525993615389e+02
1.017775545880198479e+03 2.656613203044980764e+01 -5.517054018247872591e+02
1.019422220155596733e+03 2.658007415104657412e+01 -5.524156372416764498e+02
1.021202770039439201e+03 2.659962338488548994e+01 -5.532095470298081636e+02
1.023051859542727470e+03 2.663647380750626326e+01 -5.541027687657624483e+02
1.024883741542696953e+03 2.666742915008217096e+01 -5.548844652045518160e+02
1.026601811334490776e+03 2.670133831445127726e+01 -5.557016261685639620e+02
1.028408271595835686e+03 2.673534716013818979e+01 -5.565735829938203096e+02
1.030177595540881157e+03 2.676622347813099623e+01 -5.574021321404725313e+02
1.031961764976382256e+03 2.680062390398234129e+01 -5.582423316109925508e+02
1.033734890744090080e+03 2.682887533772736788e+01 -5.590640896428376436e+02
1.035441685125231743e+03 2.686058744508773088e+01 -5.598899905551224947e+02
1.037170917794108391e+03 2.688866523560136557e+01 -5.606811838019639254e+02
1.038877740189433098e+03 2.691801267955452204e+01 -5.614767079222947359e+02
1.040621505424380302e+03 2.695001940522342920e+01 -5.622912790644913912e+02
1.042369600102305412e+03 2.697712398599833250e+01 -5.631013644803315401e+02
1.044112867757678032e+03 2.700262111891061068e+01 -5.639179527033120394e+02
1.045942042514681816e+03 2.703747108299285173e+01 -5.647788854707032442e+02
1.047767240330576897e+03 2.707319549191743135e+01 -5.656458392012864351e+02
1.049523319050669670e+03 2.711406234372407198e+01 -5.665552567113190889e+02
1.051324234053492546e+03 2.715572946239262819e+01 -5.674943916071206331e+02
1.053075084373354912e+03 2.719533031154423952e+01 -5.684123261440545321e+02
1.054853167101740837e+03 2.722927871067076921e+01 -5.692785063255578279e+02
1.056654897853732109e+03 2.725643536355346441e+01 -5.700985153783112764e+02
1.058430091664195061e+03 2.728591025341302156e+01 -5.709261751044541597e+02
1.060211932703852654e+03 2.731152963172644377e+01 -5.717315178979188204e+02
1.061979891225695610e+03 2.733358041662722826e+01 -5.725245731342583895e+02
1.063729305073618889e+03 2.735282149445265532e+01 -5.732925513256341219e+02
1.065438080474734306e+03 2.737156279478222132e+01 -5.740227636564522982e+02
1.067192021176218987e+03 2.739966813381761312e+01 -5.748467608559876680e+02
1.068988515660166740e+03 2.743251157458871603e+01 -5.757309766877442598e+02
1.070760562106966972e+03 2.746286649350076914e+01 -5.765822841990739107e+02
1.072553727075457573e+03 2.749989556614309549e+01 -5.774315717089921236e+02
1.074243441864848137e+03 2.752997465338557959e+01 -5.783438206184655428e+02
1.076019731685519218e+03 2.756853203382343054e+01 -5.792291995156556368e+02
1.077639305278658867e+03 2.759273945260792971e+01 -5.800674807298928499e+02
1.079337394759058952e+03 2.762815889436751604e+01 -5.809432463515549898e+02
1.081003695175051689e+03 2.765144567098468542e+01 -5.817893739808350801e+02
1.082552637502551079e+03 2.768542234506458044e+01 -5.826721064914017916e+02
1.084173049494624138e+03 2.773526858445256948e+01 -5.835994541514664888e+02
1.085844680234789848e+03 2.778224160429090261e+01 -5.845077725518494844e+02
1.087580649897456169e+03 2.781966289039701223e+01 -5.854255914557725191e+02
1.089260207697749138e+03 2.785350847151130438e+01 -5.862189681399613619e+02
1.090962212130427361e+03 2.788443574029952288e+01 -5.870517349112778902e+02
1.092696679279208183e+03 2.791661340463906527e+01 -5.878691610563546419e+02
1.094396656081080437e+03 2.795528544206172228e+01 -5.887000132072716951e+02
1.096083876535296440e+03 2.798691039253026247e+01 -5.895840142238885164e+02
1.097747160479426384e+03 2.801393030118197203e+01 -5.904595455396920443e+02
1.099410423800349236e+03 2.803417623508721590e+01 -5.912406497467309237e+02
1.101136821314692497e+03 2.806143177580088377e+01 -5.920296882856637239e+02
1.102855627700686455e+03 2.809291874151676893e+01 -5.928278890717774630e+02
1.104548692032694817e+03 2.813136751484125853e+01 -5.936382905114442110e+02
1.106212120339274406e+03 2.816346913855522871e+01 -5.944884680379182100e+02
1.107917283698916435e+03 2.819517624657601118e+01 -5.953596978653222322e+02
1.109619618579745293e+03 2.822408939618617296e+01 -5.962114102113991976e+02
1.111348146960139275e+03 2.825479094590991735e+01 -5.970818843115121126e+02
1.113092693015933037e+03 2.828780545946210623e+01 -5.979202137459069490e+02
1.114808908984065056e+03 2.831955472286790609e+01 -5.987249403465539217e+02
1.116517352864146233e+03 2.835654577519744635e+01 -5.995324916113168001e+02
1.118319145843386650e+03 2.839303781744092703e+01 -6.003931947220116854e+02
1.120068724080920219e+03 2.841775861848145723e+01 -6.011817372310906649e+02
1.121779585286974907e+03 2.843588148336857557e+01 -6.018781661856919527e+02
1.123497671529650688e+03 2.845598765183240175e+01 -6.026056301463395357e+02
1.125302310034632683e+03 2.847635367419570684e+01 -6.033526215422898531e+02
1.127091982528567314e+03 2.850262383837252855e+01 -6.040918426979333162e+02
1.128903572484850883e+03 2.852390196453779936e+01 -6.048097790945321321e+02
1.130626868054270744e+03 2.853464606497436762e+01 -6.054950540531426668e+02
1.132502057239413261e+03 2.855816289689391851e+01 -6.062607410419732332e+02
1.134322555467486382e+03 2.858340770471841097e+01 -6.070356455314904451e+02
1.136054441258311272e+03 2.861255131196230650e+01 -6.077386472690850496e+02
1.137815510436892509e+03 2.862990187201648951e+01 -6.084389864671975374e+02
1.139518553301692009e+03 2.864948920812457800e+01 -6.091349820960313082e+02
1.141258360311388969e+03 2.866523094940930605e+01 -6.097655199635773897e+02
1.142941921994090080e+03 2.868545623403042555e+01 -6.105201032031327486e+02
1.144541059300303459e+03 2.871135890576988459e+01 -6.113727156985551119e+02
1.146234822198748589e+03 2.873547071870416403e+01 -6.121611131299287081e+02
1.147979502364993095e+03 2.875672340113669634e+01 -6.129296058285981417e+02
1.149759683534502983e+03 2.877595096360892057e+01 -6.136689337361603975e+02
1.151499825045466423e+03 2.879003562126308680e+01 -6.143721659649163485e+02
1.153213637992739677e+03 2.880055193882435560e+01 -6.150566966999322176e+02
1.154952406927943230e+03 2.882165870908647776e+01 -6.157697338331490755e+02
1.156602467462420464e+03 2.884004111494868994e+01 -6.164893532264977694e+02
1.158297652766108513e+03 2.885825393814593554e+01 -6.171928687561303377e+02
1.160047982737421989e+03 2.887703800853341818e+01 -6.178894791472703218e+02
1.161768115803599358e+03 2.888453700859099627e+01 -6.185809137094765902e+02
1.163412501260638237e+03 2.888904556538909674e+01 -6.191980867255479097e+02
1.165198418542742729e+03 2.890294759441167116e+01 -6.198905823696404696e+02
1.167054016754031181e+03 2.891601220797747374e+01 -6.205854005087167025e+02
1.168851419016718864e+03 2.893485123012214899e+01 -6.212825450170785189e+02
1.170635921403765678e+03 2.895106066670268774e+01 -6.219938509929925203e+02
1.172363823816180229e+03 2.896583717782050371e+01 -6.226833156216889620e+02
1.174096531435847282e+03 2.897944395896047354e+01 -6.233803313840180635e+02
1.175841129466891289e+03 2.899437925685197115e+01 -6.240726315844804049e+02
1.177557847663760185e+03 2.900726114120334387e+01 -6.247379402387887239e+02
1.179169873520731926e+03 2.901135381776839495e+01 -6.253606625664979219e+02
1.180789219424128532e+03 2.901973141264170408e+01 -6.260148172248154879e+02
1.182480663225054741e+03 2.903729952964931726e+01 -6.267098795045167208e+02
1.184070967361330986e+03 2.904852639418095350e+01 -6.273321204055100679e+02
1.185765869066119194e+03 2.906472069118171930e+01 -6.279989639390259981e+02
1.187443279191851616e+03 2.907206351589411497e+01 -6.286400433052331209e+02
1.189068126723170280e+03 2.907561957929283381e+01 -6.292697597611695528e+02
1.190679192706942558e+03 2.908140230085700750e+01 -6.299001636970788240e+02
1.192290546938776970e+03 2.908847384247928858e+01 -6.305347192753106356e+02
1.193907855793833733e+03 2.909582532104104757e+01 -6.311669881809502840e+02
1.195527226135134697e+03 2.910162257123738527e+01 -6.317827093470841646e+02
1.197173865005373955e+03 2.911272223573178053e+01 -6.324120681751519442e+02
1.198817444369196892e+03 2.911751427594572306e+01 -6.330179780591279268e+02
1.200453257605433464e+03 2.912257917132228613e+01 -6.336389484275132418e+02
1.202085888311266899e+03 2.912340773362666368e+01 -6.342638636101037264e+02
1.203733075782656670e+03 2.912466173153370619e+01 -6.349043952096253633e+02
1.205366348311305046e+03 2.912497256789356470e+01 -6.355577956903725863e+02
1.206968067571520805e+03 2.913167419936507940e+01 -6.362262235153466463e+02
1.208566782996058464e+03 2.912842797208577394e+01 -6.368082387316972017e+02
1.210080281302332878e+03 2.912808177154511213e+01 -6.373752282131463289e+02
1.211660001203417778e+03 2.912638998869806528e+01 -6.379825792778283358e+02
1.213180671498179436e+03 2.912758871819823980e+01 -6.385992222893983126e+02
1.214670152708888054e+03 2.912944689113646746e+01 -6.392501854766160250e+02
1.216236210986971855e+03 2.912788331788033247e+01 -6.399166458118706942e+02
1.217820299908518791e+03 2.912559370789676905e+01 -6.405938706267625093e+02
1.219401101276278496e+03 2.913361055310815573e+01 -6.413002121318131685e+02
1.220950014874339104e+03 2.913931325543671846e+01 -6.419666704405099154e+02
1.222554050013422966e+03 2.915702717285603285e+01 -6.427101714480668306e+02
1.224186820432543755e+03 2.917479749117046595e+01 -6.434323373306542635e+02
1.225763253256678581e+03 2.918996222224086523e+01 -6.441481157410889864e+02
1.227282551094889641e+03 2.920182329509407282e+01 -6.448515592087060213e+02
1.228762874171137810e+03 2.921052612643688917e+01 -6.455418321955949068e+02
1.230251806542277336e+03 2.921705810446292162e+01 -6.462475657332688570e+02
1.231792627260088921e+03 2.922581655066460371e+01 -6.469609824288636446e+02
1.233357449337840080e+03 2.923272453714162111e+01 -6.476583666075021029e+02
1.234956254765391350e+03 2.924443117063492537e+01 -6.483755153883248568e+02
1.236473463937640190e+03 2.924013697821646929e+01 -6.489628509748727083e+02
1.238046437785029411e+03 2.924001477565616369e+01 -6.496292788255959749e+02
1.239564070269465446e+03 2.924739961791783571e+01 -6.503035465944558382e+02
1.241063845679163933e+03 2.925606264080852270e+01 -6.509566855300217867e+02
1.242587860986590385e+03 2.926296291965991259e+01 -6.516273345816880465e+02
1.244119153544306755e+03 2.927010979782789946e+01 -6.522793040145188570e+02
1.245633620545268059e+03 2.927341640833765268e+01 -6.529394081700593233e+02
1.247122905299067497e+03 2.927365721669048071e+01 -6.536364338267594576e+02
1.248706030890345573e+03 2.928042935300618410e+01 -6.543532468546181917e+02
1.250233454033732414e+03 2.930184317659586668e+01 -6.549992665518075228e+02
1.251793981716036797e+03 2.932504561264067888e+01 -6.556711018551141024e+02
1.253338700339198112e+03 2.934539536293596029e+01 -6.562842715848237276e+02
1.254853183910250664e+03 2.936627844441682100e+01 -6.569295748341828585e+02
1.256423371836543083e+03 2.938826968055218458e+01 -6.575155899394303560e+02
1.258030288740992546e+03 2.941227278206497431e+01 -6.581400751341134310e+02
1.259598570272326469e+03 2.943104281183332205e+01 -6.587982676494866610e+02
1.261184350535273552e+03 2.944791619200259447e+01 -6.594548756349831820e+02
1.262736326500773430e+03 2.946390447299927473e+01 -6.600659679044038057e+02
1.264245988771319389e+03 2.947943655494600534e+01 -6.606711639035493135e+02
1.265802074477076530e+03 2.948865741398185492e+01 -6.612804326284676790e+02
1.267357341811060905e+03 2.949779788125306368e+01 -6.618892877567559481e+02
1.268884947344660759e+03 2.951199033018201590e+01 -6.625149062145501375e+02
1.270395881339907646e+03 2.952240501809865236e+01 -6.630854550469666719e+02
1.271953758761286736e+03 2.952226346265524626e+01 -6.636982339490205050e+02
1.273493554159998894e+03 2.952671017590910196e+01 -6.642934446204453707e+02
1.275066484495997429e+03 2.952759381290525198e+01 -6.648666717875748873e+02
1.276543970271945000e+03 2.951395508740097284e+01 -6.654406498540192842e+02
1.278118680045008659e+03 2.951225939672440290e+01 -6.660277003515511751e+02
1.279553412124514580e+03 2.950452759210020304e+01 -6.665581445563584566e+02
1.280984342977404594e+03 2.949852915015071630e+01 -6.671136301029473543e+02
1.282427244827151299e+03 2.948343266639858484e+01 -6.676191710103303194e+02
1.283841950342059135e+03 2.946149120759218931e+01 -6.681414903271943331e+02
1.285280276700854301e+03 2.944740665424615145e+01 -6.686217117775231600e+02
1.286720117256045341e+03 2.943485100846737623e+01 -6.691312072146683931e+02
1.288196557447314262e+03 2.942381351534277201e+01 -6.696448632348328829e+02
1.289650487586855888e+03 2.941601424571126699e+01 -6.701353398431092501e+02
1.291083017513155937e+03 2.939533989597111940e+01 -6.705961245168000460e+02
1.292469994232058525e+03 2.939083092380315065e+01 -6.710825725067406893e+02
1.293865357801318169e+03 2.938283535372465849e+01 -6.715780379045754671e+02
1.295237431451678276e+03 2.937071985844522715e+01 -6.720594857800751925e+02
1.296566178962588310e+03 2.936246494855731726e+01 -6.725108773577958345e+02
1.297893158957362175e+03 2.933814068604260683e+01 -6.729577119518071413e+02
1.299151929423213005e+03 2.930299153644591570e+01 -6.733461946416646242e+02
1.300378448888659477e+03 2.927712672483175993e+01 -6.737268607486039400e+02
1.301656485721468925e+03 2.925065616983920336e+01 -6.741137140858918428e+02
1.302932644054293633e+03 2.925008801650255919e+01 -6.745111323464661837e+02
1.304010606452822685e+03 2.922616864833980799e+01 -6.747983604837208986e+02
1.305262238785624504e+03 2.922031272109597921e+01 -6.751469992268830538e+02
1.306356368228793144e+03 2.919217164162546396e+01 -6.754476994741708040e+02
1.307578073784708977e+03 2.918619216885417700e+01 -6.758319184053689241e+02
1.308760128542780876e+03 2.917737447936087847e+01 -6.762157753575593233e+02
1.310107726141810417e+03 2.918168662022799253e+01 -6.766482782531529665e+02
1.311389353916049004e+03 2.918350336235016584e+01 -6.770632243324071169e+02
1.312683516308665276e+03 2.918153961654752493e+01 -6.774956504870206118e+02
1.314003630086779594e+03 2.918523444514721632e+01 -6.779264810550957918e+02
1.315326021358370781e+03 2.919517386797815561e+01 -6.783834417928010225e+02
1.316681728407740593e+03 2.920980965066701174e+01 -6.788471468556672335e+02
1.318045806214213371e+03 2.922580860834568739e+01 -6.793488098252564669e+02
1.319295618578791618e+03 2.923447569552809000e+01 -6.798241710830479860e+02
1.320570583626627922e+03 2.924830806534737349e+01 -6.802921741772443056e+02
1.321768730685114861e+03 2.925106018129736185e+01 -6.807201017905026674e+02
1.322976256892085075e+03 2.925545372720807791e+01 -6.811733792889863253e+02
1.324093296572566032e+03 2.925746073108166456e+01 -6.816152640152722597e+02
1.325159576103091240e+03 2.924811539053916931e+01 -6.820360408890992403e+02
1.326260790631175041e+03 2.923709462769329548e+01 -6.823977054823189974e+02
1.327403596803545952e+03 2.923311759531497955e+01 -6.828052642215043306e+02
1.328500226423144341e+03 2.922869874536991119e+01 -6.832229656446725130e+02
1.329661294981837273e+03 2.923141403123736382e+01 -6.836845122147351503e+02
1.330839295074343681e+03 2.922511067241430283e+01 -6.841005590129643679e+02
1.331929863974452019e+03 2.921401093900203705e+01 -6.845137305427342653e+02
1.333089778110384941e+03 2.921027211006730795e+01 -6.849645582009106874e+02
1.334154144212603569e+03 2.919375182222574949e+01 -6.853759843874722719e+02
1.335186529323458672e+03 2.917327010165899992e+01 -6.857731735277920961e+02
1.336247136041522026e+03 2.915348819177597761e+01 -6.861125555206090212e+02
1.337312056347727776e+03 2.913350926619023085e+01 -6.864695137310773134e+02
1.338425652429461479e+03 2.911951111257076263e+01 -6.868606242705136538e+02
1.339512584015727043e+03 2.909876148775219917e+01 -6.872519288230687380e+02
1.340580580875277519e+03 2.907619937136769295e+01 -6.876497591305524111e+02
1.341667639061808586e+03 2.905806606076657772e+01 -6.880652045179158449e+02
1.342733234927058220e+03 2.904526667390018702e+01 -6.884939733315259218e+02
1.343740078970789909e+03 2.902723692450672388e+01 -6.889163769055157900e+02
1.344748741313815117e+03 2.902762573305517435e+01 -6.893926960397511721e+02
1.345717876419425011e+03 2.902884353231638670e+01 -6.898860913682729006e+02
1.346806282863020897e+03 2.903486055973917246e+01 -6.904080674219876528e+02
1.347823558315634727e+03 2.903115229029208422e+01 -6.909107552338391542e+02
1.348910060510039330e+03 2.905207179393619299e+01 -6.914505027104169130e+02
1.349726380571722984e+03 2.903591237682849169e+01 -6.918627030123025179e+02
1.350652227029204369e+03 2.904845616128295660e+01 -6.923956517446786165e+02
1.351580205842852592e+03 2.907958544883877039e+01 -6.930226009953767061e+02
1.352584131881594658e+03 2.912003234867006540e+01 -6.936774982083588839e+02
1.353449280068278313e+03 2.914522412698715925e+01 -6.943078291285783052e+02
1.354370265886187553e+03 2.915952109452337027e+01 -6.949417369235306978e+02
1.355256482645869255e+03 2.918551905918866396e+01 -6.956445222962647676e+02
1.356153891608119011e+03 2.922688388545066118e+01 -6.963521472085267305e+02
1.357038428947329521e+03 2.928024887014180422e+01 -6.970887979138642550e+02
1.357929105326533318e+03 2.933293398190289736e+01 -6.978410897124558687e+02
1.358794311091303825e+03 2.938626174349337816e+01 -6.986815283764153719e+02
1.359793983504176140e+03 2.945882112998515368e+01 -6.995660932529717684e+02
1.360623867437243462e+03 2.951386513281613588e+01 -7.003957410324364901e+02
1.361400498434901237e+03 2.955891864467412233e+01 -7.012194994557648897e+02
1.362328403636813164e+03 2.963497324753552675e+01 -7.021863502729684114e+02
1.363162904128432274e+03 2.969867812562733889e+01 -7.030472053159028292e+02
1.364039227113127708e+03 2.977014489937573671e+01 -7.041138280499726534e+02
1.364763185843825340e+03 2.982818413991481066e+01 -7.050801604855805635e+02
1.365451911970973015e+03 2.990474462974816561e+01 -7.061170523036271334e+02
1.366135958716273308e+03 2.998712340462952852e+01 -7.072777134049683809e+02
1.366709325656294823e+03 3.005151036847382784e+01 -7.082434156406670809e+02
1.367352055415511131e+03 3.011402823496609926e+01 -7.092915658224374056e+02
1.368022513493895531e+03 3.019121740479022264e+01 -7.104160538185387850e+02
1.368764328524470329e+03 3.027911030966788530e+01 -7.115390468109399080e+02
1.369301855966448784e+03 3.031548404414206743e+01 -7.126025057304650545e+02
1.369893980309367180e+03 3.037761421967297792e+01 -7.138303256500512362e+02
1.370472064837813377e+03 3.044336911756545305e+01 -7.150738527048379183e+02
1.371012936577200890e+03 3.051639117021113634e+01 -7.163479336965829134e+02
1.371580019280314445e+03 3.058895179349929094e+01 -7.175649521816521883e+02
1.372052348360419273e+03 3.063646191824227571e+01 -7.186515750158578157e+02
1.372493390187621117e+03 3.069653788674622774e+01 -7.198530148733407259e+02
1.372881245002150536e+03 3.075491950381547213e+01 -7.210406722296029329e+02
1.373263310179114342e+03 3.080948308575898409e+01 -7.222910025585442781e+02
1.373532047405838966e+03 3.084625951666384935e+01 -7.234140427578240633e+02
1.373806573316454887e+03 3.087545829545706511e+01 -7.245421309936791658e+02
1.374022967994213104e+03 3.092522537987679243e+01 -7.256941003073006868e+02
1.374256304502487183e+03 3.098994533997029066e+01 -7.269027321804314852e+02
1.374374510213732719e+03 3.102899007778614759e+01 -7.280682720411568880e+02
1.374479220420122147e+03 3.107207947503775358e+01 -7.293843977916985750e+02
1.374525394126772881e+03 3.109999308083206415e+01 -7.305697075594216585e+02
1.374531341284513474e+03 3.112519411649554968e+01 -7.317673320043832064e+02
1.374626877382397652e+03 3.116275443788617849e+01 -7.329666864145547152e+02
1.374717943340539932e+03 3.119024667982012033e+01 -7.341575998533517122e+02
1.374809105023741722e+03 3.122725550923496485e+01 -7.354037027824670076e+02
1.374807572871446609e+03 3.125771496351808310e+01 -7.365338145960122347e+02
1.374734933301806450e+03 3.129780866112560034e+01 -7.376394640672951937e+02
1.374603813230991364e+03 3.132542900834232569e+01 -7.387284650076180696e+02
1.374494993135333061e+03 3.133993184100836515e+01 -7.398417348135262728e+02
1.374374613583087921e+03 3.135548438969999552e+01 -7.409920751322060823e+02
1.374252214774489403e+03 3.137013392429798841e+01 -7.422200662363320589e+02
1.374109688460826874e+03 3.137924894783645868e+01 -7.433931522835046053e+02
1.373945993348956108e+03 3.139612093474715948e+01 -7.446054459083825350e+02
1.373722877353429794e+03 3.142257048655301332e+01 -7.457588667143136263e+02
1.373383377939462662e+03 3.148288497794419527e+01 -7.469924924839287996e+02
1.372894011884927750e+03 3.155218347627669573e+01 -7.482341692913323641e+02
1.372411343187093735e+03 3.162125955242663622e+01 -7.493928117025643587e+02
1.371807283490896225e+03 3.170302184391766787e+01 -7.506189661491662264e+02
1.371305853813886642e+03 3.171190110500901937e+01 -7.517785902488976717e+02
1.370829098194837570e+03 3.174457169976085424e+01 -7.528792777527123690e+02
1.370306344598531723e+03 3.177937999274581671e+01 -7.540192454326897860e+02
1.369747776418924332e+03 3.184321682062000036e+01 -7.551434956062585115e+02
1.369267736881971359e+03 3.190155774261802435e+01 -7.562965251673012972e+02
1.368727210015058517e+03 3.199305851664394140e+01 -7.574449142683297396e+02
1.368155129581689835e+03 3.210012226458638906e+01 -7.586396210659295321e+02
1.367542933791875839e+03 3.220617057289928198e+01 -7.598170145023614168e+02
1.366807500988245010e+03 3.224494079407304525e+01 -7.610017930734902620e+02
1.365902314096689224e+03 3.235840215440839529e+01 -7.620764184463769197e+02
1.365055702954530716e+03 3.242113026138395071e+01 -7.630555813182145357e+02
1.364165559560060501e+03 3.249644594546407461e+01 -7.639194693434983492e+02
1.363235693484544754e+03 3.259091633465141058e+01 -7.648146005142480135e+02
1.362197357565164566e+03 3.264401440229266882e+01 -7.655960684288293123e+02
1.361333475202322006e+03 3.271277667488902807e+01 -7.663340676892548800e+02
1.360513854473829269e+03 3.276990310754626989e+01 -7.670023848880082369e+02
1.359553582638502121e+03 3.285153230931609869e+01 -7.677154567111283541e+02
1.358612856596708298e+03 3.292136868741363287e+01 -7.683599669802933931e+02
1.357645279020071030e+03 3.301659241970628500e+01 -7.689516230691224337e+02
1.356618965119123459e+03 3.309855957236140966e+01 -7.695698535311967134e+02
1.355542056769132614e+03 3.319551860447973013e+01 -7.700887313950806856e+02
1.354401362746953964e+03 3.326820150669664145e+01 -7.706888118851929903e+02
1.353202496260404587e+03 3.334608950372785330e+01 -7.712522605527192354e+02
1.352000914186239243e+03 3.346043492015451193e+01 -7.717815193999558687e+02
1.350876347154378891e+03 3.360938567575067282e+01 -7.722227703500539064e+02
1.349789570778608322e+03 3.373685034271329641e+01 -7.725633591581135988e+02
1.348584263414144516e+03 3.387183388229459524e+01 -7.729223598707467318e+02
1.347314433187246323e+03 3.405279717501252890e+01 -7.733909660447388887e+02
1.346023442476987839e+03 3.422145550604909658e+01 -7.738242094386368990e+02
1.344747268289327621e+03 3.435449973400682211e+01 -7.742553028631955385e+02
1.343506519049406052e+03 3.448884508665651083e+01 -7.746501218248158693e+02
1.342277425378561020e+03 3.463205208536237478e+01 -7.750214221645146608e+02
1.341015883415937424e+03 3.474004713352769613e+01 -7.753949574995785952e+02
1.339837363094091415e+03 3.480197296198457479e+01 -7.757247543502599001e+02
1.338748783200979233e+03 3.485894387122243643e+01 -7.760385453272610903e+02
1.337482436031103134e+03 3.495207933243364096e+01 -7.763893493581563234e+02
1.336233580559492111e+03 3.502838609274476767e+01 -7.767589210737496614e+02
1.334957861512899399e+03 3.507563395705074072e+01 -7.770282664466649294e+02
1.333650212019681931e+03 3.514119739737361670e+01 -7.773270762134343386e+02
1.332300925940275192e+03 3.520098572876304388e+01 -7.775990049112588167e+02
1.330973734229803085e+03 3.524524545576423407e+01 -7.778097194600850344e+02
1.329678884953260422e+03 3.529195348825305700e+01 -7.780119078923016787e+02
1.328374803394079208e+03 3.534068032260984182e+01 -7.782153730858117342e+02
1.327023024886846542e+03 3.540561096277087927e+01 -7.784449493456631899e+02
1.325644706219434738e+03 3.549327585753053427e+01 -7.786463925112038851e+02
1.324283832520246506e+03 3.556465154048055410e+01 -7.788537965286523104e+02
1.322993965476751328e+03 3.564640485402196646e+01 -7.790261466074734926e+02
1.321684127539396286e+03 3.569690544810146093e+01 -7.791763648558408022e+02
1.320398816436529160e+03 3.573646847065538168e+01 -7.793100291062146425e+02
1.319158203214406967e+03 3.576011246163398027e+01 -7.794557084608823061e+02
1.317789965599775314e+03 3.578393990825861692e+01 -7.795184209514409304e+02
1.316473351806402206e+03 3.580207622144371271e+01 -7.796276599336415529e+02
1.315061194032430649e+03 3.580381763633340597e+01 -7.797561449576169252e+02
1.313643407911062241e+03 3.580502698291093111e+01 -7.799071802664548159e+02
1.312255588263273239e+03 3.581153153162449598e+01 -7.800011180806905031e+02
1.310924611181020737e+03 3.581215363834053278e+01 -7.800530579257756472e+02
1.309520238846540451e+03 3.582634444441646338e+01 -7.801515783239156008e+02
1.308137658208608627e+03 3.581242952961474657e+01 -7.802045329380780458e+02
1.306783744782209396e+03 3.580127948056906462e+01 -7.802362134624272585e+02
1.305405505746603012e+03 3.579161111358553171e+01 -7.802800979185849428e+02
1.304030607908964157e+03 3.578375963028520346e+01 -7.803233027625828981e+02
1.302631170123815536e+03 3.577516265679150820e+01 -7.803643270898610353e+02
1.301277500599622726e+03 3.575741048436611891e+01 -7.804040665198117495e+02
1.299925479263067245e+03 3.574213373754173517e+01 -7.804451465774327517e+02
1.298573545664548874e+03 3.572645606007426977e+01 -7.804847832489758730e+02
1.297212303727865219e+03 3.571791025716811419e+01 -7.805188862849026918e+02
1.295896556824445724e+03 3.570875766407698393e+01 -7.805712285805493593e+02
1.294612258642911911e+03 3.566744626592844725e+01 -7.805543850213289261e+02
1.293266268342733383e+03 3.562122538220137358e+01 -7.805376432668417692e+02
1.291974982231855392e+03 3.558014601003378630e+01 -7.805108806602656841e+02
1.290736359685659409e+03 3.553512817155569792e+01 -7.804873305056244135e+02
1.289465224474668503e+03 3.550355825852602720e+01 -7.804711478427052498e+02
1.288280281275510788e+03 3.546987741719931364e+01 -7.804431544002145529e+02
1.287110622018575668e+03 3.545522896293550730e+01 -7.804591384567320347e+02
1.285998714536428452e+03 3.546372581180185080e+01 -7.804636400956660509e+02
1.284829583138227463e+03 3.545782803464680910e+01 -7.804853402376174927e+02
1.283715899914503098e+03 3.545915402751415968e+01 -7.804609094839543104e+02
1.282645258158445358e+03 3.547569265309721231e+01 -7.804330037198960781e+02
1.281592813462018967e+03 3.547569837328046560e+01 -7.803332980833947659e+02
1.280388258427381516e+03 3.546434031892567873e+01 -7.802441280446946621e+02
1.279242974132299423e+03 3.542465173173695803e+01 -7.800134018026292324e+02
1.278222897022962570e+03 3.540845075529068708e+01 -7.797541137598454952e+02
1.277104848712682724e+03 3.539061236474663019e+01 -7.795145381353795528e+02
1.275948648899793625e+03 3.534048466477543116e+01 -7.792092807255685329e+02
1.274842403024435043e+03 3.529430326912552118e+01 -7.789388860724866390e+02
1.273830167382955551e+03 3.524375037942081690e+01 -7.787206244729459286e+02
1.272770414203405380e+03 3.523558863904327154e+01 -7.783926863633096218e+02
1.271760052889585495e+03 3.519960708823055029e+01 -7.780943657122552395e+02
1.270719156950712204e+03 3.515657828655093908e+01 -7.777332506738603115e+02
1.269749507158994675e+03 3.512860579509288073e+01 -7.773856956921517849e+02
1.268843881100416183e+03 3.508803911227732897e+01 -7.769435743652284145e+02
1.267958469599485397e+03 3.510499877762049437e+01 -7.765558922253549099e+02
1.267017421394586563e+03 3.513449526671320200e+01 -7.761167474649846554e+02
1.266139571756124496e+03 3.516539686080068350e+01 -7.756230680309236050e+02
1.265248522192239761e+03 3.518414484430104494e+01 -7.750964730344712734e+02
1.264329318910837173e+03 3.520538959931582212e+01 -7.745190812312066555e+02
1.263517692595720291e+03 3.518076747003942728e+01 -7.738255159221589565e+02
1.262622777611017227e+03 3.511801881436258554e+01 -7.731202054582536221e+02
1.261837466448545456e+03 3.507206314150243998e+01 -7.722770639620721340e+02
1.261133572727441788e+03 3.500478371325880289e+01 -7.713861046992242336e+02
1.260368753403425217e+03 3.490008718613535166e+01 -7.703616762124001980e+02
1.259628113180398941e+03 3.486510392371565104e+01 -7.694006031714379787e+02
1.258944278448820114e+03 3.479255812708288431e+01 -7.684135596714913845e+02
1.258231637209653854e+03 3.468041800800710917e+01 -7.673304263316094875e+02
1.257629581660032272e+03 3.454511479381471872e+01 -7.661857082806527615e+02
1.256999264925718307e+03 3.441203983966261148e+01 -7.650371643267571926e+02
1.256373471468687057e+03 3.433055652026087046e+01 -7.638407454453408718e+02
1.255723714262247086e+03 3.421883382741361856e+01 -7.625027128420770168e+02
1.255093903392553329e+03 3.412862310651689768e+01 -7.611638907156884670e+02
1.254461894840002060e+03 3.406029435340315104e+01 -7.597922660075128078e+02
1.253982906669378281e+03 3.397863806132227182e+01 -7.584476704560220242e+02
1.253385094612836838e+03 3.389046501461416483e+01 -7.569975517950952053e+02
1.252933667689561844e+03 3.381422142032533884e+01 -7.556595698557794094e+02
1.252535079330205917e+03 3.376084069255739450e+01 -7.542963892184197903e+02
1.252116079002618790e+03 3.368022734764963388e+01 -7.528727805577218533e+02
1.251711644798517227e+03 3.359144028369337320e+01 -7.514302054606378078e+02
1.251311903923749924e+03 3.353352255467325449e+01 -7.499633339606225491e+02
1.251005757898092270e+03 3.346308181528002024e+01 -7.485744084082543850e+02
1.250683976620435715e+03 3.340170478168874979e+01 -7.470387071333825588e+02
1.250466617986559868e+03 3.333783830050379038e+01 -7.455254564248025417e+02
1.250307811543345451e+03 3.330534833017736673e+01 -7.440360585413873196e+02
1.250151463538408279e+03 3.326442883256822824e+01 -7.425161004029214382e+02
1.250016270399093628e+03 3.318538051191717386e+01 -7.410137389861047268e+02
1.249992456313222647e+03 3.309411663655191660e+01 -7.396394737921655178e+02
1.250012521769851446e+03 3.305617307964712381e+01 -7.382173495255410671e+02
1.249980024192482233e+03 3.306264997180551291e+01 -7.367795164547860622e+02
1.250000145781785250e+03 3.305951036978513002e+01 -7.352771770916879177e+02
1.250075197469443083e+03 3.305072197597473860e+01 -7.337057229243218899e+02
1.250105892907828093e+03 3.306311017367988825e+01 -7.322130089960992336e+02
1.250329631742089987e+03 3.301834315154701471e+01 -7.307858234606683254e+02
1.250470458041876554e+03 3.299264486040920019e+01 -7.293184853754937649e+02
1.250746736597269773e+03 3.295019122865051031e+01 -7.279435195885598660e+02
1.251054475855082273e+03 3.291449937131255865e+01 -7.265070109330117702e+02
1.251291484709829092e+03 3.287573981191962957e+01 -7.251756957732141018e+02
1.251654069121927023e+03 3.278980487491935492e+01 -7.238450614176690578e+02
1.252058221276849508e+03 3.268587461020797491e+01 -7.225153251849114895e+02
1.252456128057092428e+03 3.256770557072013617e+01 -7.212557402811944485e+02
1.252920020159333944e+03 3.244295468833297491e+01 -7.199410136900842190e+02
1.253414256688207388e+03 3.233625839557498693e+01 -7.186108922921121120e+02
1.253938264783471823e+03 3.221798491384834051e+01 -7.173213156424462795e+02
1.254499289210885763e+03 3.208449719753116369e+01 -7.160421785078942776e+02
1.255095228966325521e+03 3.195046681072562933e+01 -7.147896412573754787e+02
1.255676757451146841e+03 3.180719551350921392e+01 -7.135709376297891140e+02
1.256290520187467337e+03 3.164982010331004858e+01 -7.124074323140084743e+02
1.256903466399759054e+03 3.149121351446956396e+01 -7.112426360808312893e+02
1.257600878890603781e+03 3.130151039268821478e+01 -7.100840274058282375e+02
1.258318070050328970e+03 3.111138056125491858e+01 -7.089317302666604519e+02
1.259007755156606436e+03 3.091681578662246466e+01 -7.077889318428933620e+02
1.259685338731855154e+03 3.072569963242858648e+01 -7.066116870604455471e+02
1.260397902306169271e+03 3.053228066768497229e+01 -7.054610022269189358e+02
1.261079325076192617e+03 3.036373814847320318e+01 -7.042684611044824123e+02
1.261761753495782614e+03 3.020833954121917486e+01 -7.030677013359963894e+02
1.262454359766095877e+03 3.004531745519489050e+01 -7.018406279049813747e+02
1.263149285074323416e+03 2.988225003983825445e+01 -7.006145307980477810e+02
1.263819374676793814e+03 2.971593364980071783e+01 -6.994021986685693264e+02
1.264539628680795431e+03 2.955805519130080938e+01 -6.981953574381768703e+02
1.265262432273477316e+03 2.940013714041560888e+01 -6.969905556403100491e+02
1.265983546551316977e+03 2.923872494604438543e+01 -6.957800151072442532e+02
1.266566112693399191e+03 2.910215456690639257e+01 -6.946659470759332180e+02
1.267169256027787924e+03 2.896518190111964941e+01 -6.935683793984353542e+02
