0.000000000000000000e+00 0.000000000000000000e+00 0.000000000000000000e+00
8.318907022476196289e-02 6.941206753253936768e-03 1.014242172241210938e-01
9.830749034881591797e-02 4.797220230102539062e-03 1.947581768035888672e-02
1.983824372291564941e-02 -4.025846719741821289e-04 -3.843867778778076172e-02
5.277159810066223145e-02 -7.073044776916503906e-03 -3.525471687316894531e-02
6.264482438564300537e-02 -3.396175801753997803e-03 1.192092895507812500e-03
6.550109386444091797e-02 -4.175111651420593262e-03 8.899688720703125000e-03
3.884381055831909180e-02 -1.010193675756454468e-02 6.991410255432128906e-02
-1.100218296051025391e-02 4.473678767681121826e-03 -2.503859996795654297e-02
2.053421735763549805e-02 9.263537824153900146e-03 -1.535333991050720215e-01
4.769134521484375000e-02 8.994251489639282227e-03 -1.077820658683776855e-01
3.133159875869750977e-02 1.054726541042327881e-02 5.168211460113525391e-02
4.580658674240112305e-02 -6.984986364841461182e-03 1.899993419647216797e-02
6.581175327301025391e-02 -9.943746030330657959e-03 -2.785146236419677734e-03
-2.127724885940551758e-02 -2.518776804208755493e-03 9.408587217330932617e-02
1.748114824295043945e-02 -1.771687902510166168e-02 -4.486656188964843750e-02
9.806102514266967773e-02 9.768614545464515686e-03 -1.068718433380126953e-01
-5.809247493743896484e-03 6.856169551610946655e-03 -1.817368268966674805e-01
4.101032018661499023e-02 2.699463628232479095e-03 2.051591873168945312e-03
-8.298563957214355469e-02 4.818672314286231995e-04 -5.650889873504638672e-02
1.087648868560791016e-01 -5.345024168491363525e-03 -5.434578657150268555e-02
6.714403629302978516e-02 -1.376288570463657379e-02 -5.484378337860107422e-02
2.536171674728393555e-02 8.957549929618835449e-03 1.072907447814941406e-02
-7.420951128005981445e-02 -7.118083536624908447e-03 -8.081078529357910156e-02
1.413226127624511719e-03 5.922876298427581787e-04 -3.720855712890625000e-02
-5.110883712768554688e-02 6.619654595851898193e-04 -4.924118518829345703e-02
4.954022169113159180e-02 9.250622242689132690e-04 -2.825522422790527344e-02
5.501466989517211914e-02 -2.768328413367271423e-03 -2.968412637710571289e-02
4.394859075546264648e-02 1.035023480653762817e-03 -5.722600221633911133e-02
2.718359231948852539e-02 -2.605713903903961182e-03 -5.640101432800292969e-02
7.505965232849121094e-02 -1.734819263219833374e-02 -6.306880712509155273e-02
-1.397895812988281250e-02 1.212038099765777588e-02 -3.214591741561889648e-02
9.874463081359863281e-03 1.281294971704483032e-03 -2.526962757110595703e-02
-1.686859130859375000e-02 3.927581012248992920e-03 -3.450810909271240234e-03
-2.709931135177612305e-02 9.087501093745231628e-03 -1.533591747283935547e-02
3.865164518356323242e-02 -1.356581412255764008e-02 -5.430901050567626953e-02
-1.394397020339965820e-02 -1.624461263418197632e-03 -6.740963459014892578e-02
6.921690702438354492e-02 -3.471240401268005371e-03 2.521294355392456055e-02
-1.357305049896240234e-02 8.677057921886444092e-04 -1.899540424346923828e-03
-3.740823268890380859e-02 8.616555482149124146e-03 -6.469786167144775391e-03
2.546954154968261719e-02 4.272937774658203125e-03 -1.403820514678955078e-02
8.292710781097412109e-02 7.157847285270690918e-03 -3.184449672698974609e-02
-3.258812427520751953e-02 -4.084998741745948792e-03 -7.137835025787353516e-03
2.316057682037353516e-02 6.239661946892738342e-03 -3.557801246643066406e-02
1.470649242401123047e-02 6.438777782022953033e-03 4.451328516006469727e-02
9.833371639251708984e-02 8.421513251960277557e-03 -4.822635650634765625e-02
1.462378501892089844e-01 -1.104625314474105835e-02 3.996610641479492188e-03
-1.326080560684204102e-01 3.908392973244190216e-03 -6.351017951965332031e-02
-3.110742568969726562e-02 -1.233815122395753860e-02 -3.160464763641357422e-02
2.555131912231445312e-02 7.287381216883659363e-03 1.484209299087524414e-02
4.833567142486572266e-02 -5.878582596778869629e-03 2.587407827377319336e-02
-9.781074523925781250e-02 -3.015013411641120911e-03 6.061786413192749023e-02
6.764769554138183594e-02 3.693975508213043213e-03 -4.966515302658081055e-02
-6.535530090332031250e-03 -1.946816220879554749e-03 1.244187355041503906e-03
2.281153202056884766e-02 1.323507167398929596e-02 -4.217803478240966797e-02
5.921173095703125000e-02 9.811226278543472290e-03 6.458288431167602539e-02
-3.118693828582763672e-02 -6.019262596964836121e-03 4.213321208953857422e-02
2.369499206542968750e-02 -1.487350091338157654e-03 -1.234620809555053711e-02
-9.150409698486328125e-02 -8.108606562018394470e-03 1.222020387649536133e-02
-6.323337554931640625e-02 5.961731076240539551e-04 1.139020919799804688e-02
3.293728828430175781e-02 -1.096185296773910522e-04 1.853746175765991211e-02
-3.092801570892333984e-02 -3.059267997741699219e-03 6.972551345825195312e-04
6.061112880706787109e-02 -8.826365694403648376e-03 3.721237182617187500e-02
2.624177932739257812e-02 6.812978535890579224e-03 -5.088001489639282227e-02
9.484863281250000000e-02 6.042852997779846191e-03 9.892106056213378906e-03
-8.892941474914550781e-02 -8.820295333862304688e-03 5.102315545082092285e-02
-5.618846416473388672e-02 -1.727955229580402374e-02 6.294187903404235840e-02
-4.027330875396728516e-02 -4.258751869201660156e-04 -3.666159510612487793e-02
7.521069049835205078e-02 -4.392392933368682861e-03 -2.750530838966369629e-03
1.590304374694824219e-01 2.527188323438167572e-02 -7.786081731319427490e-02
6.212544441223144531e-02 -6.049834191799163818e-03 5.111941695213317871e-02
-1.144061088562011719e-01 -7.835449650883674622e-03 1.780456304550170898e-02
1.160539388656616211e-01 -2.769809216260910034e-03 2.533397264778614044e-02
-1.422793865203857422e-01 -1.196075230836868286e-02 4.215353727340698242e-02
-3.274857997894287109e-02 5.531013011932373047e-03 -7.145613431930541992e-03
-8.902883529663085938e-02 -5.312934517860412598e-03 3.104567341506481171e-02
1.347839832305908203e-02 6.957866251468658447e-03 -4.849344491958618164e-03
1.070944070816040039e-01 1.529615744948387146e-02 -1.748695969581604004e-02
-6.717133522033691406e-02 -3.607392311096191406e-03 -6.985008716583251953e-02
-1.434906721115112305e-01 2.590522170066833496e-03 -7.686674594879150391e-03
4.664456844329833984e-02 -1.369825378060340881e-02 4.636687040328979492e-02
-1.037311553955078125e-02 1.071146875619888306e-02 -2.143144607543945312e-03
4.630970954895019531e-02 -1.272897422313690186e-02 1.984554529190063477e-02
-1.086568832397460938e-02 -5.906000733375549316e-03 -4.055917263031005859e-03
3.383338451385498047e-02 1.046904176473617554e-02 1.421511173248291016e-03
-5.676734447479248047e-02 8.977875113487243652e-04 -2.634000778198242188e-02
5.866646766662597656e-03 -2.173528075218200684e-03 5.490779876708984375e-04
-6.195592880249023438e-02 -5.381450057029724121e-03 -3.055393695831298828e-03
-3.553342819213867188e-01 2.257286570966243744e-02 -8.409154415130615234e-02
2.229813337326049805e-01 -1.264712028205394745e-02 3.342646360397338867e-02
2.245126962661743164e-01 1.046098582446575165e-02 -1.426869034767150879e-01
2.325570583343505859e-02 -1.557060889899730682e-02 6.352019309997558594e-02
6.359851360321044922e-02 4.367627203464508057e-03 -7.379126548767089844e-02
-2.894745469093322754e-01 9.709900245070457458e-03 5.831772089004516602e-02
8.202791213989257812e-04 -6.485877558588981628e-03 1.588875055313110352e-02
1.346090435981750488e-01 -3.834225237369537354e-03 -2.283215522766113281e-02
1.487401723861694336e-01 2.492779307067394257e-02 -1.320501565933227539e-01
2.512274980545043945e-01 7.698252797126770020e-03 7.308572530746459961e-03
-3.025324344635009766e-01 -2.497111260890960693e-02 1.564461588859558105e-01
3.369808197021484375e-03 9.623214602470397949e-03 -7.504251599311828613e-02
-1.116249561309814453e-01 3.802850842475891113e-03 3.179427981376647949e-02
-7.376027107238769531e-02 1.168045029044151306e-02 2.634125947952270508e-02
1.366440057754516602e-01 1.068823039531707764e-04 -9.589636325836181641e-02
1.679012775421142578e-01 9.828157722949981689e-03 -1.284865438938140869e-01
-1.651135683059692383e-01 -1.402856782078742981e-03 5.367398262023925781e-02
4.737019538879394531e-03 -1.573365367949008942e-02 1.069778800010681152e-01
-7.559847831726074219e-02 -3.171598538756370544e-03 3.761112689971923828e-03
1.909093856811523438e-01 5.573665723204612732e-03 -1.440279483795166016e-01
1.008813381195068359e-01 -2.183716744184494019e-03 4.070731997489929199e-02
7.412075996398925781e-02 -6.067574024200439453e-03 5.746185779571533203e-04
-2.386581897735595703e-01 -4.761271178722381592e-03 2.055726647377014160e-01
2.174291610717773438e-01 3.884695470333099365e-03 -1.335536241531372070e-01
1.735799312591552734e-01 1.863032579421997070e-03 -4.572078585624694824e-02
1.323710680007934570e-01 3.915213048458099365e-03 -1.092848181724548340e-01
-9.783256053924560547e-02 -5.094796419143676758e-03 4.369971156120300293e-02
9.991407394409179688e-03 -4.456661641597747803e-03 3.318887948989868164e-02
6.870675086975097656e-02 -4.225902259349822998e-03 3.746813535690307617e-02
-2.172374725341796875e-02 -1.142844557762145996e-04 -2.027153968811035156e-02
-1.179839372634887695e-01 1.262918114662170410e-03 -1.400812268257141113e-01
-4.699230194091796875e-03 -9.923977777361869812e-03 1.170794963836669922e-01
6.739544868469238281e-02 -1.371867954730987549e-03 -1.229380965232849121e-01
1.405358314514160156e-02 4.552617669105529785e-03 -8.181792497634887695e-02
-3.193175792694091797e-02 1.054160296916961670e-03 -2.725005149841308594e-03
-6.538474559783935547e-02 -4.398390650749206543e-03 1.232528686523437500e-02
-1.942309141159057617e-01 8.351681753993034363e-03 1.896111667156219482e-01
1.477324962615966797e-02 -2.997804433107376099e-03 -1.035981476306915283e-01
2.188980579376220703e-02 -4.196176305413246155e-03 -3.181779384613037109e-02
8.328437805175781250e-03 8.994178846478462219e-03 2.167302370071411133e-02
1.113681793212890625e-01 1.693464443087577820e-02 -5.291920900344848633e-02
1.055876016616821289e-01 1.893267035484313965e-04 5.588889122009277344e-03
1.454678773880004883e-01 -2.655938267707824707e-03 8.447468280792236328e-03
-1.094676256179809570e-01 -1.137840002775192261e-02 1.162691116333007812e-01
1.456384658813476562e-01 1.156151294708251953e-02 -1.626615524291992188e-01
9.794533252716064453e-02 -4.755802452564239502e-03 -1.033606529235839844e-01
-3.649497032165527344e-02 3.902092576026916504e-03 -3.254950046539306641e-02
-1.213049888610839844e-01 1.127085834741592407e-02 1.338485479354858398e-01
3.201341629028320312e-02 -5.171664059162139893e-03 -1.686108112335205078e-02
-2.488602399826049805e-01 -1.875996589660644531e-03 1.029969751834869385e-01
3.960597515106201172e-02 2.910844981670379639e-03 -1.421195268630981445e-02
-1.862844228744506836e-01 -5.962047725915908813e-04 -2.821013331413269043e-02
3.622670173645019531e-01 1.062523014843463898e-02 -5.307793617248535156e-02
-6.439912319183349609e-02 3.698118031024932861e-03 -6.858658790588378906e-02
-1.092265844345092773e-01 -1.822293922305107117e-02 5.774784088134765625e-02
5.360770225524902344e-02 3.060631453990936279e-03 -3.653079271316528320e-02
-1.309299468994140625e-02 -6.478689610958099365e-04 1.188535690307617188e-01
9.986722469329833984e-02 8.965209126472473145e-03 -1.038028001785278320e-01
-9.106755256652832031e-02 7.576271891593933105e-04 3.221005201339721680e-02
-2.986590862274169922e-01 -7.822439074516296387e-03 7.915872335433959961e-02
-1.668152809143066406e-01 1.873087137937545776e-03 -1.553317904472351074e-02
2.614908218383789062e-01 5.060769617557525635e-03 -8.415907621383666992e-03
-2.246954441070556641e-01 -3.285697102546691895e-02 7.453489303588867188e-02
1.433769464492797852e-01 1.034477539360523224e-02 -7.644689083099365234e-02
-1.569107770919799805e-01 -5.268789827823638916e-04 8.123245835304260254e-02
4.494889974594116211e-01 8.096545934677124023e-05 -3.662523329257965088e-01
-4.244029521942138672e-02 1.021283864974975586e-02 1.801097989082336426e-01
-5.657196044921875000e-02 -2.243460528552532196e-02 3.271168470382690430e-02
6.342518329620361328e-02 1.164364628493785858e-02 -6.985932588577270508e-02
2.284654378890991211e-01 1.461394876241683960e-02 -1.889580488204956055e-01
-1.809668540954589844e-01 -6.079919636249542236e-03 1.099795699119567871e-01
1.465642452239990234e-01 -7.647193968296051025e-03 -8.153927326202392578e-02
2.682757377624511719e-02 7.278218865394592285e-03 -1.800292730331420898e-02
-4.271984100341796875e-02 -4.416689276695251465e-03 1.351243257522583008e-02
1.059638261795043945e-01 8.232697844505310059e-03 -2.614939212799072266e-02
-2.115303277969360352e-01 -4.136621952056884766e-03 7.141029834747314453e-02
9.903395175933837891e-02 2.113804221153259277e-03 -4.455029964447021484e-02
-2.531206607818603516e-02 -1.842056214809417725e-02 1.667186617851257324e-01
5.810713768005371094e-02 1.311017572879791260e-02 -3.508746623992919922e-02
-6.808245182037353516e-02 -3.180086612701416016e-03 2.724915742874145508e-02
-6.490647792816162109e-02 1.988096535205841064e-02 -1.514291763305664062e-02
8.381032943725585938e-02 3.374412655830383301e-03 -4.934817552566528320e-02
6.347048282623291016e-02 2.784401178359985352e-03 -1.300253868103027344e-01
7.793724536895751953e-02 -4.379689693450927734e-03 -4.396086931228637695e-02
-8.747708797454833984e-02 -6.730899214744567871e-03 1.168537735939025879e-01
-4.248046875000000000e-02 -1.346930861473083496e-03 -5.001008510589599609e-02
5.024731159210205078e-02 -3.530830144882202148e-04 1.669704914093017578e-02
-1.897679567337036133e-01 -4.230603575706481934e-03 -3.439486026763916016e-03
3.547251224517822266e-02 -2.222746610641479492e-03 2.874994277954101562e-02
2.226114273071289062e-01 1.211319863796234131e-02 -7.011544704437255859e-02
1.389288902282714844e-02 4.755944013595581055e-03 -1.368823051452636719e-01
5.570137500762939453e-02 3.671795129776000977e-03 1.482975482940673828e-02
1.794612407684326172e-02 -5.057647824287414551e-03 6.726872920989990234e-02
3.081500530242919922e-02 1.035541296005249023e-03 -2.808296680450439453e-02
-9.523904323577880859e-02 2.624183893203735352e-03 -4.537725448608398438e-02
-8.478963375091552734e-02 -1.081737875938415527e-02 3.878402709960937500e-02
-5.005645751953125000e-02 9.736090898513793945e-03 -7.103991508483886719e-02
1.016581058502197266e-01 9.301200509071350098e-03 2.664566040039062500e-03
-1.456562280654907227e-01 -2.124746143817901611e-02 4.395419359207153320e-02
-2.038002014160156250e-02 1.559165120124816895e-02 -7.431966066360473633e-02
-1.434549093246459961e-01 -1.460452377796173096e-02 1.745033264160156250e-01
1.877752542495727539e-01 1.434044539928436279e-02 -7.768869400024414062e-02
5.946874618530273438e-03 -1.045799255371093750e-02 -1.280891895294189453e-01
-9.128785133361816406e-02 -2.643421292304992676e-03 3.883481025695800781e-02
8.136510848999023438e-02 -1.083904504776000977e-02 -3.537511825561523438e-02
9.379625320434570312e-03 9.384557604789733887e-03 2.307128906250000000e-02
1.004906892776489258e-01 1.591676473617553711e-02 3.151190280914306641e-02
-1.114786863327026367e-01 1.022054255008697510e-02 -5.996167659759521484e-02
8.183002471923828125e-03 2.149096317589282990e-02 -1.638869047164916992e-01
-3.252267837524414062e-03 1.666247844696044922e-04 -4.592645168304443359e-02
7.897603511810302734e-02 -6.925240159034729004e-03 -6.357908248901367188e-03
2.395665645599365234e-02 -2.252668142318725586e-03 -2.608478069305419922e-02
-5.192434787750244141e-02 -9.575206786394119263e-04 4.663860797882080078e-02
4.368472099304199219e-02 7.980817928910255432e-03 2.871394157409667969e-02
-7.292127609252929688e-02 5.186565220355987549e-03 -7.119643688201904297e-02
-2.080144882202148438e-01 -1.479500718414783478e-02 1.672934293746948242e-01
1.559001207351684570e-01 8.497627452015876770e-03 -3.391504287719726562e-03
1.346051692962646484e-02 1.450334489345550537e-02 -9.976863861083984375e-03
6.303560733795166016e-02 -4.412353038787841797e-03 -1.883983612060546875e-03
2.728673219680786133e-01 8.287400007247924805e-03 -7.369339466094970703e-02
-2.054599523544311523e-01 -1.384381949901580811e-02 7.730019092559814453e-02
-1.470960378646850586e-01 6.762504577636718750e-03 4.317021369934082031e-02
9.406292438507080078e-02 1.972045004367828369e-02 -1.045193672180175781e-01
-5.613708496093750000e-02 8.356645703315734863e-04 8.295392990112304688e-02
-2.548015117645263672e-02 6.092272698879241943e-03 -2.642989158630371094e-02
-1.454055309295654297e-02 1.132361590862274170e-03 -3.780627250671386719e-02
-1.838660240173339844e-01 -3.259748220443725586e-03 1.027907133102416992e-01
2.360606193542480469e-02 9.787648916244506836e-03 5.879282951354980469e-03
1.141316890716552734e-01 9.835936129093170166e-03 -1.204310655593872070e-01
-1.021044254302978516e-01 -3.651082515716552734e-03 4.994261264801025391e-02
1.611423492431640625e-01 -1.275017857551574707e-03 -9.291040897369384766e-02
-6.274342536926269531e-03 -8.251152932643890381e-03 4.713690280914306641e-02
-1.764286756515502930e-01 -2.343224734067916870e-02 2.048015594482421875e-03
1.089943647384643555e-01 2.771615982055664062e-03 -1.259016990661621094e-02
-3.238952159881591797e-02 5.107134580612182617e-03 -6.730389595031738281e-02
1.383714675903320312e-01 1.503871381282806396e-02 -1.014522314071655273e-01
-1.594122648239135742e-01 -1.136877387762069702e-02 7.005715370178222656e-02
-1.067911386489868164e-01 -1.593647152185440063e-02 8.821499347686767578e-02
-5.590581893920898438e-02 -5.698800086975097656e-03 2.003562450408935547e-02
9.833621978759765625e-02 1.563373953104019165e-02 -4.782962799072265625e-02
-1.761615276336669922e-02 -1.076113432645797729e-02 -2.398240566253662109e-02
-1.953089237213134766e-02 -3.316283226013183594e-03 3.695344924926757812e-02
-2.504885196685791016e-02 2.338536083698272705e-03 1.017749309539794922e-02
1.778006553649902344e-02 2.728700637817382812e-04 -2.030420303344726562e-02
-1.435315608978271484e-02 -3.110609948635101318e-03 -1.609206199645996094e-03
2.643013000488281250e-02 4.889637231826782227e-03 3.827095031738281250e-03
4.125571250915527344e-02 4.135049879550933838e-03 -4.640519618988037109e-02
-1.885223388671875000e-02 -3.962807357311248779e-03 -6.947040557861328125e-03
-4.813098907470703125e-02 -3.888279199600219727e-03 1.803994178771972656e-03
4.408359527587890625e-04 -1.171208918094635010e-03 1.375055313110351562e-02
-1.172721385955810547e-02 8.675456047058105469e-04 7.449150085449218750e-03
5.330204963684082031e-03 -6.836801767349243164e-04 -1.911640167236328125e-02
-1.964902877807617188e-02 5.741119384765625000e-04 2.534461021423339844e-02
-6.131827831268310547e-02 7.291823625564575195e-03 2.102696895599365234e-02
5.471098423004150391e-02 -4.661828279495239258e-03 -1.894235610961914062e-04
5.226147174835205078e-02 8.544959127902984619e-03 -5.216789245605468750e-02
7.658779621124267578e-02 1.005596667528152466e-02 -3.341317176818847656e-02
-1.604688167572021484e-02 -2.966053783893585205e-03 5.780982971191406250e-02
5.750668048858642578e-02 1.091402769088745117e-02 -6.606066226959228516e-02
-1.281476020812988281e-02 -8.141443133354187012e-03 4.686117172241210938e-02
7.345938682556152344e-02 1.613011956214904785e-02 -2.409589290618896484e-02
-9.995746612548828125e-02 -1.336269080638885498e-02 2.939796447753906250e-02
-2.077019214630126953e-02 -2.329073846340179443e-03 1.671922206878662109e-02
4.883015155792236328e-02 -5.686275660991668701e-03 -2.639329433441162109e-02
9.613871574401855469e-03 8.158907294273376465e-04 -1.174116134643554688e-02
-6.526219844818115234e-02 8.049227297306060791e-03 6.607913970947265625e-02
-4.324531555175781250e-02 -1.427985727787017822e-03 4.524111747741699219e-02
4.145073890686035156e-02 -1.357778906822204590e-03 6.254518032073974609e-02
-4.668474197387695312e-03 1.412626355886459351e-02 -3.921103477478027344e-02
9.010863304138183594e-02 1.265738159418106079e-02 -8.985590934753417969e-02
-3.592085838317871094e-02 -2.181977033615112305e-03 -2.181887626647949219e-02
3.004431724548339844e-03 -5.054004490375518799e-03 -3.614282608032226562e-02
-1.001268625259399414e-01 -7.412396371364593506e-03 8.090174198150634766e-02
7.215023040771484375e-02 5.571573972702026367e-03 -2.594697475433349609e-02
2.804827690124511719e-02 3.144428133964538574e-03 2.400457859039306641e-02
-7.542252540588378906e-03 -1.008486747741699219e-02 1.584041118621826172e-02
-1.084125041961669922e-01 -4.949726164340972900e-03 4.636466503143310547e-02
6.273782253265380859e-02 2.911321818828582764e-03 -7.260847091674804688e-02
9.907054901123046875e-02 8.981399238109588623e-03 -1.000459194183349609e-01
-5.346298217773437500e-03 -1.183226704597473145e-03 -1.950192451477050781e-02
-3.142452239990234375e-02 -7.264129817485809326e-03 3.349947929382324219e-02
-5.464553833007812500e-04 -2.080947160720825195e-05 -3.484964370727539062e-03
-4.793548583984375000e-02 4.241712391376495361e-03 3.109788894653320312e-02
1.047942638397216797e-01 2.166114747524261475e-03 -7.256698608398437500e-02
9.970307350158691406e-03 -1.325570046901702881e-03 -6.642341613769531250e-03
-5.418336391448974609e-02 -5.381353199481964111e-03 8.632898330688476562e-03
4.697120189666748047e-02 2.270132303237915039e-03 -1.358842849731445312e-02
1.189911365509033203e-02 5.696788430213928223e-04 5.918383598327636719e-03
-4.964053630828857422e-02 -5.372241139411926270e-04 3.045165538787841797e-02
-1.703572273254394531e-02 8.372530341148376465e-03 9.748458862304687500e-03
4.149103164672851562e-02 5.825147032737731934e-03 -1.708912849426269531e-02
-1.549041271209716797e-02 -3.381438553333282471e-03 5.474209785461425781e-02
-2.604484558105468750e-02 9.410753846168518066e-04 -3.680634498596191406e-02
1.479506492614746094e-02 2.092272043228149414e-04 3.107416629791259766e-02
2.708911895751953125e-03 -1.888111233711242676e-03 1.679992675781250000e-02
1.536655426025390625e-02 2.089411020278930664e-03 -3.527116775512695312e-02
-3.716468811035156250e-03 3.909617662429809570e-04 1.728069782257080078e-02
-1.282370090484619141e-02 -3.384053707122802734e-04 2.802276611328125000e-02
-1.720750331878662109e-02 -6.581544876098632812e-04 -2.875649929046630859e-02
-8.961439132690429688e-03 -3.825433552265167236e-03 3.283023834228515625e-02
3.767931461334228516e-02 -3.774695098400115967e-03 4.830074310302734375e-02
7.833361625671386719e-03 2.946481108665466309e-03 -4.055643081665039062e-02
-2.276182174682617188e-03 1.154534518718719482e-03 -1.933443546295166016e-02
-4.007935523986816406e-02 -3.534011542797088623e-03 2.682232856750488281e-02
9.779214859008789062e-03 -7.862150669097900391e-04 2.660727500915527344e-02
2.320265769958496094e-02 4.243284463882446289e-03 -2.700924873352050781e-02
-1.423597335815429688e-03 -3.539972007274627686e-03 1.176714897155761719e-02
5.776190757751464844e-02 2.386994659900665283e-03 1.207351684570312500e-02
6.578850746154785156e-02 -3.491595387458801270e-03 -6.389617919921875000e-05
-2.747702598571777344e-02 -3.659993410110473633e-03 2.914857864379882812e-02
-2.580845355987548828e-02 3.355517983436584473e-03 -3.655409812927246094e-02
-2.802121639251708984e-02 8.560419082641601562e-04 2.027559280395507812e-02
-2.027869224548339844e-03 7.955878973007202148e-04 -9.185552597045898438e-03
1.199471950531005859e-02 4.628449678421020508e-04 -9.705543518066406250e-03
-1.442050933837890625e-02 -5.382217466831207275e-03 5.191183090209960938e-02
1.611638069152832031e-02 1.353360712528228760e-03 -2.673661708831787109e-02
-2.524960041046142578e-02 1.398630440235137939e-03 -1.923835277557373047e-02
-5.105853080749511719e-03 -1.511275768280029297e-04 2.520656585693359375e-02
8.747816085815429688e-03 1.702606678009033203e-04 -3.559839725494384766e-02
-3.938198089599609375e-03 -1.515708863735198975e-03 -8.946776390075683594e-03
-5.465364456176757812e-02 -8.437409996986389160e-03 2.837145328521728516e-02
4.473805427551269531e-03 4.576280713081359863e-03 -1.034736633300781250e-04
-1.246321201324462891e-02 -8.156113326549530029e-03 5.396831035614013672e-02
1.585912704467773438e-02 4.128850996494293213e-03 -8.566057682037353516e-02
-2.282166481018066406e-02 -5.677342414855957031e-06 2.813935279846191406e-03
1.085484027862548828e-02 -1.451671123504638672e-03 2.943277359008789062e-02
-1.233398914337158203e-02 -9.581744670867919922e-04 -1.395285129547119141e-02
2.472162246704101562e-03 9.042546153068542480e-04 -1.278162002563476562e-02
-2.267515659332275391e-02 3.825366497039794922e-03 -1.414418220520019531e-02
4.513740539550781250e-03 -5.814172327518463135e-03 5.582928657531738281e-03
4.904508590698242188e-03 -4.731796681880950928e-03 2.405834197998046875e-02
1.283478736877441406e-02 -1.170940697193145752e-03 2.007925510406494141e-02
-1.659464836120605469e-02 4.300720989704132080e-03 1.682996749877929688e-03
9.488940238952636719e-03 1.030994206666946411e-02 -3.929722309112548828e-02
1.967287063598632812e-02 -5.649454891681671143e-03 -2.127873897552490234e-02
-1.585888862609863281e-02 -5.125023424625396729e-03 4.116833209991455078e-02
4.823207855224609375e-04 1.358196139335632324e-03 -8.436799049377441406e-03
3.948307037353515625e-02 3.659680485725402832e-03 -3.286516666412353516e-02
-6.791949272155761719e-03 4.339218139648437500e-04 2.368450164794921875e-02
-7.626295089721679688e-03 3.116592764854431152e-03 -1.580023765563964844e-02
-2.229166030883789062e-02 -5.562998354434967041e-03 2.158582210540771484e-02
3.592967987060546875e-04 -1.291893422603607178e-03 3.275036811828613281e-03
2.746081352233886719e-02 3.672204911708831787e-03 -2.901780605316162109e-02
5.948102474212646484e-02 3.708608448505401611e-03 1.248145103454589844e-02
3.595995903015136719e-02 2.108424901962280273e-03 -6.566643714904785156e-03
-2.497351169586181641e-02 -2.301178872585296631e-03 1.395535469055175781e-02
-7.553458213806152344e-03 -1.479543745517730713e-03 2.435946464538574219e-02
-3.472590446472167969e-02 -1.736342906951904297e-03 -2.222180366516113281e-02
-1.388990879058837891e-02 2.732649445533752441e-04 6.368041038513183594e-03
-1.010751724243164062e-02 -4.042543470859527588e-03 3.194904327392578125e-02
8.284187316894531250e-02 8.617147803306579590e-03 -5.168700218200683594e-02
-8.593499660491943359e-02 -6.782077252864837646e-03 1.787912845611572266e-02
-1.011371612548828125e-03 -3.362007439136505127e-03 1.493453979492187500e-02
-4.667043685913085938e-03 -6.280839443206787109e-04 1.359164714813232422e-02
1.023709774017333984e-02 -3.320634365081787109e-03 1.322996616363525391e-02
1.975691318511962891e-02 8.623898029327392578e-03 -3.862714767456054688e-02
6.350278854370117188e-04 1.417100429534912109e-05 6.742477416992187500e-04
1.920163631439208984e-02 -3.780871629714965820e-04 7.023215293884277344e-03
-1.293563842773437500e-02 -2.645254135131835938e-03 3.001177310943603516e-02
2.745842933654785156e-02 5.850128829479217529e-03 -2.086973190307617188e-02
4.578828811645507812e-02 3.329597413539886475e-03 -3.982949256896972656e-02
-1.005935668945312500e-02 8.862167596817016602e-04 1.137340068817138672e-02
-8.742189407348632812e-02 -8.769720792770385742e-03 3.666746616363525391e-02
3.941631317138671875e-02 9.143352508544921875e-05 -1.003348827362060547e-02
-9.154129028320312500e-02 -4.441082477569580078e-03 7.463932037353515625e-03
2.204179763793945312e-03 -3.591269254684448242e-03 2.929508686065673828e-02
-2.591466903686523438e-02 6.076127290725708008e-03 -1.324629783630371094e-02
9.362339973449707031e-02 1.316040754318237305e-03 1.652491092681884766e-02
-8.711695671081542969e-03 5.004316568374633789e-03 -2.670502662658691406e-02
-1.245391368865966797e-02 2.672553062438964844e-03 -2.414107322692871094e-03
-3.552222251892089844e-02 -7.401622831821441650e-03 2.924251556396484375e-02
1.884770393371582031e-02 1.054864376783370972e-02 -8.941662311553955078e-02
-2.072668075561523438e-02 -8.569031953811645508e-03 1.004633903503417969e-01
-7.247853279113769531e-02 -3.978714346885681152e-03 3.799414634704589844e-02
7.506740093231201172e-02 5.813397467136383057e-03 -7.771837711334228516e-02
-3.703296184539794922e-02 -1.929633319377899170e-03 9.229183197021484375e-04
4.297375679016113281e-02 5.599036812782287598e-03 1.333022117614746094e-02
-4.815638065338134766e-02 -2.898067235946655273e-03 1.358890533447265625e-02
3.989577293395996094e-03 -1.340560615062713623e-03 2.754330635070800781e-03
-3.369104862213134766e-02 -3.695696592330932617e-03 2.304482460021972656e-02
-3.559029102325439453e-02 -1.212392002344131470e-02 4.236257076263427734e-02
6.189084053039550781e-02 1.681856065988540649e-02 -1.293134689331054688e-01
-7.964789867401123047e-02 1.311312615871429443e-02 -3.182709217071533203e-02
1.107844114303588867e-01 -8.938297629356384277e-03 -6.786584854125976562e-04
1.971435546875000000e-02 -3.346987068653106689e-03 3.695309162139892578e-02
1.008903980255126953e-01 4.884332418441772461e-03 -5.139708518981933594e-03
-3.745865821838378906e-02 1.569613814353942871e-04 3.507936000823974609e-02
1.990711688995361328e-02 2.769447863101959229e-03 -1.291680335998535156e-02
5.357384681701660156e-03 5.667954683303833008e-04 3.988385200500488281e-03
-2.124905586242675781e-02 -4.600703716278076172e-03 3.262019157409667969e-02
-4.382371902465820312e-03 -1.874148845672607422e-03 1.316380500793457031e-02
-2.775549888610839844e-03 2.559006214141845703e-03 -3.437399864196777344e-02
2.673590183258056641e-02 3.065176308155059814e-03 -3.517079353332519531e-02
1.876354217529296875e-04 -1.045539975166320801e-04 5.524158477783203125e-04
1.659560203552246094e-02 4.262067377567291260e-03 -2.639007568359375000e-02
-1.514267921447753906e-02 -1.182928681373596191e-04 2.852940559387207031e-02
1.301407814025878906e-03 -3.139846026897430420e-03 -1.108610630035400391e-02
-8.480548858642578125e-04 2.356179058551788330e-03 -2.473199367523193359e-02
-6.143212318420410156e-03 -4.127010703086853027e-03 3.325247764587402344e-02
4.966139793395996094e-03 2.297759056091308594e-04 5.579352378845214844e-03
6.489634513854980469e-03 -2.530224621295928955e-03 2.992904186248779297e-02
4.431009292602539062e-03 3.639496862888336182e-03 -6.714105606079101562e-03
3.928065299987792969e-03 5.371123552322387695e-04 -8.300065994262695312e-03
3.765940666198730469e-03 3.243155777454376221e-03 -7.791757583618164062e-03
-2.054524421691894531e-02 1.217491924762725830e-03 -2.637863159179687500e-02
-1.117968559265136719e-02 -3.638185560703277588e-03 1.056051254272460938e-02
2.161169052124023438e-02 1.831077039241790771e-03 3.006005287170410156e-02
1.307046413421630859e-02 -2.959370613098144531e-05 1.428103446960449219e-02
2.614617347717285156e-03 1.885645091533660889e-03 -1.753425598144531250e-02
-2.082943916320800781e-02 2.314753830432891846e-03 -4.016315937042236328e-02
-4.757952690124511719e-02 -8.632220327854156494e-03 2.905285358428955078e-02
4.010891914367675781e-02 5.942136049270629883e-03 -5.724430084228515625e-04
5.146741867065429688e-03 1.611523330211639404e-03 2.099633216857910156e-03
3.180909156799316406e-02 3.117911517620086670e-03 -2.658474445343017578e-02
7.252693176269531250e-04 3.462284803390502930e-05 1.145601272583007812e-03
9.617209434509277344e-03 -2.006590366363525391e-04 1.265883445739746094e-03
-4.757583141326904297e-02 -5.372881889343261719e-03 1.680815219879150391e-02
7.804870605468750000e-03 3.787443041801452637e-03 -2.473497390747070312e-02
-1.182556152343750000e-04 1.744329929351806641e-04 -3.594636917114257812e-03
9.091138839721679688e-03 1.562744379043579102e-03 -2.033972740173339844e-02
4.675149917602539062e-02 5.423381924629211426e-03 -1.239156723022460938e-02
4.907846450805664062e-04 7.636845111846923828e-06 3.225803375244140625e-04
-2.429068088531494141e-02 -1.652963459491729736e-03 -6.144046783447265625e-03
-1.908659934997558594e-02 -5.257427692413330078e-04 1.790487766265869141e-02
-2.977848052978515625e-04 2.373009920120239258e-05 1.251697540283203125e-05
-6.172657012939453125e-04 -4.933029413223266602e-05 -3.167390823364257812e-04
5.334568023681640625e-02 2.682000398635864258e-03 1.476097106933593750e-02
-4.408383369445800781e-02 -2.549141645431518555e-03 -1.215934753417968750e-02
3.596258163452148438e-02 1.845523715019226074e-03 8.370757102966308594e-03
-1.111674308776855469e-02 -2.607792615890502930e-03 -5.895853042602539062e-03
-8.757948875427246094e-03 2.611264586448669434e-03 5.921840667724609375e-03
1.565301418304443359e-02 -1.776680350303649902e-03 2.963066101074218750e-03
-1.953053474426269531e-02 -1.032575964927673340e-03 -1.204943656921386719e-02
-5.711603164672851562e-02 -7.888711988925933838e-03 1.463389396667480469e-02
4.319000244140625000e-02 3.121644258499145508e-04 1.425719261169433594e-02
-2.912950515747070312e-02 -7.178962230682373047e-03 1.050853729248046875e-02
7.803678512573242188e-03 2.098850905895233154e-03 -8.688688278198242188e-03
-1.117348670959472656e-02 -8.799880743026733398e-05 2.275466918945312500e-02
3.066349029541015625e-02 1.437127590179443359e-03 -2.594423294067382812e-02
-2.439808845520019531e-02 -1.752041280269622803e-03 3.128790855407714844e-02
1.745271682739257812e-02 1.314930617809295654e-03 -8.267760276794433594e-03
-8.496284484863281250e-03 -3.255158662796020508e-04 5.292892456054687500e-03
-1.259756088256835938e-02 -3.025107085704803467e-03 2.743196487426757812e-02
4.689335823059082031e-02 6.803169846534729004e-03 -3.658890724182128906e-02
-1.511895656585693359e-02 3.266125917434692383e-03 4.623532295227050781e-03
1.875126361846923828e-02 -4.100039601325988770e-03 2.636075019836425781e-03
6.185889244079589844e-03 2.653129398822784424e-03 -2.432239055633544922e-02
-2.723610401153564453e-02 -3.737993538379669189e-03 2.262496948242187500e-02
-5.456972122192382812e-02 -8.827641606330871582e-03 8.483767509460449219e-03
-5.743241310119628906e-02 -4.913173615932464600e-03 4.082798957824707031e-03
-7.976174354553222656e-03 -1.555018126964569092e-03 3.377401828765869141e-02
6.966471672058105469e-03 4.323735833168029785e-03 -1.333892345428466797e-02
9.372889995574951172e-02 8.973620831966400146e-03 -4.204177856445312500e-02
6.266224384307861328e-02 4.515178501605987549e-03 -4.941737651824951172e-02
-1.245582103729248047e-02 4.248991608619689941e-03 3.886497020721435547e-02
-3.821551799774169922e-02 -2.677634358406066895e-03 3.647506237030029297e-02
2.453339099884033203e-02 2.173572778701782227e-03 -3.931343555450439453e-02
3.259813785552978516e-02 -1.326225697994232178e-03 3.960609436035156250e-03
-1.997637748718261719e-02 6.840229034423828125e-04 -9.346008300781250000e-04
2.358758449554443359e-02 1.482903957366943359e-03 -2.260923385620117188e-03
1.779377460479736328e-02 4.372552037239074707e-03 -1.056492328643798828e-02
-1.874327659606933594e-03 -3.284685313701629639e-03 -1.190960407257080078e-02
-4.569351673126220703e-02 -1.426041126251220703e-03 2.962088584899902344e-02
-4.000961780548095703e-02 -6.780430674552917480e-03 -1.721239089965820312e-02
-8.279681205749511719e-03 -5.688965320587158203e-04 -2.446889877319335938e-03
-2.058649063110351562e-02 -7.261484861373901367e-04 2.272033691406250000e-02
1.668596267700195312e-02 -1.027733087539672852e-04 3.151702880859375000e-02
-2.254581451416015625e-02 1.135140657424926758e-03 -2.787113189697265625e-04
2.364373207092285156e-02 -1.402437686920166016e-03 -7.102727890014648438e-03
1.672816276550292969e-02 -4.087463021278381348e-04 -1.569986343383789062e-04
-2.669012546539306641e-02 -3.110133111476898193e-03 1.167416572570800781e-02
2.915263175964355469e-03 -1.058995723724365234e-02 5.485928058624267578e-02
2.456712722778320312e-02 -5.799926817417144775e-03 1.641714572906494141e-02
-7.668972015380859375e-03 8.921548724174499512e-04 1.745080947875976562e-02
-2.370762825012207031e-02 2.995878458023071289e-05 -9.310841560363769531e-03
-2.796030044555664062e-02 3.502227365970611572e-03 1.292705535888671875e-03
-3.545284271240234375e-02 1.905314624309539795e-03 1.791000366210937500e-03
5.118393898010253906e-02 2.022512257099151611e-03 -1.416754722595214844e-02
1.683998107910156250e-02 -3.651604056358337402e-03 3.664743900299072266e-02
-2.862167358398437500e-02 4.788637161254882812e-03 -6.712841987609863281e-02
-1.628780364990234375e-02 -5.053117871284484863e-03 4.008376598358154297e-02
5.528736114501953125e-02 -5.726218223571777344e-04 5.499124526977539062e-03
-1.488423347473144531e-02 2.722300589084625244e-03 -2.821445465087890625e-02
4.565858840942382812e-02 8.809268474578857422e-03 -5.204725265502929688e-02
3.060948848724365234e-02 4.355728626251220703e-03 2.060866355895996094e-02
-7.138001918792724609e-02 -1.909412443637847900e-03 4.278540611267089844e-03
6.217384338378906250e-02 -1.187683641910552979e-02 4.779922962188720703e-02
-6.139063835144042969e-02 6.337784230709075928e-03 -1.882541179656982422e-02
-9.280920028686523438e-03 4.917606711387634277e-03 -4.443562030792236328e-02
-2.830004692077636719e-02 -2.051392197608947754e-02 8.618068695068359375e-02
1.665759086608886719e-02 1.526705920696258545e-03 8.573150634765625000e-02
5.954432487487792969e-02 1.943454891443252563e-02 -1.823090314865112305e-01
1.022782325744628906e-01 1.556519418954849243e-02 -8.514034748077392578e-02
5.943775177001953125e-03 -8.582971990108489990e-03 6.335043907165527344e-02
-9.135198593139648438e-02 -2.092095464468002319e-02 1.622127294540405273e-01
-1.113955974578857422e-01 -1.965457201004028320e-02 1.536482572555541992e-01
-1.068238019943237305e-01 4.835478961467742920e-03 -2.963793277740478516e-02
-6.746172904968261719e-03 6.797775626182556152e-03 -5.759549140930175781e-02
7.166254520416259766e-02 -1.158268004655838013e-02 1.003421545028686523e-01
-3.057086467742919922e-02 2.317264676094055176e-03 4.379570484161376953e-03
2.242338657379150391e-02 -2.597570419311523438e-04 1.978200674057006836e-02
6.464731693267822266e-02 8.619323372840881348e-03 -1.094722747802734375e-01
-5.847215652465820312e-03 7.897526025772094727e-03 -3.101074695587158203e-02
-3.823077678680419922e-02 -1.383247971534729004e-02 6.373250484466552734e-02
-8.293390274047851562e-04 -7.678493857383728027e-04 2.332043647766113281e-02
-4.964613914489746094e-02 4.664994776248931885e-03 -3.200978040695190430e-02
8.353853225708007812e-02 6.548397243022918701e-03 -7.492482662200927734e-03
1.668262481689453125e-02 -4.072360694408416748e-03 1.324510574340820312e-02
2.843880653381347656e-02 -3.710687160491943359e-04 1.317167282104492188e-02
-1.847231388092041016e-02 3.456100821495056152e-03 -2.964258193969726562e-03
1.008832454681396484e-02 -3.102585673332214355e-03 1.740622520446777344e-02
-2.467131614685058594e-02 1.794844865798950195e-03 4.782474040985107422e-02
-2.009868621826171875e-04 -9.205058217048645020e-03 5.269432067871093750e-02
-1.295602321624755859e-02 -4.262059926986694336e-03 -1.118326187133789062e-02
2.834689617156982422e-02 4.818886518478393555e-04 -1.561820507049560547e-02
-2.572846412658691406e-02 2.947747707366943359e-04 1.298594474792480469e-02
-1.819372177124023438e-03 3.746733069419860840e-03 -7.599949836730957031e-03
-4.140019416809082031e-03 -3.780208528041839600e-03 8.717477321624755859e-03
-5.839359760284423828e-02 5.799166858196258545e-03 -2.419358491897583008e-02
6.704711914062500000e-02 4.570662975311279297e-03 -2.869796752929687500e-02
9.234428405761718750e-03 -5.049675703048706055e-03 1.857954263687133789e-02
-2.655029296875000000e-03 -6.410107016563415527e-04 1.070755720138549805e-02
-4.212856292724609375e-03 1.672826707363128662e-03 -1.908183097839355469e-03
-3.515124320983886719e-02 -2.150580286979675293e-03 1.174914836883544922e-02
-1.965785026550292969e-02 3.931075334548950195e-04 -1.151084899902343750e-03
-1.438164710998535156e-02 6.212890148162841797e-04 -4.274368286132812500e-02
3.893852233886718750e-02 1.861751079559326172e-04 3.939950466156005859e-02
2.140271663665771484e-02 5.585476756095886230e-03 -2.828478813171386719e-02
-1.303434371948242188e-02 -4.227891564369201660e-03 3.119748830795288086e-02
-1.636874675750732422e-02 -7.901281118392944336e-03 -5.627691745758056641e-03
-5.410850048065185547e-02 4.574932157993316650e-03 -4.688906669616699219e-02
-3.056442737579345703e-02 7.342115044593811035e-03 -1.349496841430664062e-02
4.478859901428222656e-02 3.646306693553924561e-03 -3.098464012145996094e-02
-2.379965782165527344e-02 -8.870720863342285156e-03 3.282052278518676758e-02
-1.172780990600585938e-02 -1.495294272899627686e-03 -8.331954479217529297e-03
-4.012691974639892578e-02 -4.030019044876098633e-04 8.965492248535156250e-03
3.999757766723632812e-02 1.295112073421478271e-03 -5.585312843322753906e-03
3.182554244995117188e-02 -5.549788475036621094e-04 1.355588436126708984e-03
1.405024528503417969e-02 5.377195775508880615e-03 -1.015609502792358398e-02
1.034033298492431641e-02 4.223883152008056641e-04 -7.964372634887695312e-03
-2.425229549407958984e-02 -5.481988191604614258e-03 1.613748073577880859e-02
-2.920067310333251953e-02 3.385618329048156738e-04 1.809298992156982422e-02
6.661367416381835938e-02 5.943059921264648438e-03 -7.794737815856933594e-03
-5.861401557922363281e-02 -9.859107434749603271e-03 2.488398551940917969e-02
1.678776741027832031e-02 1.000192016363143921e-02 -4.311257600784301758e-02
6.463289260864257812e-03 -2.084553241729736328e-03 3.694534301757812500e-03
2.789473533630371094e-02 6.904028356075286865e-03 -3.102511167526245117e-02
-4.377818107604980469e-02 -8.375570178031921387e-04 1.224040985107421875e-02
2.456748485565185547e-02 1.749716699123382568e-03 1.001977920532226562e-02
-1.749217510223388672e-02 7.984936237335205078e-04 5.220890045166015625e-03
1.757216453552246094e-02 -1.747779548168182373e-03 -5.500078201293945312e-03
-1.319396495819091797e-02 -2.011194825172424316e-03 3.097844123840332031e-02
9.255051612854003906e-03 -2.566590905189514160e-03 7.270455360412597656e-03
4.663777351379394531e-02 6.805486977100372314e-03 -2.180051803588867188e-02
4.109621047973632812e-03 -5.657143890857696533e-03 -2.237319946289062500e-03
2.145528793334960938e-02 7.519200444221496582e-04 8.457005023956298828e-03
2.289295196533203125e-02 -3.302946686744689941e-03 2.361088991165161133e-02
-9.410858154296875000e-03 -2.060629427433013916e-03 3.291440010070800781e-02
-1.993834972381591797e-02 -1.083351671695709229e-03 -8.145987987518310547e-03
-3.046929836273193359e-02 -2.851858735084533691e-03 -3.680020570755004883e-02
-7.181394100189208984e-02 -4.326693713665008545e-03 2.853643894195556641e-02
-6.179797649383544922e-02 -1.433044672012329102e-04 4.942893981933593750e-02
7.378172874450683594e-02 3.129638731479644775e-03 -7.160139083862304688e-02
-3.183245658874511719e-02 8.918166160583496094e-03 2.353775501251220703e-02
8.259665966033935547e-02 -2.048394083976745605e-02 1.218926906585693359e-02
1.868844032287597656e-02 3.890804946422576904e-03 -2.847135066986083984e-03
7.195234298706054688e-03 -2.702772617340087891e-04 3.056156635284423828e-02
-1.946699619293212891e-02 -1.412332057952880859e-03 2.225363254547119141e-02
1.849651336669921875e-02 4.992350935935974121e-03 -4.781615734100341797e-02
-3.415942192077636719e-03 4.158616065979003906e-03 -2.872294187545776367e-02
-8.135437965393066406e-03 -5.520224571228027344e-03 -9.515523910522460938e-03
6.263709068298339844e-02 1.299389451742172241e-02 -1.479029655456542969e-03
-4.856169223785400391e-02 -1.711614429950714111e-02 6.362801790237426758e-02
-3.311240673065185547e-02 9.162835776805877686e-03 8.868634700775146484e-03
4.208397865295410156e-02 -1.738399267196655273e-03 -4.018354415893554688e-02
6.425070762634277344e-02 7.482990622520446777e-03 -1.501983404159545898e-02
-1.049554347991943359e-02 -6.597839295864105225e-03 2.587604522705078125e-02
2.048766613006591797e-02 -5.810812115669250488e-03 3.667777776718139648e-02
1.046609878540039062e-02 -1.690410077571868896e-03 1.982450485229492188e-03
-6.437897682189941406e-02 4.305586218833923340e-03 -2.976632118225097656e-02
3.260850906372070312e-03 -3.538079559803009033e-03 -1.004219055175781250e-03
-7.574796676635742188e-02 -4.770807921886444092e-03 2.196699380874633789e-02
-5.222797393798828125e-03 -2.930954098701477051e-03 1.905173063278198242e-02
-1.631247997283935547e-02 -7.837265729904174805e-04 3.108143806457519531e-03
-3.517866134643554688e-04 5.060955882072448730e-04 2.952456474304199219e-03
3.374898433685302734e-02 -2.117678523063659668e-04 -2.358722686767578125e-02
6.803536415100097656e-02 1.279000937938690186e-02 -1.889848709106445312e-02
-3.469967842102050781e-02 -7.131457328796386719e-03 6.332212686538696289e-02
-3.232049942016601562e-02 -1.148640923202037811e-02 3.475147485733032227e-02
-5.941808223724365234e-02 -9.603798389434814453e-04 -3.800570964813232422e-03
8.459591865539550781e-02 -1.329317688941955566e-03 2.177566289901733398e-02
1.904082298278808594e-02 7.134182378649711609e-03 -5.510687828063964844e-03
1.171541213989257812e-01 6.605558097362518311e-03 -4.580903053283691406e-02
-6.805109977722167969e-02 -5.591653287410736084e-03 2.047181129455566406e-02
-4.277396202087402344e-02 9.090065956115722656e-03 -6.531643867492675781e-02
7.040429115295410156e-02 -4.199050366878509521e-03 6.116271018981933594e-03
3.150379657745361328e-02 -3.240630030632019043e-04 -2.587962150573730469e-02
-1.105155944824218750e-01 -4.046179354190826416e-03 4.639440774917602539e-02
4.324662685394287109e-02 8.870586752891540527e-03 -1.989901065826416016e-03
2.437174320220947266e-02 8.944272994995117188e-04 -1.667481660842895508e-02
-1.131728887557983398e-01 -2.858519554138183594e-03 2.562022209167480469e-02
6.326031684875488281e-02 3.114909678697586060e-02 -1.611009240150451660e-01
-7.314467430114746094e-02 -5.188845098018646240e-03 6.588137149810791016e-02
7.944107055664062500e-04 -1.048678904771804810e-02 1.816225051879882812e-02
4.423832893371582031e-02 -4.665531218051910400e-03 6.716400384902954102e-02
4.172074794769287109e-02 -1.398719102144241333e-02 5.073100328445434570e-02
8.705270290374755859e-02 1.673771440982818604e-02 -9.972018003463745117e-02
-1.275308132171630859e-01 -1.508678495883941650e-02 6.549400091171264648e-02
1.648051738739013672e-01 2.370810508728027344e-02 -1.268963813781738281e-01
-1.551699638366699219e-01 -1.270604878664016724e-02 7.245421409606933594e-02
-7.669842243194580078e-02 5.793713033199310303e-03 1.592266559600830078e-02
1.044229269027709961e-01 6.981238722801208496e-03 -5.936664342880249023e-02
-6.813955307006835938e-02 -2.285584807395935059e-03 3.887373208999633789e-02
4.121756553649902344e-02 -8.281320333480834961e-04 7.870733737945556641e-03
-1.454768180847167969e-01 -8.699089288711547852e-03 1.095442771911621094e-01
1.949684619903564453e-01 6.660073995590209961e-03 -9.648042917251586914e-02
-5.945456027984619141e-02 -1.954004168510437012e-03 7.699668407440185547e-03
-9.476876258850097656e-02 -3.147324174642562866e-02 1.229825019836425781e-01
-8.004713058471679688e-02 3.327783197164535522e-03 3.075540065765380859e-03
6.932520866394042969e-02 1.415777765214443207e-02 -5.827629566192626953e-02
1.334979534149169922e-01 1.003377139568328857e-03 -2.336907386779785156e-02
4.905307292938232422e-02 -8.063927292823791504e-03 1.393073797225952148e-02
6.636846065521240234e-02 -1.496240496635437012e-03 3.280919790267944336e-02
-4.031479358673095703e-02 -4.794267937541007996e-03 2.643144130706787109e-02
1.383745670318603516e-02 2.256287261843681335e-03 -3.961586952209472656e-02
-5.445766448974609375e-02 -4.949346184730529785e-04 2.178049087524414062e-02
7.386302947998046875e-02 1.490423083305358887e-02 -8.760994672775268555e-02
-3.065907955169677734e-02 -1.610223762691020966e-02 2.433848381042480469e-02
-5.486333370208740234e-02 -2.295657992362976074e-03 1.100242137908935547e-03
6.701433658599853516e-02 4.295771941542625427e-03 -2.158153057098388672e-02
3.630483150482177734e-02 5.222409963607788086e-03 -3.227370977401733398e-02
-6.083488464355468750e-03 3.217302262783050537e-03 -1.038008928298950195e-02
-4.011905193328857422e-02 -1.296263746917247772e-02 5.748015642166137695e-02
-3.969264030456542969e-02 6.849786266684532166e-03 1.188123226165771484e-02
1.585562229156494141e-01 1.129061728715896606e-02 -4.591464996337890625e-02
6.868374347686767578e-02 -9.862639009952545166e-03 -2.343863248825073242e-02
-7.539641857147216797e-02 4.347741603851318359e-03 -3.139078617095947266e-02
-6.257939338684082031e-02 -2.221822738647460938e-03 2.672958374023437500e-02
-7.469224929809570312e-02 7.676824927330017090e-03 -3.783106803894042969e-02
4.368865489959716797e-02 -1.081676036119461060e-02 7.395577430725097656e-02
-2.508842945098876953e-02 6.595335900783538818e-03 -2.101814746856689453e-02
-6.730318069458007812e-03 -1.268436945974826813e-02 8.722645044326782227e-02
1.203632354736328125e-02 -1.250706613063812256e-03 1.598578691482543945e-02
-4.585850238800048828e-02 -1.274074241518974304e-02 4.790806770324707031e-02
-1.966297626495361328e-02 -5.169898271560668945e-03 2.620553970336914062e-02
4.501187801361083984e-02 1.239427179098129272e-02 -7.137346267700195312e-02
1.123639345169067383e-01 -1.828934997320175171e-03 -5.994248390197753906e-02
4.611110687255859375e-02 2.100941725075244904e-02 -9.929442405700683594e-02
7.350254058837890625e-02 -4.282668232917785645e-04 -1.972424983978271484e-02
-1.214187145233154297e-01 -5.627505481243133545e-03 6.454122066497802734e-02
1.270949840545654297e-02 6.829574704170227051e-04 1.448273658752441406e-03
-1.263760328292846680e-01 -1.929873414337635040e-02 8.289897441864013672e-02
-5.749905109405517578e-02 -6.619915366172790527e-04 2.259939908981323242e-02
-7.557988166809082031e-03 -4.112705588340759277e-03 8.364349603652954102e-02
5.009675025939941406e-02 3.466174006462097168e-03 -7.490360736846923828e-02
-3.261590003967285156e-02 -2.616576850414276123e-03 2.990126609802246094e-02
1.220107078552246094e-03 6.159674376249313354e-03 -2.020865678787231445e-02
1.586723327636718750e-02 2.391230314970016479e-03 1.638466119766235352e-02
2.497351169586181641e-02 -2.369590103626251221e-03 1.825833320617675781e-02
-3.227913379669189453e-02 4.262074828147888184e-03 -1.946133375167846680e-02
-1.444816589355468750e-04 -5.640834569931030273e-05 3.568530082702636719e-04
4.980599880218505859e-02 2.512846142053604126e-03 -1.738297939300537109e-02
-1.602399349212646484e-02 -3.972679376602172852e-03 -1.923203468322753906e-03
-2.559983730316162109e-02 -3.816924989223480225e-03 3.741741180419921875e-02
2.534389495849609375e-03 -9.590573608875274658e-04 -9.806156158447265625e-04
-4.798734188079833984e-02 8.028749376535415649e-03 -5.850607156753540039e-02
5.865073204040527344e-02 3.311302512884140015e-03 -8.187890052795410156e-04
3.322482109069824219e-02 -5.059055984020233154e-03 1.419186592102050781e-02
-2.508056163787841797e-02 2.754256129264831543e-03 -2.429783344268798828e-02
-3.961467742919921875e-02 5.463138222694396973e-04 6.206274032592773438e-03
-6.569182872772216797e-02 -3.200806677341461182e-03 1.971179246902465820e-02
-6.754457950592041016e-02 1.551192253828048706e-03 3.842830657958984375e-03
-4.521012306213378906e-03 -2.731479704380035400e-03 1.636725664138793945e-02
1.507779359817504883e-01 2.363659441471099854e-03 -3.218472003936767578e-03
-1.251211166381835938e-01 -6.314307451248168945e-03 1.496100425720214844e-02
8.978521823883056641e-02 6.393887102603912354e-03 -4.725545644760131836e-02
1.817190647125244141e-02 3.395788371562957764e-04 6.496906280517578125e-03
4.263687133789062500e-02 3.497749567031860352e-03 2.453160285949707031e-02
-5.901026725769042969e-02 -1.078299432992935181e-02 3.067964315414428711e-02
3.868257999420166016e-02 3.901124000549316406e-03 -4.451400041580200195e-02
-6.043910980224609375e-05 -8.337847888469696045e-03 1.821380853652954102e-02
1.338756084442138672e-01 5.607113242149353027e-03 -8.367437124252319336e-02
6.853961944580078125e-02 1.730118878185749054e-02 -9.931194782257080078e-02
-1.720750331878662109e-02 -5.895080044865608215e-03 1.115252971649169922e-01
-1.138122081756591797e-01 2.953821793198585510e-03 -3.546452522277832031e-02
8.839046955108642578e-02 9.968131780624389648e-05 -5.479586124420166016e-02
-3.713631629943847656e-02 -3.132527694106101990e-03 4.340767860412597656e-02
1.484549045562744141e-02 3.524107858538627625e-03 -1.165032386779785156e-02
-1.104366779327392578e-02 -6.148992106318473816e-03 1.844143867492675781e-02
-6.633138656616210938e-02 3.460673615336418152e-03 -4.142880439758300781e-03
2.243828773498535156e-02 -3.634316846728324890e-03 3.470766544342041016e-02
-2.241027355194091797e-02 1.269653439521789551e-03 -4.330873489379882812e-03
3.694283962249755859e-02 2.659281715750694275e-03 -1.904702186584472656e-02
4.329442977905273438e-03 -4.902144894003868103e-03 4.485726356506347656e-03
-4.827022552490234375e-03 -1.607447862625122070e-03 -6.502807140350341797e-03
8.590710163116455078e-02 9.352831169962882996e-03 -4.434454441070556641e-02
-3.976941108703613281e-03 8.744448423385620117e-04 -6.020963191986083984e-03
-6.911909580230712891e-02 5.142442882061004639e-03 -4.246377944946289062e-02
4.483628273010253906e-02 8.002668619155883789e-04 -2.971738576889038086e-02
-5.006468296051025391e-02 -2.066269516944885254e-03 2.120035886764526367e-02
2.723240852355957031e-02 -5.652450025081634521e-03 5.175435543060302734e-02
2.364802360534667969e-02 -6.791746243834495544e-03 4.617112874984741211e-02
-2.653694152832031250e-02 2.318236976861953735e-03 -7.650673389434814453e-03
6.647229194641113281e-03 -3.855511546134948730e-03 2.231693267822265625e-02
-1.388251781463623047e-02 -3.568593412637710571e-03 1.228755712509155273e-02
-1.854467391967773438e-02 -2.809707075357437134e-03 2.507704496383666992e-02
-4.063844680786132812e-02 -4.997774958610534668e-04 3.776586055755615234e-02
4.516530036926269531e-02 9.364038705825805664e-03 -9.378486871719360352e-02
4.255378246307373047e-02 4.738101735711097717e-03 -6.021863222122192383e-02
-2.444803714752197266e-02 -2.488521859049797058e-03 3.290832042694091797e-02
2.111852169036865234e-02 6.674153730273246765e-03 2.020001411437988281e-03
-1.034501791000366211e-01 -6.949985399842262268e-03 -6.296139955520629883e-02
8.657503128051757812e-02 8.478293195366859436e-03 2.687001228332519531e-02
-1.567162275314331055e-01 -1.434996165335178375e-02 4.709768295288085938e-02
7.851588726043701172e-02 1.121202297508716583e-02 -3.748440742492675781e-02
-3.178906440734863281e-02 -1.213266514241695404e-02 2.963799238204956055e-02
-1.173580884933471680e-01 1.068989746272563934e-02 -3.660488128662109375e-02
7.146966457366943359e-02 1.586956530809402466e-02 -4.461514949798583984e-02
5.121874809265136719e-02 -2.873219549655914307e-03 1.902925968170166016e-02
6.433892250061035156e-02 -9.551733732223510742e-03 -9.500503540039062500e-03
-5.641186237335205078e-02 -3.575704991817474365e-03 1.244422197341918945e-01
2.244663238525390625e-02 -2.918312326073646545e-03 -3.939008712768554688e-02
3.246271610260009766e-02 1.250395551323890686e-03 1.534062623977661133e-02
-3.449034690856933594e-02 6.494373083114624023e-03 -1.342600584030151367e-02
-1.275634765625000000e-02 -7.047086954116821289e-03 -5.314886569976806641e-02
-2.393651008605957031e-02 -4.605041816830635071e-03 8.469700813293457031e-03
-2.062320709228515625e-05 -6.773974746465682983e-03 9.442710876464843750e-02
6.313419342041015625e-02 7.009606808423995972e-03 -7.934331893920898438e-03
-7.591128349304199219e-03 4.231425002217292786e-03 -9.162247180938720703e-03
-2.574205398559570312e-02 6.961807608604431152e-03 -1.220065355300903320e-02
-2.963602542877197266e-02 -6.347149610519409180e-03 -3.977608680725097656e-02
4.173505306243896484e-02 -3.945156931877136230e-04 -2.105230093002319336e-02
-2.828478813171386719e-03 -2.793958410620689392e-03 1.951748132705688477e-02
2.619349956512451172e-02 1.788400113582611084e-03 -1.876175403594970703e-02
1.601767539978027344e-02 2.312963828444480896e-03 3.214466571807861328e-02
-2.833008766174316406e-02 -1.265250146389007568e-03 3.360283374786376953e-02
-7.772088050842285156e-03 5.241788923740386963e-03 -2.824664115905761719e-03
9.334909915924072266e-02 -4.990100860595703125e-04 -5.315184593200683594e-02
-5.221474170684814453e-02 -1.177124120295047760e-02 7.216060161590576172e-02
-3.871703147888183594e-02 -6.597936153411865234e-03 9.211355447769165039e-02
7.225036621093750000e-03 1.983303576707839966e-03 -3.103500604629516602e-02
8.655226230621337891e-02 2.598538994789123535e-04 -1.952743530273437500e-02
-1.496601104736328125e-02 5.904141813516616821e-03 7.770240306854248047e-03
2.191746234893798828e-02 -4.992038011550903320e-03 2.128475904464721680e-02
-8.829438686370849609e-02 -1.053402572870254517e-02 3.266143798828125000e-02
1.518936157226562500e-01 1.277273148298263550e-02 -8.041203022003173828e-02
-5.469095706939697266e-02 1.727975904941558838e-03 -9.217500686645507812e-03
-8.861243724822998047e-02 3.898799419403076172e-03 7.190275192260742188e-02
2.918338775634765625e-02 -1.179304718971252441e-02 2.662539482116699219e-03
-5.802631378173828125e-02 2.236776053905487061e-03 4.343569278717041016e-03
3.676414489746093750e-02 -3.845594823360443115e-03 6.545776128768920898e-02
-5.624532699584960938e-02 4.483543336391448975e-03 -1.240453720092773438e-01
-8.442437648773193359e-02 5.677387118339538574e-03 -9.802925586700439453e-02
9.462559223175048828e-02 -1.790858805179595947e-03 6.421506404876708984e-02
5.091726779937744141e-02 -2.859130501747131348e-03 1.990473270416259766e-02
3.550100326538085938e-02 -2.025119960308074951e-03 2.916479110717773438e-02
-4.003965854644775391e-02 -5.142904818058013916e-03 3.609567880630493164e-02
-2.632856369018554688e-02 -3.568340092897415161e-03 1.870149374008178711e-02
2.495598793029785156e-02 1.059045270085334778e-02 -2.850639820098876953e-02
-8.870840072631835938e-02 -2.724364399909973145e-03 -6.582260131835937500e-03
4.512476921081542969e-02 -1.695826649665832520e-04 1.610386371612548828e-02
5.514466762542724609e-02 5.712471902370452881e-04 6.905138492584228516e-03
-3.019690513610839844e-02 -1.128507032990455627e-02 5.175828933715820312e-03
-7.574760913848876953e-02 -2.990443259477615356e-03 7.426154613494873047e-02
1.415318250656127930e-01 9.393472224473953247e-03 -7.532262802124023438e-02
6.968092918395996094e-02 -8.374154567718505859e-04 -2.322494983673095703e-03
-5.819594860076904297e-02 5.774408578872680664e-03 -2.326369285583496094e-03
-1.289987564086914062e-02 -2.629585564136505127e-03 -1.416146755218505859e-02
-5.659997463226318359e-02 -1.432925462722778320e-03 2.184134721755981445e-02
4.805207252502441406e-03 -1.169729977846145630e-03 -7.551133632659912109e-03
1.189041137695312500e-02 1.328516751527786255e-03 4.715561866760253906e-03
-2.787983417510986328e-02 -2.053413540124893188e-03 2.699154615402221680e-02
-1.046923398971557617e-01 -8.789207786321640015e-03 4.258632659912109375e-02
7.320046424865722656e-03 4.284918308258056641e-03 -3.143233060836791992e-02
7.209789752960205078e-02 9.190522134304046631e-03 -4.090762138366699219e-02
-1.011396646499633789e-01 -6.341252475976943970e-03 7.282137870788574219e-02
1.045975685119628906e-01 4.967432469129562378e-03 -4.460263252258300781e-02
-1.749157905578613281e-02 -8.851472288370132446e-03 2.576416730880737305e-02
-5.256259441375732422e-02 -3.786761313676834106e-03 1.136291027069091797e-02
-1.378154754638671875e-02 2.226658165454864502e-03 -6.874799728393554688e-04
2.882480621337890625e-04 1.288820058107376099e-03 -4.151642322540283203e-03
5.954623222351074219e-03 2.799369394779205322e-04 2.286672592163085938e-03
2.061486244201660156e-03 -1.554228365421295166e-03 1.654773950576782227e-02
2.726852893829345703e-02 5.302414298057556152e-03 -1.363766193389892578e-02
-3.059506416320800781e-03 -6.307624280452728271e-03 2.344894409179687500e-02
-7.766127586364746094e-03 2.728551626205444336e-04 -1.506048440933227539e-02
-3.182530403137207031e-03 -4.236333072185516357e-03 -3.944814205169677734e-03
1.455676555633544922e-02 4.254356026649475098e-04 -1.561641693115234375e-02
-1.391494274139404297e-02 -9.431615471839904785e-04 -1.286888122558593750e-02
-3.155326843261718750e-02 6.390795111656188965e-03 -1.502734422683715820e-02
-3.003835678100585938e-03 -9.947858750820159912e-03 8.641260862350463867e-02
-8.521711826324462891e-02 2.900026738643646240e-03 1.502573490142822266e-02
6.622159481048583984e-02 -1.345582306385040283e-03 -4.036158323287963867e-02
-5.904960632324218750e-02 2.890512347221374512e-03 -9.291946887969970703e-03
-3.118908405303955078e-02 6.594434380531311035e-04 -3.432017564773559570e-02
7.657706737518310547e-02 -3.421746194362640381e-03 -1.549714803695678711e-02
1.803064346313476562e-02 -7.260367274284362793e-04 -1.076447963714599609e-02
-3.287553787231445312e-03 1.030645519495010376e-02 -2.911669015884399414e-02
-3.188776969909667969e-02 -2.314142882823944092e-03 3.988319635391235352e-02
5.512154102325439453e-02 1.201121509075164795e-02 -7.704269886016845703e-02
2.873528003692626953e-02 5.640089511871337891e-05 2.133512496948242188e-02
-5.633759498596191406e-02 -2.605587244033813477e-03 6.387472152709960938e-03
-5.713498592376708984e-02 -3.303658217191696167e-03 1.233494281768798828e-02
-3.897476196289062500e-02 -3.158241510391235352e-03 1.317048072814941406e-02
8.609294891357421875e-03 -2.170853316783905029e-03 -1.546055078506469727e-02
5.188834667205810547e-02 2.226468175649642944e-03 -7.683157920837402344e-03
2.400135993957519531e-02 -1.850459724664688110e-03 1.603251695632934570e-02
3.398334980010986328e-02 4.798647016286849976e-03 -1.976460218429565430e-02
-8.159625530242919922e-02 -1.600082591176033020e-02 1.298131942749023438e-01
5.576467514038085938e-02 4.171989858150482178e-03 -7.909226417541503906e-02
-5.534136295318603516e-02 7.507044821977615356e-03 -7.839918136596679688e-03
-1.785707473754882812e-02 1.278180629014968872e-03 2.112883329391479492e-02
2.423989772796630859e-02 -1.762744039297103882e-03 -1.751011610031127930e-02
7.277250289916992188e-03 2.465993165969848633e-04 1.867961883544921875e-02
-1.682555675506591797e-02 -3.840267658233642578e-03 -8.134722709655761719e-03
-2.518224716186523438e-02 -3.065802156925201416e-03 -3.692150115966796875e-02
9.384083747863769531e-02 6.531327962875366211e-03 -1.978737115859985352e-02
-5.570244789123535156e-02 1.464168727397918701e-02 7.079333066940307617e-02
3.310453891754150391e-02 1.788612455129623413e-03 -2.581560611724853516e-02
-1.580905914306640625e-02 -2.852685749530792236e-03 5.866557359695434570e-02
-3.023505210876464844e-02 5.333311855792999268e-04 -3.213351964950561523e-02
5.570435523986816406e-02 1.108154654502868652e-03 5.928814411163330078e-02
3.672897815704345703e-02 2.011865377426147461e-03 -3.847008943557739258e-02
-3.863537311553955078e-02 -5.233071744441986084e-03 -3.370732069015502930e-02
1.749873161315917969e-02 -1.896649599075317383e-03 1.584529876708984375e-03
-3.380429744720458984e-02 -8.850991725921630859e-04 4.551571607589721680e-02
-4.231369495391845703e-02 -4.561990499496459961e-04 5.896270275115966797e-03
4.642343521118164062e-02 -6.311222910881042480e-03 -4.072725772857666016e-03
-8.183717727661132812e-04 -8.039176464080810547e-05 4.135966300964355469e-04
-2.766180038452148438e-02 5.051981657743453979e-03 -1.676332950592041016e-02
-1.667153835296630859e-02 -3.777761012315750122e-03 5.506962537765502930e-02
4.694342613220214844e-02 -1.055624336004257202e-02 -4.223006963729858398e-02
-1.808202266693115234e-02 4.588268697261810303e-03 1.756823062896728516e-02
3.313493728637695312e-02 -3.563076257705688477e-03 2.198350429534912109e-02
-9.544456005096435547e-02 -1.452236250042915344e-02 -7.508993148803710938e-04
9.722399711608886719e-02 1.194303482770919800e-02 -1.307243108749389648e-02
-1.399776935577392578e-01 -6.036113947629928589e-03 5.660629272460937500e-02
-3.801226615905761719e-03 1.733362674713134766e-03 -2.504134178161621094e-02
1.197099685668945312e-02 -9.098041802644729614e-03 4.994463920593261719e-02
-2.819633483886718750e-02 -6.844975054264068604e-03 -1.677840948104858398e-02
2.362084388732910156e-02 7.856905460357666016e-03 4.209786653518676758e-02
1.514196395874023438e-03 1.528907567262649536e-03 -2.927398681640625000e-02
3.659963607788085938e-02 1.518152654170989990e-03 -4.160583019256591797e-03
-2.251005172729492188e-02 3.238223493099212646e-03 2.317941188812255859e-02
-2.140021324157714844e-02 -1.287508010864257812e-02 2.969193458557128906e-02
-4.555320739746093750e-02 1.616537757217884064e-02 -2.566331624984741211e-02
8.386850357055664062e-03 -3.486597910523414612e-03 -9.017407894134521484e-03
-2.328991889953613281e-02 -4.119925200939178467e-03 1.401752233505249023e-02
-4.332613945007324219e-02 3.860585391521453857e-03 3.005629777908325195e-02
-1.767516136169433594e-03 -1.606935262680053711e-02 4.556983709335327148e-03
-6.820952892303466797e-02 -1.082488708198070526e-02 5.835190415382385254e-02
-3.225100040435791016e-02 9.284337982535362244e-03 7.816582918167114258e-03
5.151736736297607422e-02 -6.057433784008026123e-04 -6.187230348587036133e-03
-1.878499984741210938e-03 2.590240165591239929e-02 -1.056492328643798828e-02
-1.981959342956542969e-01 -2.335121482610702515e-02 1.101901233196258545e-01
1.736699342727661133e-01 1.806344091892242432e-02 -6.141060590744018555e-02
-1.575028896331787109e-01 -2.228515222668647766e-02 4.793849587440490723e-02
1.275761127471923828e-01 2.216160669922828674e-02 -8.351868391036987305e-02
-3.965079784393310547e-02 -2.838216722011566162e-03 3.619790077209472656e-04
1.655428409576416016e-01 1.312983036041259766e-02 -4.864594340324401855e-02
-6.596982479095458984e-02 -2.495398744940757751e-03 1.755681633949279785e-02
1.253461837768554688e-02 -3.780487924814224243e-03 -1.748007535934448242e-02
2.595138549804687500e-02 5.658574402332305908e-03 1.595586538314819336e-03
2.277493476867675781e-03 6.244594231247901917e-03 -2.613016963005065918e-02
3.331577777862548828e-02 4.696359857916831970e-03 -6.744325160980224609e-03
8.370757102966308594e-03 1.363174989819526672e-03 -3.795790672302246094e-02
-1.142654418945312500e-01 -7.331870496273040771e-03 2.630171179771423340e-02
2.515268325805664062e-02 5.165282636880874634e-03 7.358163595199584961e-03
-7.681798934936523438e-02 -1.108025386929512024e-02 4.007548093795776367e-02
9.379148483276367188e-03 1.641429960727691650e-03 -2.534988522529602051e-02
-9.048652648925781250e-02 -2.386542037129402161e-03 1.139277219772338867e-02
-5.076014995574951172e-02 -1.135234441608190536e-02 2.110785245895385742e-02
3.493499755859375000e-02 -1.675422303378582001e-03 5.911228060722351074e-02
4.159164428710937500e-02 7.043730467557907104e-03 -4.589414596557617188e-02
-4.617655277252197266e-02 -4.418175667524337769e-04 -1.014268398284912109e-02
6.443893909454345703e-02 7.134135812520980835e-03 -4.384514689445495605e-02
1.693153381347656250e-02 -9.018644690513610840e-03 4.549977183341979980e-02
-8.743119239807128906e-02 -4.796374589204788208e-03 2.875268459320068359e-03
6.934523582458496094e-02 7.360904477536678314e-03 -3.765612840652465820e-02
-9.554803371429443359e-02 -1.278145890682935715e-02 3.940147161483764648e-02
-3.198099136352539062e-02 -3.961432725191116333e-03 1.423704624176025391e-02
2.822160720825195312e-02 6.998106837272644043e-04 5.780714750289916992e-02
4.313588142395019531e-03 -1.970157027244567871e-04 -1.757621765136718750e-02
4.867577552795410156e-02 5.980771966278553009e-03 -3.415232896804809570e-02
-2.666449546813964844e-02 -6.751471199095249176e-03 -1.940131187438964844e-04
-1.893472671508789062e-02 -1.812491565942764282e-03 -6.525754928588867188e-03
1.906132698059082031e-02 4.428805783390998840e-03 -1.761507987976074219e-02
-2.146232128143310547e-02 5.333923734724521637e-03 -1.332342624664306641e-02
-5.875182151794433594e-02 -5.230362527072429657e-03 6.365239620208740234e-03
1.818299293518066406e-03 1.841855794191360474e-02 -5.391556024551391602e-02
-3.952723741531372070e-02 8.289907127618789673e-04 -1.707619428634643555e-02
1.192713379859924316e-01 4.799228161573410034e-03 -2.858072519302368164e-02
-7.113099098205566406e-02 -9.725296869874000549e-03 1.928824186325073242e-02
6.922674179077148438e-02 2.462777309119701385e-02 -3.705966472625732422e-02
-2.701821327209472656e-01 -3.707892075181007385e-02 1.275471746921539307e-01
1.095263957977294922e-01 2.870320156216621399e-02 -1.207484304904937744e-01
2.132356166839599609e-03 1.858550310134887695e-02 -9.400051832199096680e-02
7.594722509384155273e-02 9.317612275481224060e-03 -2.794796228408813477e-02
-1.387778520584106445e-01 -1.525512151420116425e-02 2.456629276275634766e-02
5.583763122558593750e-02 -1.089481078088283539e-02 -3.576874732971191406e-03
-3.476905822753906250e-02 1.170099712908267975e-02 -6.887757778167724609e-02
1.119220256805419922e-02 1.536686159670352936e-02 -4.839539527893066406e-03
-1.287162303924560547e-02 1.200015842914581299e-02 -2.902579307556152344e-02
6.139039993286132812e-03 -6.798729300498962402e-04 -1.564109325408935547e-02
-2.547061443328857422e-02 6.426498293876647949e-04 -8.814686536788940430e-02
1.344666481018066406e-01 1.923162490129470825e-02 -4.412621259689331055e-02
-1.697884798049926758e-01 -1.751538366079330444e-02 5.491709709167480469e-02
-5.325293540954589844e-02 -9.990490972995758057e-03 5.889356136322021484e-03
1.512742042541503906e-01 3.100109100341796875e-02 -1.430923938751220703e-01
-9.340471029281616211e-02 -1.234972476959228516e-02 1.059957742691040039e-01
4.182249307632446289e-02 7.761895656585693359e-03 -2.057676911354064941e-01
-1.523642539978027344e-01 -1.342753320932388306e-02 1.002902984619140625e-01
-3.523260354995727539e-02 1.852124929428100586e-02 -7.055938243865966797e-02
-4.679381847381591797e-03 5.818285048007965088e-03 -1.237692832946777344e-01
-1.106798052787780762e-01 -1.799181103706359863e-02 1.949588656425476074e-01
6.936281919479370117e-02 -1.869097352027893066e-03 -8.244794607162475586e-02
2.772831916809082031e-02 1.467130333185195923e-02 -7.633781433105468750e-02
7.135695219039916992e-02 1.070373505353927612e-02 1.495003700256347656e-03
-2.042875885963439941e-01 -5.151917040348052979e-02 5.953407287597656250e-02
5.459690093994140625e-02 2.575644105672836304e-02 -1.643610000610351562e-01
-1.403981447219848633e-02 3.624722361564636230e-03 -1.570713520050048828e-02
-3.721278905868530273e-02 7.267154753208160400e-03 -3.055393695831298828e-02
2.621096372604370117e-02 -4.614293575286865234e-04 5.706250667572021484e-02
-9.475362300872802734e-02 -2.505049854516983032e-02 1.303956508636474609e-01
-3.128725290298461914e-02 1.256584376096725464e-02 -1.148170232772827148e-01
-5.318701267242431641e-02 -1.694351434707641602e-03 1.378250122070312500e-02
-5.789637565612792969e-03 -3.818035125732421875e-03 -6.267297267913818359e-02
-1.133279502391815186e-01 -1.778715103864669800e-02 1.272901296615600586e-01
5.788683891296386719e-03 -7.577652111649513245e-03 -5.048036575317382812e-03
-5.813123285770416260e-02 2.056830562651157379e-02 -2.388107776641845703e-02
1.694183051586151123e-02 1.495287567377090454e-02 -5.666255950927734375e-02
-1.151307970285415649e-01 -2.567522227764129639e-02 4.309201240539550781e-02
-1.349550485610961914e-02 4.044659435749053955e-03 -1.505858898162841797e-01
-5.853649973869323730e-02 -1.517579145729541779e-02 1.308159828186035156e-01
-4.022654891014099121e-02 -2.712570130825042725e-03 -1.231467723846435547e-02
8.958894014358520508e-02 1.235928572714328766e-02 -1.729965209960937500e-03
-4.470139741897583008e-03 -1.006807945668697357e-02 8.440971374511718750e-03
9.572505950927734375e-05 9.516587480902671814e-03 -5.518949031829833984e-02
-9.269383549690246582e-02 -6.549375131726264954e-03 1.159911155700683594e-01
-7.110741734504699707e-02 9.634243324398994446e-03 2.446234226226806641e-02
-5.848050117492675781e-02 -1.247335039079189301e-02 1.664853096008300781e-02
2.229997515678405762e-02 -1.311751455068588257e-02 -2.426886558532714844e-02
-1.155945658683776855e-02 1.049716025590896606e-03 -3.707051277160644531e-02
-2.019256353378295898e-03 -9.030140936374664307e-04 -7.765078544616699219e-02
-2.012750506401062012e-02 -5.534511059522628784e-03 5.490505695343017578e-02
-2.116879820823669434e-02 7.756963372230529785e-03 -3.920757770538330078e-02
-5.942088365554809570e-02 9.577564895153045654e-03 5.887281894683837891e-02
-1.163834184408187866e-01 3.386493772268295288e-02 -8.020496368408203125e-02
-1.498666405677795410e-01 8.984006941318511963e-03 -8.051037788391113281e-03
6.697356700897216797e-03 -2.224221825599670410e-04 8.303439617156982422e-02
-1.213909983634948730e-01 1.268621534109115601e-02 -6.751203536987304688e-02
1.026300191879272461e-01 -7.288303226232528687e-02 6.653034687042236328e-02
2.467405796051025391e-02 2.379133366048336029e-02 5.893659591674804688e-02
-4.599797725677490234e-02 2.137698233127593994e-03 -3.928017616271972656e-02
-3.581458330154418945e-02 2.902853488922119141e-02 1.571750640869140625e-02
7.852864265441894531e-02 -5.495905876159667969e-03 -2.877938747406005859e-02
-6.048732995986938477e-02 3.315985202789306641e-02 4.640460014343261719e-03
-3.155356645584106445e-02 1.556297391653060913e-02 -4.631769657135009766e-02
-4.011535644531250000e-02 -1.015439629554748535e-03 1.731336116790771484e-02
-1.232370138168334961e-01 -6.727808713912963867e-02 -7.385134696960449219e-03
-1.697540879249572754e-01 7.469113916158676147e-02 1.101531982421875000e-01
5.857574939727783203e-02 -5.073325335979461670e-02 9.546250104904174805e-02
-4.353225231170654297e-02 1.258757710456848145e-02 1.152748465538024902e-01
-3.972268104553222656e-02 1.915470510721206665e-02 -3.124314546585083008e-02
-1.084698438644409180e-01 -4.137232154607772827e-02 1.136632561683654785e-01
1.744535565376281738e-01 1.566420495510101318e-02 4.346865415573120117e-02
4.426163434982299805e-02 -1.163583993911743164e-02 6.968206167221069336e-02
-1.406511068344116211e-01 2.450276911258697510e-02 -4.475462436676025391e-02
1.954579353332519531e-02 -1.179282367229461670e-02 6.856155395507812500e-02
-2.685153484344482422e-02 2.538735419511795044e-02 5.285418033599853516e-02
-5.873632431030273438e-02 -1.325657963752746582e-02 -2.657437324523925781e-02
-5.059444904327392578e-02 1.499187946319580078e-02 9.935259819030761719e-02
-6.378567218780517578e-02 -2.427612990140914917e-02 -8.120262622833251953e-02
-5.817246437072753906e-02 5.205094814300537109e-03 3.663182258605957031e-02
-2.715587615966796875e-03 3.645741939544677734e-02 3.418982028961181641e-02
7.701504230499267578e-02 3.460533916950225830e-02 8.800789713859558105e-02
3.779065608978271484e-02 -2.148608863353729248e-02 1.006621420383453369e-01
-1.185309886932373047e-01 7.518872618675231934e-03 -1.841190457344055176e-02
-6.452286243438720703e-02 4.597975313663482666e-02 -1.096054613590240479e-01
-2.116048336029052734e-02 -1.230496168136596680e-02 3.536278009414672852e-02
1.481652259826660156e-02 -3.561410307884216309e-02 2.149969339370727539e-03
3.542494773864746094e-02 1.301124691963195801e-03 3.627446293830871582e-02
1.165556907653808594e-02 8.861646056175231934e-03 2.351862192153930664e-02
-3.244829177856445312e-02 -3.521195054054260254e-02 -2.234995365142822266e-03
8.302164077758789062e-02 -4.606921970844268799e-02 4.373848438262939453e-02
8.994042873382568359e-02 -4.954919219017028809e-03 1.600587368011474609e-02
-1.777672767639160156e-01 3.616455197334289551e-02 -3.701305389404296875e-02
1.749169826507568359e-02 -1.682870090007781982e-02 -1.876768469810485840e-02
-2.686357498168945312e-02 -2.905889600515365601e-02 1.002263426780700684e-01
-3.193044662475585938e-02 1.831557601690292358e-02 -2.946439385414123535e-02
-4.163658618927001953e-02 -5.775108933448791504e-03 2.688106894493103027e-02
2.209436893463134766e-02 -1.552860438823699951e-02 6.121414899826049805e-02
3.234243392944335938e-02 2.448305487632751465e-03 8.526116609573364258e-03
-9.232282638549804688e-03 2.018801867961883545e-03 -1.276761293411254883e-03
-4.769694805145263672e-02 1.620380580425262451e-02 -2.611106634140014648e-02
-2.654016017913818359e-02 2.273425459861755371e-02 2.813309431076049805e-02
1.744496822357177734e-02 -1.628921180963516235e-02 -5.960851907730102539e-03
7.100665569305419922e-02 1.037763059139251709e-02 3.505393862724304199e-02
-1.997089385986328125e-02 -3.125271946191787720e-02 2.213183045387268066e-02
2.452683448791503906e-02 -1.093757152557373047e-02 1.655399799346923828e-02
4.469788074493408203e-02 -1.591903157532215118e-02 -1.201510429382324219e-02
-1.276243925094604492e-01 1.834556460380554199e-04 8.296686410903930664e-02
5.162382125854492188e-02 -5.691133439540863037e-03 -4.652649164199829102e-02
-9.554398059844970703e-02 -1.639489829540252686e-02 -1.924604177474975586e-02
-5.628347396850585938e-03 -5.320683121681213379e-04 -2.255028486251831055e-02
2.996647357940673828e-02 5.295202136039733887e-03 5.709749460220336914e-02
5.684256553649902344e-02 -5.882441997528076172e-03 4.199796915054321289e-02
-7.339525222778320312e-02 1.356869935989379883e-02 -4.658055305480957031e-02
2.179169654846191406e-02 -2.810572087764739990e-02 4.556578397750854492e-02
2.866721153259277344e-02 2.764865756034851074e-03 2.127408981323242188e-02
-2.432560920715332031e-02 1.481682062149047852e-03 -1.220393180847167969e-02
3.341197967529296875e-03 1.816883683204650879e-03 6.796121597290039062e-04
-2.453994750976562500e-02 -7.454901933670043945e-04 2.180516719818115234e-03
4.576826095581054688e-02 -9.155198931694030762e-03 1.284897327423095703e-03
1.648187637329101562e-03 2.475425601005554199e-03 -1.340627670288085938e-03
8.773803710937500000e-05 -4.009306430816650391e-04 1.443386077880859375e-03
-9.308338165283203125e-03 7.131874561309814453e-03 5.533635616302490234e-03
4.549503326416015625e-02 -6.067901849746704102e-04 -1.823925971984863281e-02
3.144872188568115234e-02 -3.215880692005157471e-02 6.918585300445556641e-02
-6.169211864471435547e-02 -4.909485578536987305e-03 -1.018047332763671875e-04
5.470418930053710938e-02 5.141511559486389160e-03 1.002085208892822266e-02
5.266356468200683594e-02 -3.938466310501098633e-03 -3.212451934814453125e-03
-3.251266479492187500e-02 1.344792544841766357e-02 -7.367491722106933594e-03
8.619201183319091797e-02 -2.110928297042846680e-03 1.181077957153320312e-02
1.528394222259521484e-02 1.903238706290721893e-02 -4.397749900817871094e-02
5.775177478790283203e-02 2.314530313014984131e-02 1.148241758346557617e-02
-5.722391605377197266e-02 -1.439462602138519287e-02 -1.719850301742553711e-02
5.544817447662353516e-02 7.223770022392272949e-03 4.613089561462402344e-02
4.304146766662597656e-02 1.521263271570205688e-02 3.475010395050048828e-03
1.819705963134765625e-02 -1.653290539979934692e-02 7.179987430572509766e-02
-1.521103382110595703e-01 -1.136377453804016113e-02 -1.053559780120849609e-02
5.927073955535888672e-02 -2.833053283393383026e-02 1.415562033653259277e-01
1.252071857452392578e-01 2.348761074244976044e-02 2.856180071830749512e-02
-9.797120094299316406e-02 -1.637414097785949707e-03 -1.971241831779479980e-02
-3.815150260925292969e-02 -3.228931128978729248e-02 6.568178534507751465e-02
4.995393753051757812e-02 3.946304321289062500e-03 -3.486275672912597656e-02
9.401023387908935547e-02 -4.371494054794311523e-03 -5.213305354118347168e-02
-4.751753807067871094e-02 4.239115118980407715e-02 1.096765100955963135e-01
4.939186573028564453e-02 -2.781981043517589569e-02 -2.961745858192443848e-02
-3.053462505340576172e-02 -7.047250866889953613e-03 6.279438734054565430e-02
7.124614715576171875e-02 1.505631022155284882e-02 -1.356005668640136719e-02
6.402373313903808594e-02 -1.259419135749340057e-02 9.456634521484375000e-02
2.021455764770507812e-02 5.752635002136230469e-02 -5.443918704986572266e-02
-5.563670396804809570e-02 1.253682374954223633e-02 5.146262049674987793e-02
6.319856643676757812e-02 1.405104994773864746e-03 5.453467369079589844e-02
-1.319992542266845703e-02 -1.215361058712005615e-02 3.291556239128112793e-02
-2.815371751785278320e-02 2.496771514415740967e-03 5.079680681228637695e-02
1.075769662857055664e-01 -4.586688429117202759e-02 1.161735057830810547e-01
-8.328866958618164062e-02 -3.812652826309204102e-02 1.174515485763549805e-02
1.096038222312927246e-01 1.679298281669616699e-02 1.378310322761535645e-01
8.141744136810302734e-02 -2.132375538349151611e-02 4.781776666641235352e-02
-6.092560291290283203e-02 -3.741709887981414795e-02 1.334692239761352539e-01
2.417910099029541016e-02 6.971326470375061035e-02 -6.335544586181640625e-02
5.680549144744873047e-02 -3.756253421306610107e-02 2.597045898437500000e-02
-2.880650758743286133e-02 -3.959432244300842285e-02 9.608983993530273438e-02
1.105856895446777344e-01 -2.316309511661529541e-02 6.158471107482910156e-02
-2.826118469238281250e-02 2.228260040283203125e-03 3.825902938842773438e-03
4.523277282714843750e-03 5.159163475036621094e-02 4.787492752075195312e-02
-2.396374940872192383e-02 -3.023937344551086426e-02 1.416137218475341797e-01
1.994633674621582031e-02 2.151197195053100586e-02 7.895231246948242188e-04
-2.197682857513427734e-03 2.188196778297424316e-02 3.280258178710937500e-02
1.530203819274902344e-01 -1.332753896713256836e-02 -2.702915668487548828e-02
-1.188238859176635742e-01 -6.516754627227783203e-03 1.055231094360351562e-01
1.463851332664489746e-01 1.192945241928100586e-02 -1.121367216110229492e-01
5.283856391906738281e-02 2.286286652088165283e-02 2.519869804382324219e-02
-2.041196823120117188e-02 -2.723261713981628418e-02 6.042802333831787109e-02
1.456612348556518555e-02 -8.173719048500061035e-03 1.896643638610839844e-02
4.693329334259033203e-03 3.086933493614196777e-02 2.429640293121337891e-02
9.359484910964965820e-02 -1.252301037311553955e-02 -7.794594764709472656e-02
-1.563525199890136719e-02 9.063705801963806152e-03 1.467757225036621094e-01
1.044226437807083130e-01 -2.489447593688964844e-03 -2.245056629180908203e-02
5.855219066143035889e-02 3.137651085853576660e-02 -2.385282516479492188e-02
2.458438277244567871e-03 -8.429527282714843750e-03 3.056025505065917969e-02
2.115486562252044678e-02 -3.812882304191589355e-02 -1.759672164916992188e-02
1.113790571689605713e-01 -1.221555471420288086e-02 -1.280962228775024414e-01
4.387954249978065491e-02 5.332031846046447754e-02 4.785907268524169922e-02
-5.256303399801254272e-02 4.442045092582702637e-02 1.570880413055419922e-02
5.261916667222976685e-02 -9.616494178771972656e-03 6.450629234313964844e-02
5.493009835481643677e-02 -5.648791790008544922e-03 6.911480426788330078e-02
-4.435624927282333374e-02 2.117659151554107666e-02 -7.874023914337158203e-02
1.930433958768844604e-01 -5.715522170066833496e-02 -6.552839279174804688e-02
-8.291253447532653809e-02 1.906873099505901337e-02 4.015254974365234375e-02
1.354522556066513062e-01 -1.675534062087535858e-02 -9.237229824066162109e-02
3.146070241928100586e-02 6.761774420738220215e-03 6.154286861419677734e-02
-7.073040306568145752e-02 -3.067702054977416992e-03 -1.051934957504272461e-01
1.255755573511123657e-01 -4.717537760734558105e-02 -6.808042526245117188e-04
4.156774282455444336e-02 -1.799532771110534668e-02 -8.981227874755859375e-04
-6.245374679565429688e-03 -1.423877477645874023e-02 -7.015132904052734375e-02
6.598532199859619141e-02 -6.581842899322509766e-03 5.514168739318847656e-02
3.034442663192749023e-02 1.805458962917327881e-02 1.539480686187744141e-02
2.977156639099121094e-02 -1.157718896865844727e-02 -4.054474830627441406e-02
3.701633214950561523e-02 -1.521423459053039551e-02 -1.043951511383056641e-02
3.491532802581787109e-02 -5.426704883575439453e-04 -2.659988403320312500e-02
-1.441127061843872070e-02 -9.240910410881042480e-03 -3.383362293243408203e-02
3.223425149917602539e-02 -1.410411298274993896e-02 -5.519831180572509766e-02
-8.165240287780761719e-04 -1.231178641319274902e-03 1.290917396545410156e-03
8.446627855300903320e-02 -3.109653294086456299e-02 -6.187558174133300781e-03
1.977866888046264648e-02 -4.267096519470214844e-04 -6.311535835266113281e-03
-2.750605344772338867e-02 -4.434943199157714844e-03 -9.498715400695800781e-03
-1.210153102874755859e-02 3.448620438575744629e-03 3.444635868072509766e-02
3.497999906539916992e-02 -2.302810549736022949e-03 -2.655994892120361328e-02
-3.114080429077148438e-02 2.487644553184509277e-02 4.185628890991210938e-02
1.005649566650390625e-03 1.314391195774078369e-02 8.218646049499511719e-03
1.017785072326660156e-02 -7.623478770256042480e-03 2.631366252899169922e-02
2.319037914276123047e-03 -4.532933235168457031e-05 -9.763240814208984375e-04
-2.483570575714111328e-02 -3.248974680900573730e-03 -1.376497745513916016e-02
5.016440153121948242e-02 8.437931537628173828e-03 -5.490899085998535156e-03
2.549588680267333984e-03 -3.959238529205322266e-05 -2.039432525634765625e-03
-1.689314842224121094e-03 -3.494143486022949219e-03 5.738735198974609375e-03
-1.385481357574462891e-01 2.484181523323059082e-02 -9.647250175476074219e-02
2.057719230651855469e-02 -4.022866487503051758e-04 -1.650035381317138672e-02
3.224849700927734375e-03 2.440661191940307617e-04 -4.398822784423828125e-05
