0.000000000000000000e+00 0.000000000000000000e+00 0.000000000000000000e+00
-1.195733249187469309e-02 -3.571077063679695823e-02 9.989930987358092151e-01
1.561617851257324392e-02 -8.087049797177316146e-02 1.916697621345520020e+00
4.423908889293670654e-02 -1.013409011065960069e-01 2.811255931854248047e+00
1.271533966064453125e-01 -1.229637209326028963e-01 3.715825140476226807e+00
1.820145696401596069e-01 -1.621712911874055862e-01 4.710074484348297119e+00
2.766002118587493896e-01 -2.168779242783784866e-01 5.715189635753631592e+00
3.953417688608169556e-01 -2.991445381194353104e-01 6.755855619907379150e+00
5.466868728399276733e-01 -3.787325341254472733e-01 7.742532312870025635e+00
7.412096261978149414e-01 -4.714266527444124222e-01 8.812637507915496826e+00
9.294965118169784546e-01 -4.918274506926536560e-01 9.787826836109161377e+00
1.227733179926872253e+00 -5.058626160025596619e-01 1.077351379394531250e+01
1.494944915175437927e+00 -5.103696649894118309e-01 1.170080196857452393e+01
1.764374658465385437e+00 -5.129145467653870583e-01 1.262864965200424194e+01
2.044356092810630798e+00 -5.196257038041949272e-01 1.354180800914764404e+01
2.298765107989311218e+00 -5.336446957662701607e-01 1.437586790323257446e+01
2.647020146250724792e+00 -5.480305766686797142e-01 1.518162959814071655e+01
3.014837071299552917e+00 -5.581540623679757118e-01 1.595309990644454956e+01
3.346187815070152283e+00 -5.806702924892306328e-01 1.653221899271011353e+01
3.657311126589775085e+00 -5.999411391094326973e-01 1.713307958841323853e+01
4.012595638632774353e+00 -6.061966558918356895e-01 1.761931619048118591e+01
4.472525581717491150e+00 -6.140106031671166420e-01 1.811116993427276611e+01
5.114546880125999451e+00 -6.273257760331034660e-01 1.854198938608169556e+01
5.919838175177574158e+00 -6.536066876724362373e-01 1.893620991706848145e+01
6.688931867480278015e+00 -6.746578915044665337e-01 1.926235014200210571e+01
7.416114613413810730e+00 -6.877158926799893379e-01 1.952625548839569092e+01
8.005589172244071960e+00 -6.916232546791434288e-01 1.980485200881958008e+01
8.637077495455741882e+00 -6.878944644704461098e-01 2.005200624465942383e+01
9.165787205100059509e+00 -6.739806076511740685e-01 2.027368676662445068e+01
9.692327842116355896e+00 -6.510472306981682777e-01 2.046270096302032471e+01
1.018835316598415375e+01 -6.462571425363421440e-01 2.063245201110839844e+01
1.077473668754100800e+01 -6.273446688428521156e-01 2.084614771604537964e+01
1.141115950047969818e+01 -6.179775921627879143e-01 2.104064983129501343e+01
1.195257423818111420e+01 -5.959108816459774971e-01 2.122822454571723938e+01
1.247832213342189789e+01 -5.724751343950629234e-01 2.138125905394554138e+01
1.306543503701686859e+01 -5.699925431981682777e-01 2.150783565640449524e+01
1.364979760348796844e+01 -5.619176318868994713e-01 2.160105213522911072e+01
1.425356619060039520e+01 -5.492801489308476448e-01 2.170136615633964539e+01
1.489155320823192596e+01 -5.284765018150210381e-01 2.183413222432136536e+01
1.554731051623821259e+01 -5.155891450121998787e-01 2.195923367142677307e+01
1.624119220674037933e+01 -5.137200644239783287e-01 2.209000489115715027e+01
1.688412462174892426e+01 -5.078353071585297585e-01 2.222514453530311584e+01
1.758570007979869843e+01 -5.112229278311133385e-01 2.232716855406761169e+01
1.824603681266307831e+01 -5.133212665095925331e-01 2.236145529150962830e+01
1.910712866485118866e+01 -5.006710803136229515e-01 2.231610941886901855e+01
1.996430991590023041e+01 -4.955516615882515907e-01 2.233706283755600452e+01
2.078270922601222992e+01 -4.954274324700236320e-01 2.235227173939347267e+01
2.162274549901485443e+01 -4.981310339644551277e-01 2.230871957913041115e+01
2.240517239272594452e+01 -5.020098900422453880e-01 2.228206301294267178e+01
2.321322040259838104e+01 -4.986594477668404579e-01 2.225305718928575516e+01
2.397109936177730560e+01 -4.800981050357222557e-01 2.223164320923388004e+01
2.473502551019191742e+01 -4.596857177093625069e-01 2.208863074518740177e+01
2.555967764556407928e+01 -4.412306463345885277e-01 2.189640731550753117e+01
2.649216775596141815e+01 -4.256906518712639809e-01 2.172528243996202946e+01
2.748381130397319794e+01 -4.130412964150309563e-01 2.149823243357241154e+01
2.847881107032299042e+01 -3.836810113862156868e-01 2.124569560028612614e+01
2.941399924457073212e+01 -3.404609980061650276e-01 2.091047293879091740e+01
3.040613012015819550e+01 -3.108397638425230980e-01 2.058932621218264103e+01
3.134101276099681854e+01 -2.880320185795426369e-01 2.030236751772463322e+01
3.237621550261974335e+01 -2.473279768601059914e-01 2.004293055273592472e+01
3.334406559169292450e+01 -2.291849059984087944e-01 1.977739567495882511e+01
3.434232823550701141e+01 -2.359084123745560646e-01 1.944357199408113956e+01
3.531667993962764740e+01 -2.754979813471436501e-01 1.908079315163195133e+01
3.628128884732723236e+01 -3.278095582500100136e-01 1.866746480204164982e+01
3.731859384477138519e+01 -3.761295834556221962e-01 1.817973870970308781e+01
3.836338959634304047e+01 -4.056698968634009361e-01 1.761343891359865665e+01
3.931086979806423187e+01 -4.349653432145714760e-01 1.705423332192003727e+01
4.028951118886470795e+01 -4.446514351293444633e-01 1.640208942629396915e+01
4.126683895289897919e+01 -4.586802283301949501e-01 1.572254795767366886e+01
4.219173417985439301e+01 -4.882225757464766502e-01 1.509695220924913883e+01
4.309162347018718719e+01 -5.086385542526841164e-01 1.452288205362856388e+01
4.393031923472881317e+01 -5.257049305364489555e-01 1.392047990299761295e+01
4.478988008201122284e+01 -5.446755783632397652e-01 1.322887183167040348e+01
4.560948525369167328e+01 -5.659907003864645958e-01 1.258712060190737247e+01
4.645559309422969818e+01 -5.975694796070456505e-01 1.199046988226473331e+01
4.727753005921840668e+01 -6.125239590182900429e-01 1.141233391501009464e+01
4.809384487569332123e+01 -6.354197664186358452e-01 1.081902403570711613e+01
4.892272625863552094e+01 -6.605672882869839668e-01 1.027684224583208561e+01
4.980529098212718964e+01 -6.930845649912953377e-01 9.665273675695061684e+00
5.070773015916347504e+01 -7.231854898855090141e-01 9.091332862153649330e+00
5.161866711080074310e+01 -7.575004724785685539e-01 8.467011461034417152e+00
5.256316076219081879e+01 -7.860538093373179436e-01 7.879046628251671791e+00
5.346919451653957367e+01 -8.437928510829806328e-01 7.273387441411614418e+00
5.443620364367961884e+01 -8.809196306392550468e-01 6.656366238370537758e+00
5.537918280065059662e+01 -9.181425003334879875e-01 6.070265421643853188e+00
5.630867384374141693e+01 -9.602687535807490349e-01 5.486443707719445229e+00
5.721414236724376678e+01 -9.987290604040026665e-01 4.939986059442162514e+00
5.811278377473354340e+01 -1.042802202515304089e+00 4.372524986043572426e+00
5.900467960536479950e+01 -1.092733654193580151e+00 3.838657805696129799e+00
5.987450669705867767e+01 -1.134410454891622066e+00 3.330753991380333900e+00
6.076759092509746552e+01 -1.171349002979695797e+00 2.812326917424798012e+00
6.167037354409694672e+01 -1.217537171207368374e+00 2.312249073758721352e+00
6.261256967484951019e+01 -1.264264843426644802e+00 1.780049392953515053e+00
6.354213474690914154e+01 -1.298132783733308315e+00 1.283363411203026772e+00
6.442337249219417572e+01 -1.329487933777272701e+00 7.755052540451288223e-01
6.526268456876277924e+01 -1.350337372161448002e+00 2.802134845405817032e-01
6.612111018598079681e+01 -1.369701731018722057e+00 -2.316186334937810898e-01
6.700101731717586517e+01 -1.395762328989803791e+00 -7.619506623595954098e-01
6.781677053868770599e+01 -1.419228090904653072e+00 -1.307361116632819176e+00
6.860220240056514740e+01 -1.443272036500275135e+00 -1.843142380937933922e+00
6.937314616143703461e+01 -1.464131995104253292e+00 -2.358511557802557945e+00
7.017428080737590790e+01 -1.491313812322914600e+00 -2.935099532827734947e+00
7.090036408603191376e+01 -1.512815481983125210e+00 -3.429535558447241783e+00
7.159561531245708466e+01 -1.530242470093071461e+00 -3.932539096102118492e+00
7.227758322656154633e+01 -1.546296571381390095e+00 -4.415939560160040855e+00
7.301290850341320038e+01 -1.557196035049855709e+00 -4.947702160105109215e+00
7.368282715976238251e+01 -1.557188757695257664e+00 -5.555289557203650475e+00
7.444969277083873749e+01 -1.562569473870098591e+00 -6.202600052580237389e+00
7.524071733653545380e+01 -1.574583091773092747e+00 -6.794160416349768639e+00
7.585990135371685028e+01 -1.588104641996324062e+00 -7.364640345796942711e+00
7.649707613885402679e+01 -1.588425585068762302e+00 -7.964723458513617516e+00
7.693960689008235931e+01 -1.581008511595427990e+00 -8.465531757101416588e+00
7.757430146634578705e+01 -1.585008584894239902e+00 -8.928162952885031700e+00
7.810887633264064789e+01 -1.600297923199832439e+00 -9.521837612614035606e+00
7.875383822619915009e+01 -1.617710907943546772e+00 -9.996561547741293907e+00
7.933056692779064178e+01 -1.625064696185290813e+00 -1.053789140842854977e+01
7.989913909137248993e+01 -1.631315124221146107e+00 -1.106696333549916744e+01
8.041531781852245331e+01 -1.629926941357553005e+00 -1.151446973346173763e+01
8.105067567527294159e+01 -1.652750165201723576e+00 -1.193503578566014767e+01
8.165860478579998016e+01 -1.669918584637343884e+00 -1.242146356962621212e+01
8.232777695357799530e+01 -1.676407814957201481e+00 -1.284068890474736691e+01
8.305687539279460907e+01 -1.693317200057208538e+00 -1.326716910861432552e+01
8.377330742776393890e+01 -1.714757521636784077e+00 -1.371083532832562923e+01
8.448125146329402924e+01 -1.747676451690495014e+00 -1.412824111245572567e+01
8.514700995385646820e+01 -1.774183965288102627e+00 -1.465158622525632381e+01
8.578627429902553558e+01 -1.796645374037325382e+00 -1.513523744605481625e+01
8.647865496575832367e+01 -1.815843957476317883e+00 -1.566525911353528500e+01
8.715481774508953094e+01 -1.837557327933609486e+00 -1.616651653312146664e+01
8.793253020942211151e+01 -1.860935817472636700e+00 -1.661699854396283627e+01
8.864172421395778656e+01 -1.875301313586533070e+00 -1.708012886904180050e+01
8.937717263400554657e+01 -1.883485130034387112e+00 -1.754230391047894955e+01
9.009173224866390228e+01 -1.887818434275686741e+00 -1.805737548135221004e+01
9.095513205230236053e+01 -1.908675412647426128e+00 -1.845798425935208797e+01
9.170681516826152802e+01 -1.927033306099474430e+00 -1.884428014419972897e+01
9.255036215484142303e+01 -1.946281294338405132e+00 -1.927559002302587032e+01
9.347595994174480438e+01 -1.965772961266338825e+00 -1.975835331343114376e+01
9.440319000184535980e+01 -1.979398726485669613e+00 -2.026083936356008053e+01
9.545370839536190033e+01 -1.985825457610189915e+00 -2.072650553844869137e+01
9.643372474610805511e+01 -1.992882548831403255e+00 -2.116821165941655636e+01
9.726339642703533173e+01 -2.014051818288862705e+00 -2.156406100653111935e+01
9.814405827224254608e+01 -2.047460966743528843e+00 -2.196308501623570919e+01
9.909227918088436127e+01 -2.076221431605517864e+00 -2.223628722690045834e+01
1.000432830899953842e+02 -2.097284288145601749e+00 -2.257139818929135799e+01
1.009500351399183273e+02 -2.116158212535083294e+00 -2.292651688121259212e+01
1.018749421089887619e+02 -2.128063640557229519e+00 -2.332885186932981014e+01
1.028657131642103195e+02 -2.133327350951731205e+00 -2.378620939515531063e+01
1.038891630619764328e+02 -2.168270208872854710e+00 -2.418411748670041561e+01
1.049114586561918259e+02 -2.206907228566706181e+00 -2.457845722697675228e+01
1.058263231962919235e+02 -2.246275455690920353e+00 -2.488088642619550228e+01
1.067072341889142990e+02 -2.278755021281540394e+00 -2.520089470408856869e+01
1.077492746561765671e+02 -2.294147838838398457e+00 -2.557913373969495296e+01
1.087661383599042892e+02 -2.322542159818112850e+00 -2.594709317944943905e+01
1.097469824999570847e+02 -2.348675710149109364e+00 -2.621511005423963070e+01
1.106584548801183701e+02 -2.366702926345169544e+00 -2.643228208087384701e+01
1.115877079814672470e+02 -2.372895962558686733e+00 -2.670164429210126400e+01
1.125627246946096420e+02 -2.390025521628558636e+00 -2.694344322942197323e+01
1.135913348048925400e+02 -2.384150861762464046e+00 -2.717441250942647457e+01
1.146254457086324692e+02 -2.376490128226578236e+00 -2.740606119297444820e+01
1.156554747670888901e+02 -2.373334850184619427e+00 -2.763636608980596066e+01
1.166959307044744492e+02 -2.371488855220377445e+00 -2.785690568946301937e+01
1.176537012904882431e+02 -2.360737466253340244e+00 -2.809937702678143978e+01
1.186766799539327621e+02 -2.354085537604987621e+00 -2.829463495872914791e+01
1.196644338220357895e+02 -2.349109684117138386e+00 -2.851041134260594845e+01
1.205670099705457687e+02 -2.333249649964272976e+00 -2.869565959833562374e+01
1.213717014640569687e+02 -2.322333031333982944e+00 -2.886227711103856564e+01
1.222348267287015915e+02 -2.309043469838798046e+00 -2.908320631645619869e+01
1.232824472635984421e+02 -2.316289845854043961e+00 -2.923237641714513302e+01
1.241868383139371872e+02 -2.317006274126470089e+00 -2.936133166216313839e+01
1.249971358031034470e+02 -2.313302920199930668e+00 -2.947008352540433407e+01
1.258455585092306137e+02 -2.324949658475816250e+00 -2.960425983928143978e+01
1.267161659449338913e+02 -2.325295352376997471e+00 -2.968942355178296566e+01
1.275805273503065109e+02 -2.336251082830131054e+00 -2.981737940572202206e+01
1.284198415130376816e+02 -2.321998956613242626e+00 -2.994825248979032040e+01
1.293139008134603500e+02 -2.333218676038086414e+00 -3.000379680655896664e+01
1.301567439883947372e+02 -2.336637652479112148e+00 -3.012761013768613338e+01
1.309602477401494980e+02 -2.350275539793074131e+00 -3.024088250659406185e+01
1.317644432634115219e+02 -2.351360234431922436e+00 -3.036852364800870419e+01
1.325317636579275131e+02 -2.357506957836449146e+00 -3.051715986989438534e+01
1.333771148175001144e+02 -2.377201042138040066e+00 -3.068578987382352352e+01
1.343135687559843063e+02 -2.409433311782777309e+00 -3.088103406690061092e+01
1.351707079857587814e+02 -2.429541827179491520e+00 -3.107055412791669369e+01
1.360513140410184860e+02 -2.436977854929864407e+00 -3.129809450171887875e+01
1.369152916520833969e+02 -2.427352254278957844e+00 -3.149843751452863216e+01
1.377735236138105392e+02 -2.398529428057372570e+00 -3.175327443145215511e+01
1.386435490101575851e+02 -2.383032848127186298e+00 -3.200236930511891842e+01
1.395068000406026840e+02 -2.363939750008285046e+00 -3.225852250121533871e+01
1.401555261462926865e+02 -2.334952821023762226e+00 -3.254356967471539974e+01
1.408570959419012070e+02 -2.307963646017014980e+00 -3.285189222358167171e+01
1.416022425144910812e+02 -2.294125488959252834e+00 -3.311449163220822811e+01
1.421453320235013962e+02 -2.296580000780522823e+00 -3.335489853285253048e+01
1.428429710119962692e+02 -2.242609671317040920e+00 -3.355794148705899715e+01
1.435023633688688278e+02 -2.249079977162182331e+00 -3.373446460627019405e+01
1.442035305947065353e+02 -2.269814661704003811e+00 -3.385622896812856197e+01
1.449513441175222397e+02 -2.287772740237414837e+00 -3.396113898418843746e+01
1.457286800593137741e+02 -2.314892924390733242e+00 -3.412070550583302975e+01
1.464955409616231918e+02 -2.338299716822803020e+00 -3.419187196157872677e+01
1.472472064346075058e+02 -2.360022061504423618e+00 -3.422279854491353035e+01
1.480351105779409409e+02 -2.384330145083367825e+00 -3.425623931363224983e+01
1.489417813271284103e+02 -2.417206770740449429e+00 -3.429626049473881721e+01
1.497503505796194077e+02 -2.440675375051796436e+00 -3.433321096375584602e+01
1.506099971383810043e+02 -2.458979095332324505e+00 -3.438838799670338631e+01
1.514157105535268784e+02 -2.484574918635189533e+00 -3.444801254943013191e+01
1.522068659514188766e+02 -2.513527906499803066e+00 -3.452950741723179817e+01
1.530570466369390488e+02 -2.539352797903120518e+00 -3.460340698435902596e+01
1.539211843460798264e+02 -2.543557404540479183e+00 -3.463846429064869881e+01
1.547821991890668869e+02 -2.547853895463049412e+00 -3.470059462264180183e+01
1.554927533119916916e+02 -2.570492458529770374e+00 -3.477301659062504768e+01
1.561362563222646713e+02 -2.580376124940812588e+00 -3.486443563178181648e+01
1.568381858915090561e+02 -2.594999888911843300e+00 -3.490988041833043098e+01
1.575612661689519882e+02 -2.621124874800443649e+00 -3.498353286460042000e+01
1.582837107628583908e+02 -2.645872237160801888e+00 -3.503986050561070442e+01
1.589926784485578537e+02 -2.671087924391031265e+00 -3.508804221823811531e+01
1.597135792225599289e+02 -2.694162556901574135e+00 -3.514407338574528694e+01
1.603931891769170761e+02 -2.718208929523825645e+00 -3.519754167273640633e+01
1.610830971449613571e+02 -2.745210651308298111e+00 -3.522671707160770893e+01
1.618042269796133041e+02 -2.768615365028381348e+00 -3.524776650965213776e+01
1.625947819203138351e+02 -2.800600238144397736e+00 -3.532113660871982574e+01
1.633406955450773239e+02 -2.841591626405715942e+00 -3.535836328566074371e+01
1.640718777626752853e+02 -2.869892841205000877e+00 -3.540805055201053619e+01
1.647558013647794724e+02 -2.896197272464632988e+00 -3.545786048471927643e+01
1.654405869692564011e+02 -2.925418205559253693e+00 -3.550016249716281891e+01
1.661486017554998398e+02 -2.956899471580982208e+00 -3.555485798418521881e+01
1.669334051460027695e+02 -2.986509691923856735e+00 -3.560504849255084991e+01
1.677072033733129501e+02 -3.015918543562293053e+00 -3.564377363026142120e+01
1.684494992941617966e+02 -3.046186430379748344e+00 -3.566931165568530560e+01
1.691713425368070602e+02 -3.064406273886561394e+00 -3.568177122995257378e+01
1.698880593031644821e+02 -3.083745624870061874e+00 -3.566219354607164860e+01
1.706320833414793015e+02 -3.106134228408336639e+00 -3.562562120892107487e+01
1.714115758389234543e+02 -3.140142165124416351e+00 -3.559781921654939651e+01
1.722290590852499008e+02 -3.163032848387956619e+00 -3.559175342880189419e+01
1.730511178225278854e+02 -3.182385969907045364e+00 -3.557301396504044533e+01
1.738870345801115036e+02 -3.213147550821304321e+00 -3.552224856987595558e+01
1.747435620278120041e+02 -3.238059714436531067e+00 -3.545093161240220070e+01
1.755515086501836777e+02 -3.262992052361369133e+00 -3.536443907395005226e+01
1.763565378636121750e+02 -3.278297499753534794e+00 -3.529633778706192970e+01
1.771058176606893539e+02 -3.299081840552389622e+00 -3.521373767033219337e+01
1.778775330036878586e+02 -3.316512870602309704e+00 -3.518904382176697254e+01
1.787329645603895187e+02 -3.323278944008052349e+00 -3.512188160605728626e+01
1.796136699169874191e+02 -3.334946347400546074e+00 -3.503416472859680653e+01
1.804989803284406662e+02 -3.347271308302879333e+00 -3.492283201403915882e+01
1.813167694061994553e+02 -3.356330094859004021e+00 -3.480602270551025867e+01
1.820722096413373947e+02 -3.377523757517337799e+00 -3.471076908893883228e+01
1.827476301640272141e+02 -3.385968465358018875e+00 -3.454938006587326527e+01
1.833778728693723679e+02 -3.395875313319265842e+00 -3.442336240597069263e+01
1.840871199816465378e+02 -3.408508230932056904e+00 -3.431625580973923206e+01
1.848128344267606735e+02 -3.411667165346443653e+00 -3.422191363759338856e+01
1.857192119210958481e+02 -3.408529377542436123e+00 -3.421448266506195068e+01
1.866674083322286606e+02 -3.404166066087782383e+00 -3.414451235532760620e+01
1.876048432439565659e+02 -3.395172518678009510e+00 -3.406453627347946167e+01
1.885103106945753098e+02 -3.391828886233270168e+00 -3.399186444282531738e+01
1.893728535622358322e+02 -3.390736374072730541e+00 -3.387100231647491455e+01
1.902336408942937851e+02 -3.387726659886538982e+00 -3.375523471832275391e+01
1.911084433048963547e+02 -3.383425409905612469e+00 -3.366179054975509644e+01
1.920307012051343918e+02 -3.372771739028394222e+00 -3.360681855678558350e+01
1.928955401033163071e+02 -3.358479433692991734e+00 -3.354247593879699707e+01
1.937671962827444077e+02 -3.344773032702505589e+00 -3.347453004121780396e+01
1.946235655397176743e+02 -3.323259959928691387e+00 -3.336096698045730591e+01
1.954928476661443710e+02 -3.300521110184490681e+00 -3.324474960565567017e+01
1.962733622640371323e+02 -3.289780384860932827e+00 -3.305184096097946167e+01
1.970693139284849167e+02 -3.274298985488712788e+00 -3.288480317592620850e+01
1.979270969480276108e+02 -3.262303880415856838e+00 -3.262848156690597534e+01
1.987455559223890305e+02 -3.245638788677752018e+00 -3.238463932275772095e+01
1.995377396196126938e+02 -3.237969215027987957e+00 -3.205833715200424194e+01
2.003465435951948166e+02 -3.225119830109179020e+00 -3.180107951164245605e+01
2.011532624810934067e+02 -3.213185212574899197e+00 -3.155107444524765015e+01
2.019382015317678452e+02 -3.200634048320353031e+00 -3.124038785696029663e+01
2.026922049373388290e+02 -3.182616877369582653e+00 -3.098643910884857178e+01
2.034252473562955856e+02 -3.166849167086184025e+00 -3.070648652315139771e+01
2.041000205725431442e+02 -3.154857733286917210e+00 -3.044067460298538208e+01
2.047869867533445358e+02 -3.142386446706950665e+00 -3.017185103893280029e+01
2.054603192657232285e+02 -3.131438712589442730e+00 -2.986145961284637451e+01
2.061439195722341537e+02 -3.119530730880796909e+00 -2.959671062231063843e+01
2.068693470805883408e+02 -3.109563729725778103e+00 -2.925174170732498169e+01
2.075333810299634933e+02 -3.104004272259771824e+00 -2.892681327462196350e+01
2.081893332451581955e+02 -3.100031594745814800e+00 -2.857751277089118958e+01
2.088950061649084091e+02 -3.099757530726492405e+00 -2.827210077643394470e+01
2.095766859501600266e+02 -3.094505465589463711e+00 -2.800669953227043152e+01
2.102744427174329758e+02 -3.086690769530832767e+00 -2.779738476872444153e+01
2.109334381073713303e+02 -3.083550411276519299e+00 -2.754485186934471130e+01
2.116093209832906723e+02 -3.086427313275635242e+00 -2.733451795578002930e+01
2.123125309795141220e+02 -3.101389146409928799e+00 -2.711383384466171265e+01
2.130499851554632187e+02 -3.126497578807175159e+00 -2.692354613542556763e+01
2.137142212241888046e+02 -3.140122524462640285e+00 -2.669784471392631531e+01
2.144262441247701645e+02 -3.153039404191076756e+00 -2.648342230916023254e+01
2.150488648861646652e+02 -3.166639450006186962e+00 -2.620606866478919983e+01
2.157345387786626816e+02 -3.174706217832863331e+00 -2.598426285386085510e+01
2.164978310912847519e+02 -3.179993134923279285e+00 -2.579622974991798401e+01
2.173600378483533859e+02 -3.202994509600102901e+00 -2.558628234267234802e+01
2.181870169490575790e+02 -3.223726016469299793e+00 -2.541207101941108704e+01
2.190306461304426193e+02 -3.234544596634805202e+00 -2.523631152510643005e+01
2.199212948530912399e+02 -3.235609333962202072e+00 -2.509068664908409119e+01
2.208125277012586594e+02 -3.231031980365514755e+00 -2.494782832264900208e+01
2.216489596813917160e+02 -3.225147290155291557e+00 -2.477259126305580139e+01
2.225593886226415634e+02 -3.213008712977170944e+00 -2.465171995759010315e+01
2.234749357551336288e+02 -3.198490085080265999e+00 -2.445057222247123718e+01
2.244411377757787704e+02 -3.187197454273700714e+00 -2.428835096955299377e+01
2.253920302242040634e+02 -3.177515340968966484e+00 -2.414024600386619568e+01
2.263347041457891464e+02 -3.166151585057377815e+00 -2.400798919796943665e+01
2.273096843808889389e+02 -3.161685442551970482e+00 -2.387855550646781921e+01
2.282554198354482651e+02 -3.154163602739572525e+00 -2.376369580626487732e+01
2.292314269393682480e+02 -3.146235687658190727e+00 -2.364623621106147766e+01
2.302022427171468735e+02 -3.146442625671625137e+00 -2.350362208485603333e+01
2.311915866583585739e+02 -3.140487603843212128e+00 -2.334790381789207458e+01
2.321894952505826950e+02 -3.138839440420269966e+00 -2.315384289622306824e+01
2.331490573137998581e+02 -3.135155688971281052e+00 -2.295094320178031921e+01
2.341134604066610336e+02 -3.131681950762867928e+00 -2.274469771981239319e+01
2.350675123780965805e+02 -3.127527773380279541e+00 -2.248905143141746521e+01
2.360752183049917221e+02 -3.116276504471898079e+00 -2.219524416327476501e+01
2.370548065155744553e+02 -3.107073860242962837e+00 -2.191995808482170105e+01
2.379986654967069626e+02 -3.095349736511707306e+00 -2.164238163828849792e+01
2.389196193069219589e+02 -3.092002740129828453e+00 -2.139960786700248718e+01
2.398279719799757004e+02 -3.086764857172966003e+00 -2.108545514941215515e+01
2.407394620627164841e+02 -3.080564806237816811e+00 -2.076088431477546692e+01
2.416275932043790817e+02 -3.066145110875368118e+00 -2.040608903765678406e+01
2.424978361576795578e+02 -3.045186379924416542e+00 -2.005491432547569275e+01
2.433421698063611984e+02 -3.021292146295309067e+00 -1.969338354468345642e+01
2.441795809715986252e+02 -2.997433697804808617e+00 -1.928872302174568176e+01
2.450207693427801132e+02 -2.974305287003517151e+00 -1.895378598570823669e+01
2.458693962544202805e+02 -2.962268058210611343e+00 -1.862303021550178528e+01
2.467641203254461288e+02 -2.940205713734030724e+00 -1.829928967356681824e+01
2.476059161871671677e+02 -2.919438071548938751e+00 -1.784981200098991394e+01
2.485096167773008347e+02 -2.899083787575364113e+00 -1.747045066952705383e+01
2.494274250715970993e+02 -2.896785993129014969e+00 -1.718602654337882996e+01
2.503198799937963486e+02 -2.896761596202850342e+00 -1.690277057886123657e+01
2.511736786812543869e+02 -2.884238842874765396e+00 -1.663001191616058350e+01
2.519443041533231735e+02 -2.858443176373839378e+00 -1.629811722040176392e+01
2.528233509510755539e+02 -2.842033568769693375e+00 -1.594362497329711914e+01
2.535968820303678513e+02 -2.830450972542166710e+00 -1.548921662569046021e+01
2.544794022887945175e+02 -2.828225806355476379e+00 -1.497708576917648315e+01
2.553767778724431992e+02 -2.819606838747859001e+00 -1.454627948999404907e+01
2.562312210053205490e+02 -2.814830215647816658e+00 -1.421772974729537964e+01
2.571040254086256027e+02 -2.810398072004318237e+00 -1.393856471776962280e+01
2.579638860672712326e+02 -2.799329420551657677e+00 -1.366766768693923950e+01
2.587919649332761765e+02 -2.785351034253835678e+00 -1.337338197231292725e+01
2.596415082663297653e+02 -2.765622777864336967e+00 -1.305054986476898193e+01
2.603936815112829208e+02 -2.769484348595142365e+00 -1.261940082907676697e+01
2.612270494550466537e+02 -2.769334366545081139e+00 -1.225715127587318420e+01
2.620636380761861801e+02 -2.770639190450310707e+00 -1.189535829424858093e+01
2.628813236802816391e+02 -2.776507191359996796e+00 -1.149769166111946106e+01
2.637216166108846664e+02 -2.783067796379327774e+00 -1.106616964936256409e+01
2.645904889553785324e+02 -2.787680654786527157e+00 -1.066075405478477478e+01
2.654128146022558212e+02 -2.797608436085283756e+00 -1.024469456076622009e+01
2.662556865662336349e+02 -2.806383631192147732e+00 -9.887008637189865112e+00
2.671036746352910995e+02 -2.804059741087257862e+00 -9.567676812410354614e+00
2.679537364691495895e+02 -2.795027731917798519e+00 -9.243466526269912720e+00
2.687670565098524094e+02 -2.800533638335764408e+00 -8.780329078435897827e+00
2.695406048744916916e+02 -2.802694479934871197e+00 -8.327119499444961548e+00
2.703346451967954636e+02 -2.803139523603022099e+00 -7.845912128686904907e+00
2.711136456578969955e+02 -2.806055123917758465e+00 -7.395737320184707642e+00
2.718343846052885056e+02 -2.811589141376316547e+00 -6.853004544973373413e+00
2.725648820251226425e+02 -2.819607599638402462e+00 -6.271220535039901733e+00
2.733420813530683517e+02 -2.827244558371603489e+00 -5.636769801378250122e+00
2.741292361468076706e+02 -2.833555470220744610e+00 -5.008350759744644165e+00
2.749403350800275803e+02 -2.845253092236816883e+00 -4.483388394117355347e+00
2.757958794087171555e+02 -2.847317679785192013e+00 -4.085622340440750122e+00
2.766230287402868271e+02 -2.847790648229420185e+00 -3.631189852952957153e+00
2.774624699205160141e+02 -2.855419560335576534e+00 -3.084541290998458862e+00
2.782754996865987778e+02 -2.868206114508211613e+00 -2.488761037588119507e+00
2.790658147186040878e+02 -2.881429041735827923e+00 -1.897096306085586548e+00
2.799124113172292709e+02 -2.890099291689693928e+00 -1.297845691442489624e+00
2.807812162488698959e+02 -2.897596186958253384e+00 -7.946684658527374268e-01
2.815679192990064621e+02 -2.909027689136564732e+00 -3.547891080379486084e-01
2.823435941189527512e+02 -2.918542499653995037e+00 1.380156576633453924e-01
2.831821673363447189e+02 -2.916938432492315769e+00 6.832530796527862549e-01
2.840315971821546555e+02 -2.910871366970241070e+00 1.215802460908889771e+00
2.848869713395833969e+02 -2.911656898446381092e+00 1.729931384325027466e+00
2.857243388146162033e+02 -2.909917122684419155e+00 2.163979500532150269e+00
2.865477298945188522e+02 -2.910487419925630093e+00 2.654795259237289429e+00
2.873149277418851852e+02 -2.917151656933128834e+00 3.088705629110336304e+00
2.880708587616682053e+02 -2.926610550843179226e+00 3.627850502729415894e+00
2.888367047160863876e+02 -2.940428131259977818e+00 4.144761353731155396e+00
2.895924123376607895e+02 -2.959163996390998363e+00 4.589787572622299194e+00
2.902747127860784531e+02 -2.983330485410988331e+00 5.174392312765121460e+00
2.909733794778585434e+02 -3.002404182218015194e+00 5.679375082254409790e+00
2.916507323831319809e+02 -3.016249486245214939e+00 6.150655716657638550e+00
2.923429287523031235e+02 -3.025799560360610485e+00 6.682940274477005005e+00
2.931145104616880417e+02 -3.028905768878757954e+00 7.360977917909622192e+00
2.937911686152219772e+02 -3.026555485092103481e+00 8.013995975255966187e+00
2.945258718580007553e+02 -3.032720603980123997e+00 8.643929809331893921e+00
2.952337989658117294e+02 -3.031806069426238537e+00 9.281618326902389526e+00
2.959769171327352524e+02 -3.027955641038715839e+00 9.943432658910751343e+00
2.967165520638227463e+02 -3.018450441770255566e+00 1.056226608157157898e+01
2.974686043709516525e+02 -3.007930708117783070e+00 1.113109335303306580e+01
2.982848685830831528e+02 -2.994267347268760204e+00 1.172489580512046814e+01
2.990698488205671310e+02 -2.961527082137763500e+00 1.236121794581413269e+01
2.999006655663251877e+02 -2.927165585570037365e+00 1.299357309937477112e+01
3.007892478555440903e+02 -2.901705489493906498e+00 1.361587581038475037e+01
3.016644422262907028e+02 -2.881334467791020870e+00 1.415134552121162415e+01
3.024844068139791489e+02 -2.851473496295511723e+00 1.471063902974128723e+01
3.033527709692716599e+02 -2.848633185960352421e+00 1.516200765967369080e+01
3.041985879987478256e+02 -2.839867069385945797e+00 1.561054468154907227e+01
3.050342640727758408e+02 -2.833230131305754185e+00 1.608978587388992310e+01
3.058878735154867172e+02 -2.833092345856130123e+00 1.656557491421699524e+01
3.067458299249410629e+02 -2.832202472724020481e+00 1.701226207613945007e+01
3.076094495505094528e+02 -2.829821723513305187e+00 1.750012764334678650e+01
3.084606953710317612e+02 -2.829267487861216068e+00 1.804223009943962097e+01
3.092389988750219345e+02 -2.838842253200709820e+00 1.864003786444664001e+01
3.100052207559347153e+02 -2.848382917232811451e+00 1.917361995577812195e+01
3.107326791733503342e+02 -2.856730862520635128e+00 1.968519714474678040e+01
3.115038017481565475e+02 -2.863506478257477283e+00 2.025459101796150208e+01
3.122760339826345444e+02 -2.866352477110922337e+00 2.086032983660697937e+01
3.130866002291440964e+02 -2.867621877230703831e+00 2.151854172348976135e+01
3.138335822075605392e+02 -2.870938833802938461e+00 2.215264084935188293e+01
3.145568610280752182e+02 -2.879554245620965958e+00 2.283528658747673035e+01
3.152794769853353500e+02 -2.880499573424458504e+00 2.351525244116783142e+01
3.160336097329854965e+02 -2.879816863685846329e+00 2.423454591631889343e+01
3.167840182632207870e+02 -2.876414200291037560e+00 2.491596826910972595e+01
3.174931586235761642e+02 -2.874334000051021576e+00 2.558808907866477966e+01
3.182190804928541183e+02 -2.872064175084233284e+00 2.629355654120445251e+01
3.189813925474882126e+02 -2.872427616268396378e+00 2.700544354319572449e+01
3.197256705611944199e+02 -2.874529143795371056e+00 2.773736485838890076e+01
3.204953771084547043e+02 -2.889031887054443359e+00 2.849965640902519226e+01
3.213027148693799973e+02 -2.898989522829651833e+00 2.926950070261955261e+01
3.221056137531995773e+02 -2.914358902722597122e+00 3.009972694516181946e+01
3.227786795347929001e+02 -2.934177098795771599e+00 3.091058006882667542e+01
3.234273483604192734e+02 -2.952468954026699066e+00 3.172039142251014709e+01
3.241205895990133286e+02 -2.961986655369400978e+00 3.257066336274147034e+01
3.247698369473218918e+02 -2.972406681627035141e+00 3.334547939896583557e+01
3.254198399037122726e+02 -2.984743474051356316e+00 3.413177117705345154e+01
3.260346367806196213e+02 -3.006049409508705139e+00 3.495113834738731384e+01
3.266883722990751266e+02 -3.017553383484482765e+00 3.578103771805763245e+01
3.273764774650335312e+02 -3.027151878923177719e+00 3.663838282227516174e+01
3.280819412916898727e+02 -3.036733103916049004e+00 3.751803925633430481e+01
3.287600694745779037e+02 -3.048027209937572479e+00 3.837947139143943787e+01
3.294107766598463058e+02 -3.054923789575695992e+00 3.927887406945228577e+01
3.301031773537397385e+02 -3.062745969742536545e+00 4.022171649336814880e+01
3.307727006524801254e+02 -3.068442290648818016e+00 4.118599268794059753e+01
3.314118465036153793e+02 -3.075327843427658081e+00 4.218207535147666931e+01
3.320579125136137009e+02 -3.079938190057873726e+00 4.314961931109428406e+01
3.326685560196638107e+02 -3.082525927573442459e+00 4.396362790465354919e+01
3.333025976866483688e+02 -3.096168553456664085e+00 4.476532742381095886e+01
3.339343996495008469e+02 -3.109233580529689789e+00 4.555784878134727478e+01
3.345469783991575241e+02 -3.114640848711133003e+00 4.640580710768699646e+01
3.351604812592267990e+02 -3.114090640097856522e+00 4.720475855469703674e+01
3.357343889921903610e+02 -3.112378424033522606e+00 4.796371826529502869e+01
3.363045984357595444e+02 -3.102869063615798950e+00 4.864662918448448181e+01
3.368944323509931564e+02 -3.096446039155125618e+00 4.933729848265647888e+01
3.374988388866186142e+02 -3.091388616710901260e+00 4.996826407313346863e+01
3.380876266211271286e+02 -3.075242986902594566e+00 5.055502232909202576e+01
3.387344181984663010e+02 -3.065058935433626175e+00 5.124456331133842468e+01
3.393882122486829758e+02 -3.055598502978682518e+00 5.191527798771858215e+01
3.400589094012975693e+02 -3.064172573387622833e+00 5.267945578694343567e+01
3.406717527359724045e+02 -3.066669525578618050e+00 5.341812530159950256e+01
3.412984918206930161e+02 -3.063749451190233231e+00 5.419573161005973816e+01
3.418833887428045273e+02 -3.055296404287219048e+00 5.498930743336677551e+01
3.425565115660429001e+02 -3.042865697294473648e+00 5.575147774815559387e+01
3.431488272994756699e+02 -3.032929515466094017e+00 5.652611222863197327e+01
3.437127808183431625e+02 -3.018900513648986816e+00 5.726951184868812561e+01
3.443371665328741074e+02 -2.995855679735541344e+00 5.805964389443397522e+01
3.448784220665693283e+02 -2.976811114698648453e+00 5.875551900267601013e+01
3.454179249852895737e+02 -2.958998167887330055e+00 5.953623530268669128e+01
3.460045759528875351e+02 -2.949175573885440826e+00 6.020448538661003113e+01
3.465825079530477524e+02 -2.932558694854378700e+00 6.079510053992271423e+01
3.471843795627355576e+02 -2.922673925757408142e+00 6.148234936594963074e+01
3.477297936528921127e+02 -2.915070006623864174e+00 6.207205197215080261e+01
3.482903637737035751e+02 -2.904641851782798767e+00 6.277402034401893616e+01
3.488482745140790939e+02 -2.898825922980904579e+00 6.341105821728706360e+01
3.494400523751974106e+02 -2.894983142614364624e+00 6.402743676304817200e+01
3.500573010891675949e+02 -2.888428743928670883e+00 6.459474536776542664e+01
3.506391345113515854e+02 -2.883915556594729424e+00 6.526695522665977478e+01
3.511686274260282516e+02 -2.890263609588146210e+00 6.583880165219306946e+01
3.517279671877622604e+02 -2.887614706531167030e+00 6.648640331625938416e+01
3.523126579970121384e+02 -2.893636521883308887e+00 6.710965529084205627e+01
3.527585701197385788e+02 -2.891323833726346493e+00 6.773542740941047668e+01
3.532853136509656906e+02 -2.903419260866940022e+00 6.824675020575523376e+01
3.538198891133069992e+02 -2.914532114751636982e+00 6.881407788395881653e+01
3.543821661323308945e+02 -2.926938361488282681e+00 6.939508745074272156e+01
3.550090433210134506e+02 -2.936384895816445351e+00 6.989940276741981506e+01
3.556316575855016708e+02 -2.938546784222126007e+00 7.044856831431388855e+01
3.562637296169996262e+02 -2.941038183867931366e+00 7.101886710524559021e+01
3.569036431759595871e+02 -2.941213227808475494e+00 7.156750091910362244e+01
3.574775365442037582e+02 -2.956725273281335831e+00 7.206969580054283142e+01
3.581397100538015366e+02 -2.958414440043270588e+00 7.257570311427116394e+01
3.587254150956869125e+02 -2.952769315801560879e+00 7.316927501559257507e+01
3.593399941176176071e+02 -2.936849680729210377e+00 7.372882589697837830e+01
3.599931014031171799e+02 -2.927563874982297421e+00 7.427373281121253967e+01
3.607078622430562973e+02 -2.913290255703032017e+00 7.484558424353599548e+01
3.614932328313589096e+02 -2.898316397331655025e+00 7.536462661623954773e+01
3.622579654902219772e+02 -2.885515521280467510e+00 7.591190615296363831e+01
3.629613196104764938e+02 -2.875148844905197620e+00 7.648052445054054260e+01
3.636764015406370163e+02 -2.867008953355252743e+00 7.704332020878791809e+01
3.644537898749113083e+02 -2.872823649086058140e+00 7.744261220097541809e+01
3.653076584786176682e+02 -2.873350183479487896e+00 7.783745536208152771e+01
3.660158715695142746e+02 -2.881754445843398571e+00 7.827688959240913391e+01
3.666476314514875412e+02 -2.882361939176917076e+00 7.879706075787544250e+01
3.673466437309980392e+02 -2.878861140459775925e+00 7.932625570893287659e+01
3.680291603058576584e+02 -2.872170045971870422e+00 7.993551567196846008e+01
3.686954787820577621e+02 -2.866273727267980576e+00 8.050280496478080750e+01
3.693409146517515182e+02 -2.857121607288718224e+00 8.113921037316322327e+01
3.700212955921888351e+02 -2.840642921626567841e+00 8.172793278098106384e+01
3.706731268614530563e+02 -2.832540443167090416e+00 8.230346211791038513e+01
3.713430310338735580e+02 -2.827225849032402039e+00 8.283508655428886414e+01
3.719966707080602646e+02 -2.829807357862591743e+00 8.345976349711418152e+01
3.726772914975881577e+02 -2.845007088035345078e+00 8.408646121621131897e+01
3.733540752977132797e+02 -2.847856139764189720e+00 8.470696869492530823e+01
3.740048873275518417e+02 -2.856123216450214386e+00 8.543566843867301941e+01
3.746624284237623215e+02 -2.855547310784459114e+00 8.617989465594291687e+01
3.753078722804784775e+02 -2.861069064587354660e+00 8.686189171671867371e+01
3.759308069795370102e+02 -2.857375053688883781e+00 8.749688068032264709e+01
3.765505573600530624e+02 -2.849470231682062149e+00 8.811089864373207092e+01
3.771894972771406174e+02 -2.847686110064387321e+00 8.876422724127769470e+01
3.778994071930646896e+02 -2.838953468948602676e+00 8.932985004782676697e+01
3.785599322170019150e+02 -2.826233310624957085e+00 8.992971321940422058e+01
3.792376734465360641e+02 -2.806272413581609726e+00 9.047506973147392273e+01
3.798970839232206345e+02 -2.787051672115921974e+00 9.100293454527854919e+01
3.805702816694974899e+02 -2.764466363936662674e+00 9.153714689612388611e+01
3.812007125467061996e+02 -2.739723609760403633e+00 9.207878759503364563e+01
3.818795716017484665e+02 -2.709386344999074936e+00 9.259791049361228943e+01
3.825921408981084824e+02 -2.683892382308840752e+00 9.320454803109169006e+01
3.833327513188123703e+02 -2.658594328910112381e+00 9.368315973877906799e+01
3.840915718525648117e+02 -2.629520105198025703e+00 9.412249544262886047e+01
3.848101253360509872e+02 -2.598481025546789169e+00 9.454023578763008118e+01
3.855052240937948227e+02 -2.575148863717913628e+00 9.509176900982856750e+01
3.861210247725248337e+02 -2.564286120235919952e+00 9.569716343283653259e+01
3.867676543444395065e+02 -2.561517616733908653e+00 9.628255084156990051e+01
3.874458077996969223e+02 -2.557384259998798370e+00 9.687036028504371643e+01
3.881852914541959763e+02 -2.554655145853757858e+00 9.744342520833015442e+01
3.889352123588323593e+02 -2.548272093757987022e+00 9.809143510460853577e+01
3.896883236616849899e+02 -2.546083807945251465e+00 9.867136362195014954e+01
3.903954636901617050e+02 -2.543112916871905327e+00 9.936463025212287903e+01
3.910897579044103622e+02 -2.537907661870121956e+00 1.000576564371585846e+02
3.918361965268850327e+02 -2.537591401487588882e+00 1.007159191668033600e+02
3.925985452383756638e+02 -2.541769428178668022e+00 1.013685143887996674e+02
3.933721944540739059e+02 -2.553112544119358063e+00 1.019534101784229279e+02
3.941370016187429428e+02 -2.561774211004376411e+00 1.025383174717426300e+02
3.949171521514654160e+02 -2.575571674853563309e+00 1.031481786668300629e+02
3.956677317470312119e+02 -2.592519862577319145e+00 1.037873644530773163e+02
3.963494617789983749e+02 -2.599949486553668976e+00 1.044148243367671967e+02
3.970103308409452438e+02 -2.596484316512942314e+00 1.050582427680492401e+02
3.976319080442190170e+02 -2.607440017163753510e+00 1.056896581351757050e+02
3.982883747071027756e+02 -2.627728419378399849e+00 1.062530084550380707e+02
3.989625696390867233e+02 -2.646456014364957809e+00 1.068118721544742584e+02
3.996545684784650803e+02 -2.652829376980662346e+00 1.073854626119136810e+02
4.003286271542310715e+02 -2.660666607320308685e+00 1.079491237699985504e+02
4.010634225457906723e+02 -2.672163752838969231e+00 1.085223220884799957e+02
4.016617977470159531e+02 -2.671612121164798737e+00 1.090485962331295013e+02
4.021946880072355270e+02 -2.679216148331761360e+00 1.095170242488384247e+02
4.029069653004407883e+02 -2.692067395895719528e+00 1.101070182621479034e+02
4.036191801279783249e+02 -2.698252690955996513e+00 1.106508962213993073e+02
4.043050227612257004e+02 -2.697460904717445374e+00 1.112387256324291229e+02
4.049457151144742966e+02 -2.696903007104992867e+00 1.118172887265682220e+02
4.056376793235540390e+02 -2.694921124726533890e+00 1.122942360341548920e+02
4.064193571060895920e+02 -2.698667949065566063e+00 1.127931346595287323e+02
4.071880763024091721e+02 -2.707224056124687195e+00 1.131835959255695343e+02
4.079952432364225388e+02 -2.719020480290055275e+00 1.135878378450870514e+02
4.088775272816419601e+02 -2.739834453910589218e+00 1.139275397956371307e+02
4.095374027341604233e+02 -2.742819091305136681e+00 1.142797604501247406e+02
4.102541627734899521e+02 -2.715945474803447723e+00 1.146210374534130096e+02
4.109097594469785690e+02 -2.703533882275223732e+00 1.149874368011951447e+02
4.114761053770780563e+02 -2.681969907134771347e+00 1.153629759848117828e+02
4.120496489852666855e+02 -2.666446609422564507e+00 1.157507822215557098e+02
4.126189321130514145e+02 -2.653657339513301849e+00 1.161043213307857513e+02
4.131107343286275864e+02 -2.630856486037373543e+00 1.165055728852748871e+02
4.136657855361700058e+02 -2.601780157536268234e+00 1.168583582639694214e+02
4.142855861037969589e+02 -2.600985160097479820e+00 1.171935429573059082e+02
4.150037212818861008e+02 -2.591007053852081299e+00 1.175454846322536469e+02
4.157329476326704025e+02 -2.574144331738352776e+00 1.179077143073081970e+02
4.164883918613195419e+02 -2.561571732163429260e+00 1.182039924263954163e+02
4.172083042114973068e+02 -2.546276414766907692e+00 1.184541512727737427e+02
4.179884078353643417e+02 -2.539566669613122940e+00 1.187006660699844360e+02
4.186922189444303513e+02 -2.527510097250342369e+00 1.189348687529563904e+02
4.193660881966352463e+02 -2.514805346727371216e+00 1.191849606931209564e+02
4.201441801637411118e+02 -2.487798886373639107e+00 1.194564343988895416e+02
4.210502154082059860e+02 -2.471636515110731125e+00 1.197011954486370087e+02
4.219524464458227158e+02 -2.444310924038290977e+00 1.199067477881908417e+02
4.228554425090551376e+02 -2.416947446763515472e+00 1.201967084109783173e+02
4.237907200902700424e+02 -2.397869998589158058e+00 1.205195355117321014e+02
4.247940873950719833e+02 -2.389450576156377792e+00 1.208284403979778290e+02
4.257529014796018600e+02 -2.379659427329897881e+00 1.210857392847537994e+02
4.267483194321393967e+02 -2.369800224900245667e+00 1.213391187489032745e+02
4.277878073900938034e+02 -2.351285206153988838e+00 1.215493515431880951e+02
4.288004280775785446e+02 -2.325358990579843521e+00 1.216336039006710052e+02
4.297823245972394943e+02 -2.323015561327338219e+00 1.217051758468151093e+02
4.307932148426771164e+02 -2.307860858738422394e+00 1.217815849483013153e+02
4.317328106015920639e+02 -2.295406868681311607e+00 1.218840409815311432e+02
4.328206835836172104e+02 -2.289111882448196411e+00 1.219515949785709381e+02
4.338192165940999985e+02 -2.284644776955246925e+00 1.220097827017307281e+02
4.347209414690732956e+02 -2.290615219622850418e+00 1.221023721396923065e+02
4.355988769978284836e+02 -2.292655600234866142e+00 1.222563639581203461e+02
4.363799945563077927e+02 -2.280669309198856354e+00 1.223567030131816864e+02
4.372629347294569016e+02 -2.272927233949303627e+00 1.224249236881732941e+02
4.380870278328657150e+02 -2.281769905239343643e+00 1.224889120161533356e+02
4.389944636076688766e+02 -2.287568865343928337e+00 1.225557456910610199e+02
4.398834256380796432e+02 -2.290345665067434311e+00 1.225874154269695282e+02
4.407981324046850204e+02 -2.260404268279671669e+00 1.225821733791381121e+02
4.417729623168706894e+02 -2.209052020683884621e+00 1.225730897523462772e+02
4.427504706829786301e+02 -2.160719016566872597e+00 1.225404438115656376e+02
4.436742721647024155e+02 -2.111937159672379494e+00 1.225552397724241018e+02
4.445813963264226913e+02 -2.075505377724766731e+00 1.225700217857956886e+02
4.455406771749258041e+02 -2.025524513795971870e+00 1.225265539661049843e+02
4.465389991849660873e+02 -1.992798911407589912e+00 1.225014384780079126e+02
4.475721400827169418e+02 -1.984147768467664719e+00 1.225381164941936731e+02
4.486022975295782089e+02 -1.975171020254492760e+00 1.225554097108542919e+02
4.495516125410795212e+02 -1.962199643254280090e+00 1.225693602990359068e+02
4.504943915456533432e+02 -1.943961137905716896e+00 1.225836363285779953e+02
4.513870243877172470e+02 -1.918125189840793610e+00 1.226835332363843918e+02
4.522640676349401474e+02 -1.909392120316624641e+00 1.227738928645849228e+02
4.532101929038763046e+02 -1.909384172409772873e+00 1.228805619925260544e+02
4.541373543590307236e+02 -1.919852403923869133e+00 1.230433420389890671e+02
4.550704068988561630e+02 -1.930735997855663300e+00 1.232281083911657333e+02
4.559398310631513596e+02 -1.936091499403119087e+00 1.232965290397405624e+02
4.568475493043661118e+02 -1.946605328470468521e+00 1.233581497520208359e+02
4.577560390681028366e+02 -1.968525787815451622e+00 1.234103416055440903e+02
4.587361277788877487e+02 -1.980759762227535248e+00 1.234654359668493271e+02
4.597224410623311996e+02 -1.994046980515122414e+00 1.235256994217634201e+02
4.607192212194204330e+02 -2.006013263016939163e+00 1.235959715694189072e+02
4.616926721185445786e+02 -2.015477409586310387e+00 1.236653492897748947e+02
4.627019888013601303e+02 -2.023922316730022430e+00 1.237346594780683517e+02
4.636842308491468430e+02 -2.038552211597561836e+00 1.237898365110158920e+02
4.646802162975072861e+02 -2.052762802690267563e+00 1.238498883694410324e+02
4.656366891115903854e+02 -2.068895509466528893e+00 1.238518810737878084e+02
4.665394100397825241e+02 -2.086023665964603424e+00 1.238574455864727497e+02
4.673890082687139511e+02 -2.103604087606072426e+00 1.238593671228736639e+02
4.682862190455198288e+02 -2.117190759629011154e+00 1.238171717431396246e+02
4.691957661956548691e+02 -2.137673949822783470e+00 1.237574407365173101e+02
4.701844117492437363e+02 -2.164512019604444504e+00 1.236662057545036077e+02
4.712347037643194199e+02 -2.203616145998239517e+00 1.235425077583640814e+02
4.722639643996953964e+02 -2.241259586066007614e+00 1.233759505059570074e+02
4.733217079490423203e+02 -2.284088451415300369e+00 1.232527347709983587e+02
4.744171681255102158e+02 -2.331423226743936539e+00 1.231581811215728521e+02
4.754996178001165390e+02 -2.380201350897550583e+00 1.230586389806121588e+02
4.765746825784444809e+02 -2.431014310568571091e+00 1.229328587558120489e+02
4.776337191909551620e+02 -2.485512975603342056e+00 1.227950598504394293e+02
4.786987533420324326e+02 -2.548490624874830246e+00 1.226588808801025152e+02
4.797741516679525375e+02 -2.610466916114091873e+00 1.225357939507812262e+02
4.808148780912160873e+02 -2.671650368720293045e+00 1.223767757918685675e+02
4.817549301236867905e+02 -2.735822301357984543e+00 1.222567432429641485e+02
4.826512246578931808e+02 -2.806181412190198898e+00 1.221460382249206305e+02
4.835015162676572800e+02 -2.862235035747289658e+00 1.220624195244163275e+02
4.843621030896902084e+02 -2.916362900286912918e+00 1.219709427263587713e+02
4.852941653579473495e+02 -2.975858498364686966e+00 1.219093976523727179e+02
4.862200186103582382e+02 -3.040866751223802567e+00 1.218448898699134588e+02
4.871613646596670151e+02 -3.101195145398378372e+00 1.217961532976478338e+02
4.880980433672666550e+02 -3.168722677975893021e+00 1.217568094041198492e+02
4.890161287039518356e+02 -3.232926491647958755e+00 1.217386649176478386e+02
4.899361557215452194e+02 -3.286138679832220078e+00 1.216814528629183769e+02
4.908491210788488388e+02 -3.345063764601945877e+00 1.216182677671313286e+02
4.917658301442861557e+02 -3.393617134541273117e+00 1.215162662789225578e+02
4.925832513421773911e+02 -3.443602826446294785e+00 1.214453146383166313e+02
4.934178750962018967e+02 -3.491150911897420883e+00 1.213921723887324333e+02
4.942805642932653427e+02 -3.536104995757341385e+00 1.213429301902651787e+02
4.951997876018285751e+02 -3.581078570336103439e+00 1.212774467989802361e+02
4.961392195075750351e+02 -3.635470744222402573e+00 1.211974543258547783e+02
4.971157574504613876e+02 -3.671282898634672165e+00 1.211539246365427971e+02
4.980894872397184372e+02 -3.720998425036668777e+00 1.211114054247736931e+02
4.991130990236997604e+02 -3.766756918281316757e+00 1.210679767653346062e+02
5.001140863150358200e+02 -3.812805756926536560e+00 1.210380549971014261e+02
5.010947355479001999e+02 -3.852702140808105469e+00 1.210231410227715969e+02
5.020607573240995407e+02 -3.897667974233627319e+00 1.210473577957600355e+02
5.030279258936643600e+02 -3.947664752602577209e+00 1.210578767061233521e+02
5.040342364758253098e+02 -3.998559884727001190e+00 1.210377402324229479e+02
5.050426507443189621e+02 -4.042338963598012924e+00 1.210992313642054796e+02
5.059219758957624435e+02 -4.082483857870101929e+00 1.211700486559420824e+02
5.068034049719572067e+02 -4.129475824534893036e+00 1.212484576720744371e+02
5.077144514769315720e+02 -4.169183760881423950e+00 1.213887579459697008e+02
5.086812251061201096e+02 -4.229531563818454742e+00 1.215269045848399401e+02
5.096977204531431198e+02 -4.288584940135478973e+00 1.216664213556796312e+02
5.107116442173719406e+02 -4.347877390682697296e+00 1.218168786186724901e+02
5.117897438257932663e+02 -4.402766183018684387e+00 1.220162910241633654e+02
5.128272612541913986e+02 -4.454687438905239105e+00 1.222070302385836840e+02
5.138670716732740402e+02 -4.503381125628948212e+00 1.223943224567919970e+02
5.148709383457899094e+02 -4.541970729827880859e+00 1.225797913689166307e+02
5.159022183865308762e+02 -4.597698852419853210e+00 1.228033339399844408e+02
5.168606085032224655e+02 -4.642853666096925735e+00 1.230391513127833605e+02
5.178031189888715744e+02 -4.690455529838800430e+00 1.232816190142184496e+02
5.186811471432447433e+02 -4.732069041579961777e+00 1.235402646083384752e+02
5.195324449390172958e+02 -4.761267226189374924e+00 1.238544630426913500e+02
5.202919878810644150e+02 -4.783625913783907890e+00 1.241972287911921740e+02
5.210736436694860458e+02 -4.807366982102394104e+00 1.246161716897040606e+02
5.218541676253080368e+02 -4.826501267030835152e+00 1.250958196837455034e+02
5.226728896349668503e+02 -4.838394250720739365e+00 1.255819201190024614e+02
5.234637126177549362e+02 -4.851846663281321526e+00 1.260579967815428972e+02
5.242470261901617050e+02 -4.871345803141593933e+00 1.265434267241507769e+02
5.250375863760709763e+02 -4.883886406198143959e+00 1.271076359469443560e+02
5.257737214416265488e+02 -4.893253851681947708e+00 1.276051807720214128e+02
5.265605268329381943e+02 -4.904416067525744438e+00 1.281225260812789202e+02
5.273914047330617905e+02 -4.897316515445709229e+00 1.286951688248664141e+02
5.282088721841573715e+02 -4.895529994741082191e+00 1.292723843175917864e+02
5.289957315176725388e+02 -4.895686384290456772e+00 1.298359777051955462e+02
5.297682418078184128e+02 -4.892235418781638145e+00 1.303924107272177935e+02
5.305468122214078903e+02 -4.889588996767997742e+00 1.309354852754622698e+02
5.313346719592809677e+02 -4.890626462176442146e+00 1.314830732662230730e+02
5.321183279007673264e+02 -4.894759546965360641e+00 1.320636018235236406e+02
5.328972990363836288e+02 -4.895075244829058647e+00 1.326761495191603899e+02
5.336688350290060043e+02 -4.897862590849399567e+00 1.332968116719275713e+02
5.344262541383504868e+02 -4.894231276586651802e+00 1.338989435750991106e+02
5.351835114806890488e+02 -4.908503886312246323e+00 1.345364197809249163e+02
5.359514926522970200e+02 -4.916387503966689110e+00 1.351215240675956011e+02
5.367338731735944748e+02 -4.924396559596061707e+00 1.356935831028968096e+02
5.375217228382825851e+02 -4.942791799083352089e+00 1.362510842401534319e+02
5.383089559525251389e+02 -4.958503153175115585e+00 1.367940551955252886e+02
5.391147373765707016e+02 -4.973565643653273582e+00 1.373364417869597673e+02
5.399784965366125107e+02 -4.994677744805812836e+00 1.378389178235083818e+02
5.407819812744855881e+02 -5.009634414687752724e+00 1.384545817095786333e+02
5.415681314915418625e+02 -5.020995672792196274e+00 1.390953086335211992e+02
5.424063255041837692e+02 -5.038197344169020653e+00 1.397525543291121721e+02
5.432178590148687363e+02 -5.059229955077171326e+00 1.404419349152594805e+02
5.440209414809942245e+02 -5.076453218236565590e+00 1.411004147846251726e+02
5.448102728575468063e+02 -5.097856108099222183e+00 1.417510750610381365e+02
5.455983183234930038e+02 -5.110355844721198082e+00 1.423606986124068499e+02
5.463973241895437241e+02 -5.131080470979213715e+00 1.429268924910575151e+02
5.470873037427663803e+02 -5.150440523400902748e+00 1.433953494746237993e+02
5.476045813411474228e+02 -5.160314638167619705e+00 1.438233813066035509e+02
5.481342698782682419e+02 -5.169605178758502007e+00 1.442530619818717241e+02
5.487377844303846359e+02 -5.180903904139995575e+00 1.447213247735053301e+02
5.493317784518003464e+02 -5.193609686568379402e+00 1.451493760664016008e+02
5.499165674895048141e+02 -5.206893347203731537e+00 1.455964752156287432e+02
5.504686243385076523e+02 -5.218735778704285622e+00 1.459655484873801470e+02
5.510648790448904037e+02 -5.238468602299690247e+00 1.463468209225684404e+02
5.516933439821004868e+02 -5.258538203313946724e+00 1.466898734886199236e+02
5.522695376127958298e+02 -5.269530974328517914e+00 1.470832293350249529e+02
5.527811068147420883e+02 -5.282829726114869118e+00 1.474270687717944384e+02
5.533288790434598923e+02 -5.293305438011884689e+00 1.477985653895884752e+02
5.538899160474538803e+02 -5.287941956892609596e+00 1.481212657112628222e+02
5.544628057330846786e+02 -5.284174192696809769e+00 1.484065935630351305e+02
5.550946784466505051e+02 -5.288982545956969261e+00 1.487151304502040148e+02
5.557733152359724045e+02 -5.300264917314052582e+00 1.489816985744982958e+02
5.563346632570028305e+02 -5.302515910938382149e+00 1.491985114235430956e+02
5.568815924376249313e+02 -5.307415749877691269e+00 1.493796131033450365e+02
5.574399482458829880e+02 -5.312389878556132317e+00 1.495435010213404894e+02
5.579948492497205734e+02 -5.314928747713565826e+00 1.496999847311526537e+02
5.586047509163618088e+02 -5.322635734453797340e+00 1.498275489229708910e+02
5.592260048240423203e+02 -5.340249437838792801e+00 1.499626673478633165e+02
5.598813079446554184e+02 -5.363444617018103600e+00 1.500605869907885790e+02
5.605273727029561996e+02 -5.374211132526397705e+00 1.501771214623004198e+02
5.612133995741605759e+02 -5.394818769767880440e+00 1.502397608775645494e+02
5.618425317257642746e+02 -5.409869235008955002e+00 1.503300015944987535e+02
5.624628184884786606e+02 -5.423223866149783134e+00 1.504112367648631334e+02
5.632418857067823410e+02 -5.442776001989841461e+00 1.505273287314921618e+02
5.640082659572362900e+02 -5.466072650626301765e+00 1.506006307024508715e+02
5.648412616699934006e+02 -5.497225340455770493e+00 1.506102415360510349e+02
5.657820694297552109e+02 -5.522322027012705803e+00 1.506068468149751425e+02
5.666732787936925888e+02 -5.556233344599604607e+00 1.505608984287828207e+02
5.675799181312322617e+02 -5.585082817822694778e+00 1.504971709903329611e+02
5.685746782273054123e+02 -5.608784338459372520e+00 1.504160426314920187e+02
5.695865203589200974e+02 -5.626038148999214172e+00 1.503189023789018393e+02
5.706862308233976364e+02 -5.644955174997448921e+00 1.502313799913972616e+02
5.721014479845762253e+02 -5.661612916737794876e+00 1.501008072253316641e+02
5.731662013977766037e+02 -5.693258028477430344e+00 1.500802448764443398e+02
5.742638366669416428e+02 -5.738117884844541550e+00 1.500770236048847437e+02
5.753895963877439499e+02 -5.769279813393950462e+00 1.500786948017776012e+02
5.765238342732191086e+02 -5.798611924052238464e+00 1.499735302142798901e+02
5.778517282456159592e+02 -5.854161009192466736e+00 1.497830889038741589e+02
5.790191992968320847e+02 -5.906582720577716827e+00 1.496729995422065258e+02
5.802847816199064255e+02 -5.952685609459877014e+00 1.495080140642821789e+02
5.812748383730649948e+02 -5.980745779350399971e+00 1.494360389523208141e+02
5.822403670996427536e+02 -6.001986723393201828e+00 1.493836557678878307e+02
5.831285531967878342e+02 -6.033611912280321121e+00 1.493797357510775328e+02
5.840228562206029892e+02 -6.070418674498796463e+00 1.493932356685400009e+02
5.849111363142728806e+02 -6.116583537310361862e+00 1.492979637235403061e+02
5.857524472922086716e+02 -6.152569513767957687e+00 1.492461367696523666e+02
5.865680148452520370e+02 -6.188244458287954330e+00 1.491947393268346786e+02
5.873356522768735886e+02 -6.216499974951148033e+00 1.490991654843091965e+02
5.880452492684125900e+02 -6.237143240869045258e+00 1.490047130435705185e+02
5.888451212495565414e+02 -6.260580928996205330e+00 1.489260171502828598e+02
5.896093526929616928e+02 -6.275360699743032455e+00 1.488018671125173569e+02
5.903436792343854904e+02 -6.291204003617167473e+00 1.487624044865369797e+02
5.911132742017507553e+02 -6.303035948425531387e+00 1.486764640659093857e+02
5.918636470884084702e+02 -6.319373611360788345e+00 1.486164384335279465e+02
5.925919089764356613e+02 -6.314052099362015724e+00 1.485170701593160629e+02
5.932429413646459579e+02 -6.309613093733787537e+00 1.483884505480527878e+02
5.939587706178426743e+02 -6.318152347579598427e+00 1.482827201932668686e+02
5.946767207831144333e+02 -6.310611579567193985e+00 1.481489180177450180e+02
5.953510918468236923e+02 -6.307211650535464287e+00 1.480414825528860092e+02
5.960731562227010727e+02 -6.293716847896575928e+00 1.478432222455739975e+02
5.968411233872175217e+02 -6.281045364215970039e+00 1.476768354028463364e+02
5.975909950584173203e+02 -6.282586146146059036e+00 1.475936634987592697e+02
5.983576739877462387e+02 -6.292216395959258080e+00 1.475221612900495529e+02
5.991127780526876450e+02 -6.304046414792537689e+00 1.473915772885084152e+02
5.998141001313924789e+02 -6.306597391143441200e+00 1.472740889638662338e+02
6.004071677774190903e+02 -6.307308463379740715e+00 1.471074355095624924e+02
6.010208951681852341e+02 -6.320064781233668327e+00 1.469898137897253036e+02
6.016960730999708176e+02 -6.335730012506246567e+00 1.469086580723524094e+02
6.024802562445402145e+02 -6.358476294204592705e+00 1.468532812446355820e+02
6.032168634980916977e+02 -6.377007249742746353e+00 1.467951555103063583e+02
6.039932405799627304e+02 -6.398671401664614677e+00 1.467350929230451584e+02
6.048625126928091049e+02 -6.427544960752129555e+00 1.466451802104711533e+02
6.056588657349348068e+02 -6.450367961078882217e+00 1.465988218039274216e+02
6.064920761436223984e+02 -6.476831004023551941e+00 1.464504896253347397e+02
6.071596851199865341e+02 -6.491037530824542046e+00 1.463326206654310226e+02
6.080142580717802048e+02 -6.523360995575785637e+00 1.461574497073888779e+02
6.088727388828992844e+02 -6.543676503002643585e+00 1.460487769097089767e+02
6.097697970718145370e+02 -6.556983338668942451e+00 1.458869234770536423e+02
6.106897608488798141e+02 -6.571986172348260880e+00 1.457695510238409042e+02
6.116586924046278000e+02 -6.596326874569058418e+00 1.455968073457479477e+02
6.126085165590047836e+02 -6.617545012384653091e+00 1.453857518285512924e+02
6.136005527228116989e+02 -6.648898269981145859e+00 1.451601135581731796e+02
6.146574886292219162e+02 -6.677278837189078331e+00 1.450069680064916611e+02
6.156869409531354904e+02 -6.714775724336504936e+00 1.448944326490163803e+02
6.166741806119680405e+02 -6.747728591784834862e+00 1.447215793579816818e+02
6.176880215257406235e+02 -6.788542306050658226e+00 1.445583230108022690e+02
6.187034137099981308e+02 -6.824800735339522362e+00 1.443706274479627609e+02
6.198282432407140732e+02 -6.860798781737685204e+00 1.441785222738981247e+02
6.208284928649663925e+02 -6.874892070889472961e+00 1.440268229097127914e+02
6.218304195255041122e+02 -6.906988650560379028e+00 1.438764717429876328e+02
6.228250136822462082e+02 -6.917270535603165627e+00 1.436930554360151291e+02
6.238554634302854538e+02 -6.920972708612680435e+00 1.435374401062726974e+02
6.249355094879865646e+02 -6.942743835970759392e+00 1.432852476090192795e+02
6.261134078949689865e+02 -6.980137182399630547e+00 1.431353202909231186e+02
6.273187300413846970e+02 -7.035339681431651115e+00 1.429679761379957199e+02
6.284476415365934372e+02 -7.076972646638751030e+00 1.429026139825582504e+02
6.294191511124372482e+02 -7.104475408792495728e+00 1.427557979077100754e+02
6.303777919262647629e+02 -7.141957528889179230e+00 1.426023103445768356e+02
6.313671191185712814e+02 -7.173109414055943489e+00 1.424629012197256088e+02
6.323342165797948837e+02 -7.196254242211580276e+00 1.422551590055227280e+02
6.332499555200338364e+02 -7.204010097309947014e+00 1.419975378364324570e+02
6.341527187079191208e+02 -7.213222254998981953e+00 1.417863593548536301e+02
6.350347747653722763e+02 -7.227603758685290813e+00 1.415848306864500046e+02
6.360065864175558090e+02 -7.247360804118216038e+00 1.413580764383077621e+02
6.369844584912061691e+02 -7.292569071985781193e+00 1.411307388395071030e+02
6.379804522842168808e+02 -7.341568649746477604e+00 1.408796956390142441e+02
6.389154330939054489e+02 -7.382035092450678349e+00 1.406549426168203354e+02
6.398542726486921310e+02 -7.417084635235369205e+00 1.404300592392683029e+02
6.407084137052297592e+02 -7.430206148885190487e+00 1.401479416340589523e+02
6.415845328420400620e+02 -7.428171270526945591e+00 1.398662431687116623e+02
6.424267005771398544e+02 -7.433092559687793255e+00 1.396463306993246078e+02
6.432805638164281845e+02 -7.443526041693985462e+00 1.393842500299215317e+02
6.441816462725400925e+02 -7.453881054185330868e+00 1.391541337221860886e+02
6.450964653939008713e+02 -7.459131092764437199e+00 1.390447340458631516e+02
6.460308663100004196e+02 -7.467339555732905865e+00 1.388222514241933823e+02
6.468944019526243210e+02 -7.489498485811054707e+00 1.385842755287885666e+02
6.477848889678716660e+02 -7.507812834344804287e+00 1.384224248379468918e+02
6.486095105260610580e+02 -7.541337511502206326e+00 1.383239843100309372e+02
6.495199054330587387e+02 -7.567882486619055271e+00 1.382537310570478439e+02
6.504853669255971909e+02 -7.596105719916522503e+00 1.381550462692975998e+02
6.514073573201894760e+02 -7.635268989019095898e+00 1.380185683816671371e+02
6.524143063873052597e+02 -7.668931319378316402e+00 1.378344200104475021e+02
6.533788919299840927e+02 -7.706431350670754910e+00 1.377137402147054672e+02
6.543034224361181259e+02 -7.720687372609972954e+00 1.375527747720479965e+02
6.552729415744543076e+02 -7.744344195351004601e+00 1.374202984422445297e+02
6.561804344505071640e+02 -7.771616838872432709e+00 1.372497435063123703e+02
6.570284509509801865e+02 -7.786396860145032406e+00 1.370363887995481491e+02
6.579549339860677719e+02 -7.810572045855224133e+00 1.368549334853887558e+02
6.588458410352468491e+02 -7.829801899380981922e+00 1.367064534276723862e+02
6.597815516442060471e+02 -7.863364134915173054e+00 1.365665162056684494e+02
6.607267072051763535e+02 -7.884131792001426220e+00 1.363906915634870529e+02
6.617233985513448715e+02 -7.894062572158873081e+00 1.362164109796285629e+02
6.626266960948705673e+02 -7.911198402754962444e+00 1.361032617539167404e+02
6.635332163423299789e+02 -7.933019821532070637e+00 1.360319471210241318e+02
6.644248118251562119e+02 -7.954280382953584194e+00 1.359229652732610703e+02
6.653218273967504501e+02 -7.969377101399004459e+00 1.358305870145559311e+02
6.661895159333944321e+02 -7.986213146708905697e+00 1.357473671287298203e+02
6.670914037674665451e+02 -8.012890906073153019e+00 1.356966147869825363e+02
6.679808332771062851e+02 -8.034591558389365673e+00 1.356152259558439255e+02
6.688435077518224716e+02 -8.058353451080620289e+00 1.355431620925664902e+02
6.696813717931509018e+02 -8.083454913459718227e+00 1.354644288867712021e+02
6.704870423525571823e+02 -8.103331507183611393e+00 1.354308930486440659e+02
6.713989885300397873e+02 -8.126083566807210445e+00 1.353990275710821152e+02
6.722871921509504318e+02 -8.161338984034955502e+00 1.353508511036634445e+02
6.731782386749982834e+02 -8.198158285580575466e+00 1.352664653509855270e+02
6.740186414569616318e+02 -8.232950712554156780e+00 1.351509055942296982e+02
6.749117277711629868e+02 -8.275331511162221432e+00 1.349628134816884995e+02
6.757568537443876266e+02 -8.308975527994334698e+00 1.347821628302335739e+02
6.767091119736433029e+02 -8.360987002961337566e+00 1.345447084754705429e+02
6.776129923313856125e+02 -8.412441666238009930e+00 1.342345940321683884e+02
6.784131068438291550e+02 -8.463332320563495159e+00 1.339716619700193405e+02
6.791793753355741501e+02 -8.530515017919242382e+00 1.336446878165006638e+02
6.800595612376928329e+02 -8.598605650477111340e+00 1.332111978381872177e+02
6.808406472057104111e+02 -8.642729251645505428e+00 1.328221533149480820e+02
6.814945290535688400e+02 -8.685924104414880276e+00 1.324273209124803543e+02
6.821999906152486801e+02 -8.740736044012010098e+00 1.320023102909326553e+02
6.827696190327405930e+02 -8.799438147805631161e+00 1.315757760554552078e+02
6.831647376865148544e+02 -8.848324089311063290e+00 1.311497790664434433e+02
6.836199254840612411e+02 -8.869158999063074589e+00 1.305972963422536850e+02
6.839985334724187851e+02 -8.904602789320051670e+00 1.300248880237340927e+02
6.842550703138113022e+02 -8.917576737701892853e+00 1.294210628718137741e+02
6.846059996336698532e+02 -8.930481394752860069e+00 1.287072831243276596e+02
6.849258325546979904e+02 -8.948777675628662109e+00 1.280355858653783798e+02
6.852745157331228256e+02 -8.949416259303689003e+00 1.272528685778379440e+02
6.854530173242092133e+02 -8.941948551684617996e+00 1.266114454716444016e+02
6.856450394541025162e+02 -8.960903810337185860e+00 1.258854581564664841e+02
6.857535984218120575e+02 -8.959398360922932625e+00 1.250083778351545334e+02
6.857603995054960251e+02 -8.946234863251447678e+00 1.242557210177183151e+02
6.857272754907608032e+02 -8.947296591475605965e+00 1.234605076760053635e+02
6.856796314269304276e+02 -8.963018720969557762e+00 1.227675703018903732e+02
6.856107861101627350e+02 -8.946455277502536774e+00 1.221028938740491867e+02
6.854887078851461411e+02 -8.937798528000712395e+00 1.213181580156087875e+02
6.853615540862083435e+02 -8.910175800323486328e+00 1.204110965579748154e+02
6.851451252847909927e+02 -8.877422027289867401e+00 1.195057357400655746e+02
6.848468110710382462e+02 -8.837610691785812378e+00 1.187457660287618637e+02
6.846073785722255707e+02 -8.822003336623311043e+00 1.178539726585149765e+02
6.843027666509151459e+02 -8.789629789069294930e+00 1.170816563218832016e+02
6.839028203785419464e+02 -8.777807284146547318e+00 1.163267055600881577e+02
6.835758695900440216e+02 -8.764397639781236649e+00 1.155469024032354355e+02
6.831743702590465546e+02 -8.757856959477066994e+00 1.146730445474386215e+02
6.827819400131702423e+02 -8.748610775917768478e+00 1.137961289733648300e+02
6.824065809547901154e+02 -8.747603321447968483e+00 1.130757309049367905e+02
6.820130058228969574e+02 -8.748036976903676987e+00 1.125237638205289841e+02
6.815194223821163177e+02 -8.730466542765498161e+00 1.119784199446439743e+02
6.810744143426418304e+02 -8.730731396004557610e+00 1.114007168263196945e+02
6.807391240298748016e+02 -8.717888195067644119e+00 1.109161069840192795e+02
6.803701442778110504e+02 -8.702039113268256187e+00 1.105115112513303757e+02
6.799605339467525482e+02 -8.690011769533157349e+00 1.100216658562421799e+02
6.794628792107105255e+02 -8.680217556655406952e+00 1.095348921269178391e+02
6.789525301158428192e+02 -8.663875916972756386e+00 1.091492956727743149e+02
6.783832055032253265e+02 -8.631597654893994331e+00 1.088045492023229599e+02
6.778728753030300140e+02 -8.604719620198011398e+00 1.084160719364881516e+02
6.773414964973926544e+02 -8.583846515044569969e+00 1.080462613552808762e+02
6.767202303707599640e+02 -8.548972724005579948e+00 1.076324246078729630e+02
6.759302248656749725e+02 -8.527926847338676453e+00 1.072504632920026779e+02
6.751251173913478851e+02 -8.507168998941779137e+00 1.066555882543325424e+02
6.742673946917057037e+02 -8.481446780264377594e+00 1.063114038854837418e+02
6.734595674574375153e+02 -8.448011361062526703e+00 1.058583983331918716e+02
6.727115934193134308e+02 -8.418837836012244225e+00 1.053184739500284195e+02
6.719649558365345001e+02 -8.377337818965315819e+00 1.048392621427774429e+02
6.712040528357028961e+02 -8.334516061469912529e+00 1.043184045702219009e+02
6.704699484407901764e+02 -8.288848532363772392e+00 1.037488582879304886e+02
6.696660999953746796e+02 -8.233769869431853294e+00 1.033413035422563553e+02
6.688676954209804535e+02 -8.190420089289546013e+00 1.029485864192247391e+02
6.680649456679821014e+02 -8.140697805210947990e+00 1.024808789640665054e+02
6.672988994419574738e+02 -8.084217486903071404e+00 1.020123669356107712e+02
6.665496006309986115e+02 -8.027767663821578026e+00 1.015164974778890610e+02
6.658378011286258698e+02 -7.967724604532122612e+00 1.010706233233213425e+02
6.651441024839878082e+02 -7.903619876131415367e+00 1.007043144553899765e+02
6.644619157016277313e+02 -7.844487166032195091e+00 1.002363410443067551e+02
6.637533725202083588e+02 -7.772653309628367424e+00 9.994294409453868866e+01
6.630301355421543121e+02 -7.702449133619666100e+00 9.958721195161342621e+01
6.622819872200489044e+02 -7.636436259374022484e+00 9.924654303491115570e+01
6.615247536003589630e+02 -7.575580662116408348e+00 9.891364811360836029e+01
6.607243326008319855e+02 -7.517274668440222740e+00 9.856957958638668060e+01
6.600406958162784576e+02 -7.450640490278601646e+00 9.818857617676258087e+01
6.593262974917888641e+02 -7.398041045293211937e+00 9.771683730185031891e+01
6.586571817100048065e+02 -7.362704476341605186e+00 9.740868805348873138e+01
6.580087808668613434e+02 -7.315326457843184471e+00 9.706907083094120026e+01
6.573362326920032501e+02 -7.281983492895960808e+00 9.670430679619312286e+01
6.566459555327892303e+02 -7.228816879913210869e+00 9.637564660608768463e+01
6.559565948545932770e+02 -7.176530456170439720e+00 9.598834483325481415e+01
6.553513695299625397e+02 -7.124881444498896599e+00 9.551065401732921600e+01
6.547029606401920319e+02 -7.069142429158091545e+00 9.502343241870403290e+01
6.540229478180408478e+02 -6.997052786871790886e+00 9.473934476077556610e+01
6.533135102093219757e+02 -6.926149157807230949e+00 9.450565262138843536e+01
6.526004554331302643e+02 -6.854988602921366692e+00 9.425177945196628571e+01
6.519779572784900665e+02 -6.773186957463622093e+00 9.389384599030017853e+01
6.513544150888919830e+02 -6.697216151282191277e+00 9.349240608513355255e+01
6.507500438392162323e+02 -6.643691910430788994e+00 9.313304726779460907e+01
6.500409638583660126e+02 -6.602582706138491631e+00 9.286888585984706879e+01
6.494702576100826263e+02 -6.558800106868147850e+00 9.254965300858020782e+01
6.489608022868633270e+02 -6.508044598624110222e+00 9.214854229986667633e+01
6.485296136438846588e+02 -6.458389079198241234e+00 9.173985074460506439e+01
6.481521475613117218e+02 -6.419325819239020348e+00 9.139636828005313873e+01
6.479077839702367783e+02 -6.392875105142593384e+00 9.096015025675296783e+01
6.474665118306875229e+02 -6.382702963426709175e+00 9.063196773827075958e+01
6.469929922074079514e+02 -6.365896619856357574e+00 9.030074118077754974e+01
6.465792288631200790e+02 -6.384308496490120888e+00 8.992005990445613861e+01
6.461281774491071701e+02 -6.355168435722589493e+00 8.960645316541194916e+01
6.456847458928823471e+02 -6.335072075948119164e+00 8.933247195184230804e+01
6.451567339748144150e+02 -6.311803109943866730e+00 8.903090940415859222e+01
6.446489657014608383e+02 -6.300432628020644188e+00 8.869766019284725189e+01
6.441780466288328171e+02 -6.271697305142879486e+00 8.839695446193218231e+01
6.437173850387334824e+02 -6.236351147294044495e+00 8.808195401728153229e+01
6.431790495961904526e+02 -6.207498053088784218e+00 8.772993917763233185e+01
6.426724967807531357e+02 -6.170031564310193062e+00 8.740693135559558868e+01
6.421570453494787216e+02 -6.118722567334771156e+00 8.711932562291622162e+01
6.416342987865209579e+02 -6.072298118844628334e+00 8.679460151493549347e+01
6.410782773345708847e+02 -6.034228550270199776e+00 8.648736916482448578e+01
6.405282782763242722e+02 -6.000632064417004585e+00 8.616557417809963226e+01
6.399286426156759262e+02 -5.964302496984601021e+00 8.584539051353931427e+01
6.393016077131032944e+02 -5.927262919023633003e+00 8.552616553008556366e+01
6.387336997836828232e+02 -5.892138453200459480e+00 8.519929389655590057e+01
6.381304789632558823e+02 -5.858834387734532356e+00 8.488815276324748993e+01
6.374622969478368759e+02 -5.822432974353432655e+00 8.458832417428493500e+01
6.368586932271718979e+02 -5.774492749944329262e+00 8.430883188545703888e+01
6.363226516097784042e+02 -5.735582591965794563e+00 8.400694663822650909e+01
6.358478247970342636e+02 -5.699555629864335060e+00 8.368416173756122589e+01
6.353982444852590561e+02 -5.663992518559098244e+00 8.335318289697170258e+01
6.349582633823156357e+02 -5.634332496672868729e+00 8.300711409747600555e+01
6.345093961209058762e+02 -5.607057044282555580e+00 8.265194962918758392e+01
6.340868173092603683e+02 -5.579879041761159897e+00 8.230585776269435883e+01
6.336892205327749252e+02 -5.556386446580290794e+00 8.196894358098506927e+01
6.332029781788587570e+02 -5.527993466705083847e+00 8.165311883389949799e+01
6.327140008062124252e+02 -5.493621002882719040e+00 8.136037446558475494e+01
6.322263933867216110e+02 -5.457677636295557022e+00 8.107329197227954865e+01
6.317000514119863510e+02 -5.418763678520917892e+00 8.080099357664585114e+01
6.312203637212514877e+02 -5.382935199886560440e+00 8.051138712465763092e+01
6.307429890483617783e+02 -5.343174044042825699e+00 8.022919298708438873e+01
6.302505319565534592e+02 -5.293143611401319504e+00 7.995495615899562836e+01
6.296777840703725815e+02 -5.246171820908784866e+00 7.968764536082744598e+01
6.291751096099615097e+02 -5.203763697296380997e+00 7.944970394670963287e+01
6.287338876575231552e+02 -5.168151352554559708e+00 7.919744016230106354e+01
6.282670864909887314e+02 -5.125169027596712112e+00 7.894263942539691925e+01
6.277863851040601730e+02 -5.082963544875383377e+00 7.865692086517810822e+01
6.272409561723470688e+02 -5.035639230161905289e+00 7.838065136969089508e+01
6.266884593218564987e+02 -4.992549832910299301e+00 7.809795798361301422e+01
6.261110691279172897e+02 -4.951119948178529739e+00 7.780218710005283356e+01
6.255590368360280991e+02 -4.911627244204282761e+00 7.749826197326183319e+01
6.250258018821477890e+02 -4.874133836477994919e+00 7.720589624345302582e+01
6.244889090508222580e+02 -4.832424852997064590e+00 7.690399815142154694e+01
6.239451185911893845e+02 -4.791637193411588669e+00 7.658798439800739288e+01
6.233713902682065964e+02 -4.748479302972555161e+00 7.629503144323825836e+01
6.227654504626989365e+02 -4.704794738441705704e+00 7.599899874627590179e+01
6.221373745054006577e+02 -4.658700246363878250e+00 7.570371221005916595e+01
6.215386484712362289e+02 -4.615698840469121933e+00 7.541923443973064423e+01
6.209160835593938828e+02 -4.568773340433835983e+00 7.508035536110401154e+01
6.203129221051931381e+02 -4.520414050668478012e+00 7.466861222684383392e+01
6.197141785472631454e+02 -4.477252665907144547e+00 7.427360250055789948e+01
6.190968545526266098e+02 -4.436076927930116653e+00 7.388610787689685822e+01
6.185033261626958847e+02 -4.395715188235044479e+00 7.349942694604396820e+01
6.178455051034688950e+02 -4.355694953352212906e+00 7.315446190536022186e+01
6.171816683858633041e+02 -4.314758498221635818e+00 7.279380889236927032e+01
6.165376459807157516e+02 -4.266869682818651199e+00 7.246959300339221954e+01
6.159072266668081284e+02 -4.223667811602354050e+00 7.211267434060573578e+01
6.152015727609395981e+02 -4.181599009782075882e+00 7.173872064054012299e+01
6.144889306277036667e+02 -4.150103833526372910e+00 7.141522102057933807e+01
6.137616880387067795e+02 -4.121111718937754631e+00 7.107003496587276459e+01
6.130508962124586105e+02 -4.079112803563475609e+00 7.076977150142192841e+01
6.123294165581464767e+02 -4.034249698743224144e+00 7.047240926325321198e+01
6.115376568883657455e+02 -3.984982779249548912e+00 7.016091142594814301e+01
6.107364660352468491e+02 -3.936845688149333000e+00 6.983425302803516388e+01
6.099915678948163986e+02 -3.891827238723635674e+00 6.943700359761714935e+01
6.093036596029996872e+02 -3.841518117114901543e+00 6.899302698671817780e+01
6.087094140499830246e+02 -3.808408787474036217e+00 6.860681687295436859e+01
6.080881858319044113e+02 -3.769976383075118065e+00 6.817131303250789642e+01
6.074236569255590439e+02 -3.723954698070883751e+00 6.777131696045398712e+01
6.068459529727697372e+02 -3.685195935890078545e+00 6.724203152954578400e+01
6.062620376199483871e+02 -3.666795834898948669e+00 6.670508725941181183e+01
6.056548948138952255e+02 -3.633640326559543610e+00 6.622953338921070099e+01
6.050665641278028488e+02 -3.601293183863162994e+00 6.579925580322742462e+01
6.045241282433271408e+02 -3.566566012799739838e+00 6.534807936847209930e+01
6.039857007712125778e+02 -3.548086455091834068e+00 6.490808750689029694e+01
6.033794502466917038e+02 -3.506493886932730675e+00 6.442326726019382477e+01
6.028015295714139938e+02 -3.451556375250220299e+00 6.387412984669208527e+01
6.022166589945554733e+02 -3.400602092966437340e+00 6.337104471027851105e+01
6.016357990950345993e+02 -3.346432885155081749e+00 6.275606937706470490e+01
6.010271015614271164e+02 -3.286150058731436729e+00 6.219295771420001984e+01
6.004398664087057114e+02 -3.224827578291296959e+00 6.165579791367053986e+01
5.998759391754865646e+02 -3.176792567595839500e+00 6.102705623209476471e+01
5.993011197298765182e+02 -3.125318741425871849e+00 6.048906613886356354e+01
5.987503484934568405e+02 -3.073626523837447166e+00 5.996780492365360260e+01
5.982130225151777267e+02 -3.021099163219332695e+00 5.946107925474643707e+01
5.977160619348287582e+02 -2.968300072476267815e+00 5.866379214823246002e+01
5.971932521909475327e+02 -2.910625321790575981e+00 5.780033947527408600e+01
5.965908673852682114e+02 -2.860272517427802086e+00 5.703821982443332672e+01
5.960577126592397690e+02 -2.815511150285601616e+00 5.627314056456089020e+01
5.955912827104330063e+02 -2.778437031432986259e+00 5.556250955164432526e+01
5.951333736628293991e+02 -2.731180308386683464e+00 5.487733288109302521e+01
5.946662214249372482e+02 -2.681019088253378868e+00 5.415261943638324738e+01
5.942023908942937851e+02 -2.644566772505640984e+00 5.363332547247409821e+01
5.937338036149740219e+02 -2.612682847306132317e+00 5.289452566206455231e+01
5.932545577138662338e+02 -2.585217803716659546e+00 5.223950524628162384e+01
5.927772810310125351e+02 -2.544929049909114838e+00 5.172206003963947296e+01
5.923357283324003220e+02 -2.511952504515647888e+00 5.119575645029544830e+01
5.919131405204534531e+02 -2.485415043309330940e+00 5.051862181723117828e+01
5.914236761182546616e+02 -2.460891734808683395e+00 4.993936909735202789e+01
5.909555299729108810e+02 -2.427081029862165451e+00 4.923372329771518707e+01
5.904651182144880295e+02 -2.390395265072584152e+00 4.855665637552738190e+01
5.899713675230741501e+02 -2.353442702442407608e+00 4.794865585863590240e+01
5.895338217467069626e+02 -2.328550474718213081e+00 4.759773273766040802e+01
5.891825272291898727e+02 -2.290165947750210762e+00 4.723679859936237335e+01
5.887608113139867783e+02 -2.259519290179014206e+00 4.685348741710186005e+01
5.882852010577917099e+02 -2.247958546504378319e+00 4.636282424628734589e+01
5.878393700569868088e+02 -2.236084474250674248e+00 4.568545310199260712e+01
5.873112032860517502e+02 -2.227033607661724091e+00 4.507952867448329926e+01
5.868199570626020432e+02 -2.210239669308066368e+00 4.439627705514431000e+01
5.862338717430830002e+02 -2.172365700826048851e+00 4.381421475112438202e+01
5.856266077011823654e+02 -2.135736903175711632e+00 4.316163854300975800e+01
5.850045497268438339e+02 -2.084533190354704857e+00 4.244713900983333588e+01
5.843983410447835922e+02 -2.012929005548357964e+00 4.173353199660778046e+01
5.837772255390882492e+02 -1.947588814422488213e+00 4.101451908051967621e+01
5.831576265543699265e+02 -1.868616199120879173e+00 4.039346902072429657e+01
5.825553323477506638e+02 -1.791918149217963219e+00 3.969791565835475922e+01
5.819359719604253769e+02 -1.721465138718485832e+00 3.903633604943752289e+01
5.813524204343557358e+02 -1.665241641923785210e+00 3.840471278131008148e+01
5.807502125352621078e+02 -1.605259900912642479e+00 3.791204850375652313e+01
5.801828269809484482e+02 -1.538730239495635033e+00 3.729930607974529266e+01
5.796105559319257736e+02 -1.480975037440657616e+00 3.660808120667934418e+01
5.790414950102567673e+02 -1.419353200122714043e+00 3.595996211469173431e+01
5.784615543335676193e+02 -1.358801154419779778e+00 3.534868966042995453e+01
5.778813865035772324e+02 -1.300167655572295189e+00 3.483324168622493744e+01
5.772991732805967331e+02 -1.238195760175585747e+00 3.424953393638134003e+01
5.767368953078985214e+02 -1.187092153355479240e+00 3.371227990090847015e+01
5.761618581861257553e+02 -1.146144969388842583e+00 3.307972393929958344e+01
5.755989374369382858e+02 -1.122416041791439056e+00 3.252774356305599213e+01
5.750817085951566696e+02 -1.112508112564682961e+00 3.188962946832180023e+01
5.745789141505956650e+02 -1.100209277123212814e+00 3.119639264047145844e+01
5.740316734164953232e+02 -1.081365721300244331e+00 3.047903303802013397e+01
5.735143771022558212e+02 -1.058033179491758347e+00 2.974514333903789520e+01
5.730660527199506760e+02 -1.035918107256293297e+00 2.909608785808086395e+01
5.725950966328382492e+02 -1.030035709962248802e+00 2.831468944251537323e+01
5.720832499712705612e+02 -1.039659081026911736e+00 2.746922449767589569e+01
5.715536700934171677e+02 -1.037468014284968376e+00 2.663039474189281464e+01
5.710350655168294907e+02 -1.031569089740514755e+00 2.594329635798931122e+01
5.705209129303693771e+02 -1.020445486530661583e+00 2.530218850076198578e+01
5.700082084387540817e+02 -1.006094075739383698e+00 2.468110047280788422e+01
5.695297552794218063e+02 -9.900022279471158981e-01 2.406138561666011810e+01
5.690518224090337753e+02 -9.665623456239700317e-01 2.342355810105800629e+01
5.685623921006917953e+02 -9.346140995621681213e-01 2.283809827268123627e+01
5.681123973578214645e+02 -9.020956382155418396e-01 2.215890334546566010e+01
5.676782924979925156e+02 -8.757879901677370071e-01 2.149491684138774872e+01
5.672589725703001022e+02 -8.558600209653377533e-01 2.078297309577465057e+01
5.667972999066114426e+02 -8.222053237259387970e-01 2.005349223315715790e+01
5.663072079271078110e+02 -8.023697044700384140e-01 1.928097985684871674e+01
5.658099580854177475e+02 -7.900430969893932343e-01 1.847224210202693939e+01
5.652945284098386765e+02 -7.718355972319841385e-01 1.765654014050960541e+01
5.647906219810247421e+02 -7.528695985674858093e-01 1.684131799638271332e+01
5.642835014313459396e+02 -7.406190689653158188e-01 1.606405340135097504e+01
5.638140942305326462e+02 -7.250736653804779053e-01 1.531892751157283783e+01
5.632973913401365280e+02 -7.119930498301982880e-01 1.449540673196315765e+01
5.627230449765920639e+02 -6.995266228914260864e-01 1.367335425317287445e+01
5.621155338734388351e+02 -6.823871117085218430e-01 1.292835371196269989e+01
5.615532592982053757e+02 -6.614657081663608551e-01 1.222445933520793915e+01
5.610310782641172409e+02 -6.285588778555393219e-01 1.151827119290828705e+01
5.604580328911542892e+02 -6.011006142944097519e-01 1.073471330106258392e+01
5.598602546900510788e+02 -5.753692239522933960e-01 1.005896495282649994e+01
5.592146949023008347e+02 -5.504814628511667252e-01 9.397883042693138123e+00
5.585536491721868515e+02 -5.311880707740783691e-01 8.813075348734855652e+00
5.579647462218999863e+02 -5.090432036668062210e-01 8.177595779299736023e+00
5.573792890161275864e+02 -4.812876246869564056e-01 7.696860626339912415e+00
5.568286967128515244e+02 -4.461039938032627106e-01 7.174746587872505188e+00
5.562605764716863632e+02 -4.102533943951129913e-01 6.648859336972236633e+00
5.556903953403234482e+02 -3.811388369649648666e-01 6.036819294095039368e+00
5.550774866789579391e+02 -3.466395344585180283e-01 5.415352240204811096e+00
5.543700005263090134e+02 -3.128214459866285324e-01 4.785646095871925354e+00
5.537075038403272629e+02 -2.874802201986312866e-01 4.165445104241371155e+00
5.529655687063932419e+02 -2.477677762508392334e-01 3.523217037320137024e+00
5.522690083831548691e+02 -2.067408114671707153e-01 2.889892652630805969e+00
5.515721746534109116e+02 -1.656874120235443115e-01 2.255758479237556458e+00
5.509343263357877731e+02 -1.285484209656715393e-01 1.601028457283973694e+00
5.503301904648542404e+02 -9.442669898271560669e-02 9.585800319910049438e-01
5.497227294892072678e+02 -5.810436606407164833e-02 3.893870264291764416e-01
5.490577031821012497e+02 -9.684696793556206440e-03 -1.773196309804915272e-01
5.483962082117795944e+02 3.104621917009354332e-02 -7.357279509305951759e-01
5.477422053068876266e+02 6.993591040372848511e-02 -1.361360892653465049e+00
5.471073027700185776e+02 9.931261651217937469e-02 -2.022119268774985823e+00
5.464886948913335800e+02 1.235089376568794250e-01 -2.718941196799277815e+00
5.458867647498846054e+02 1.510530691593885422e-01 -3.410476431250571761e+00
5.452908617109060287e+02 1.778762862086296082e-01 -4.096611365675926208e+00
5.447162107676267624e+02 1.956688929349184036e-01 -4.795444592833518982e+00
5.441697133034467697e+02 2.287202421575784683e-01 -5.455341145396232605e+00
5.436528075188398361e+02 2.533906102180480957e-01 -6.097961947321891785e+00
5.431451393216848373e+02 2.788948360830545425e-01 -6.780839487910270691e+00
5.426562633365392685e+02 3.074368946254253387e-01 -7.498087868094444275e+00
5.421472632139921188e+02 3.337123524397611618e-01 -8.233973249793052673e+00
5.416259788721799850e+02 3.576955012977123260e-01 -8.972663268446922302e+00
5.411016843765974045e+02 3.875770289450883865e-01 -9.696353480219841003e+00
5.405652701109647751e+02 4.183375500142574310e-01 -1.045083771646022797e+01
5.400047974437475204e+02 4.433532301336526871e-01 -1.120410214364528656e+01
5.394582975953817368e+02 4.627276398241519928e-01 -1.192191855609416962e+01
5.389122527688741684e+02 4.826108720153570175e-01 -1.262487964332103729e+01
5.383790478557348251e+02 4.969072099775075912e-01 -1.333195607364177704e+01
5.378345572203397751e+02 5.210004597902297974e-01 -1.401343838870525360e+01
5.373069699853658676e+02 5.428808089345693588e-01 -1.470057050883769989e+01
5.367728171795606613e+02 5.659124366939067841e-01 -1.539483194053173065e+01
5.362411003559827805e+02 5.882680583745241165e-01 -1.608316181600093842e+01
5.357251454442739487e+02 6.086221709847450256e-01 -1.676409707963466644e+01
5.352142050117254257e+02 6.292564962059259415e-01 -1.741097144782543182e+01
5.346776638478040695e+02 6.515825912356376648e-01 -1.807992808520793915e+01
5.341483946293592453e+02 6.760695856064558029e-01 -1.874628721177577972e+01
5.335941664427518845e+02 6.987641267478466034e-01 -1.941508625447750092e+01
5.330512260645627975e+02 7.214328367263078690e-01 -2.007753883302211761e+01
5.324981478899717331e+02 7.450903430581092834e-01 -2.069817613065242767e+01
5.319517325609922409e+02 7.727761212736368179e-01 -2.128161816298961639e+01
5.314107466191053391e+02 8.005786538124084473e-01 -2.185556749999523163e+01
5.308964399546384811e+02 8.234094064682722092e-01 -2.244894306361675262e+01
5.303654317110776901e+02 8.397745825350284576e-01 -2.302499513328075409e+01
5.298425187915563583e+02 8.562746737152338028e-01 -2.361311607062816620e+01
5.293094200938940048e+02 8.747891113162040710e-01 -2.417219321429729462e+01
5.287709536403417587e+02 9.003428537398576736e-01 -2.473712430894374847e+01
5.282269165366888046e+02 9.250074997544288635e-01 -2.529331551492214203e+01
5.276830872148275375e+02 9.496208708733320236e-01 -2.584967885911464691e+01
5.271469438523054123e+02 9.745531566441059113e-01 -2.641562603414058685e+01
5.266150385588407516e+02 1.001406287774443626e+00 -2.697079907357692719e+01
5.260818962901830673e+02 1.029572498053312302e+00 -2.754728917777538300e+01
5.255779446810483932e+02 1.056922735646367073e+00 -2.812853990495204926e+01
5.250813341587781906e+02 1.086351964622735977e+00 -2.871248637139797211e+01
5.245839413851499557e+02 1.116336265578866005e+00 -2.931143365800380707e+01
5.240903189033269882e+02 1.143968809396028519e+00 -2.991825650632381439e+01
5.235961326211690903e+02 1.172841334715485573e+00 -3.053248314559459686e+01
5.231019935458898544e+02 1.201743707060813904e+00 -3.114677052199840546e+01
5.226018966287374496e+02 1.235735699534416199e+00 -3.175740127265453339e+01
5.221016887873411179e+02 1.269756175577640533e+00 -3.236792777478694916e+01
5.216014539450407028e+02 1.303805574774742126e+00 -3.297838591039180756e+01
5.211013871878385544e+02 1.337215885519981384e+00 -3.358817224204540253e+01
5.205900276154279709e+02 1.373582899570465088e+00 -3.419482986629009247e+01
5.200777454823255539e+02 1.406368590891361237e+00 -3.477545563876628876e+01
5.195654087513685226e+02 1.439200729131698608e+00 -3.535598759353160858e+01
5.190524987429380417e+02 1.469826711341738701e+00 -3.595612399280071259e+01
5.185483410805463791e+02 1.499340768903493881e+00 -3.655411510169506073e+01
5.180455840080976486e+02 1.532161202281713486e+00 -3.716157607734203339e+01
5.175566678494215012e+02 1.559812219813466072e+00 -3.777612750232219696e+01
5.170804709643125534e+02 1.587235674262046814e+00 -3.838698439300060272e+01
5.166094701737165451e+02 1.610897859558463097e+00 -3.901775752007961273e+01
5.161256614774465561e+02 1.635659694671630859e+00 -3.961418019235134125e+01
5.156512071937322617e+02 1.658374393358826637e+00 -4.023697613179683685e+01
5.151448612064123154e+02 1.684665545821189880e+00 -4.083961950242519379e+01
5.146427284330129623e+02 1.711705977097153664e+00 -4.141387669742107391e+01
5.141442712396383286e+02 1.736149571835994720e+00 -4.200416348874568939e+01
5.136570525020360947e+02 1.760579140856862068e+00 -4.257758514583110809e+01
5.131461303085088730e+02 1.787857502698898315e+00 -4.314276389777660370e+01
5.126344852894544601e+02 1.817504974082112312e+00 -4.370338909327983856e+01
5.120734742730855942e+02 1.844292502850294113e+00 -4.426029841601848602e+01
5.115178571194410324e+02 1.874759787693619728e+00 -4.483644978702068329e+01
5.109600202292203903e+02 1.900404736399650574e+00 -4.539372079074382782e+01
5.104206570833921432e+02 1.919301388785243034e+00 -4.593983285129070282e+01
5.099089656323194504e+02 1.929795816540718079e+00 -4.646741257607936859e+01
5.094331604093313217e+02 1.946973709389567375e+00 -4.696890138089656830e+01
5.089660876840353012e+02 1.966968562453985214e+00 -4.748177002370357513e+01
5.084493782371282578e+02 1.991394480690360069e+00 -4.797818981111049652e+01
5.079265562146902084e+02 2.012504965066909790e+00 -4.851511393487453461e+01
5.073803959935903549e+02 2.027735086157917976e+00 -4.906115327775478363e+01
5.068672946542501450e+02 2.045413669198751450e+00 -4.958962683379650116e+01
