0.000000000000000000e+00 0.000000000000000000e+00 0.000000000000000000e+00
3.726670145988464355e-02 8.101910352706909180e-03 5.770766735076904297e-02
-2.101224660873413086e-02 -1.264944672584533691e-02 -8.190310001373291016e-02
-2.924633026123046875e-02 5.955561995506286621e-03 -4.250645637512207031e-03
-2.691295742988586426e-02 -5.431301891803741455e-03 -6.996035575866699219e-03
-6.205737590789794922e-03 -1.703604310750961304e-02 -1.981508731842041016e-02
-1.969793438911437988e-02 2.307149395346641541e-02 5.596065521240234375e-02
1.925528049468994141e-03 3.572639077901840210e-03 8.213281631469726562e-02
-2.599650621414184570e-02 4.318878054618835449e-03 -2.107667922973632812e-02
1.168909668922424316e-02 -4.594214260578155518e-04 -1.591575145721435547e-02
9.623676538467407227e-03 -1.649986952543258667e-03 1.308441162109375000e-02
8.366495370864868164e-03 -3.057941794395446777e-04 -6.749236583709716797e-02
4.871964454650878906e-02 -5.214467644691467285e-03 -1.305818557739257812e-03
4.443526268005371094e-05 -9.303510189056396484e-03 -4.505991935729980469e-03
-3.833293914794921875e-03 1.228778064250946045e-02 1.149196624755859375e-01
-2.904203534126281738e-02 1.129508018493652344e-04 4.734551906585693359e-02
-9.084343910217285156e-04 5.065649747848510742e-04 -2.102351188659667969e-02
-1.077464222908020020e-02 4.217237234115600586e-03 -1.078259944915771484e-02
2.397465705871582031e-02 -9.904727339744567871e-04 -5.364108085632324219e-02
-2.844470739364624023e-02 9.742960333824157715e-03 6.975984573364257812e-02
-1.216953992843627930e-02 6.586873903870582581e-03 -3.683483600616455078e-02
3.047004342079162598e-02 2.309337258338928223e-03 -2.134835720062255859e-02
7.216694951057434082e-02 -9.604068472981452942e-03 2.518248558044433594e-02
-5.656427145004272461e-02 -1.217424869537353516e-05 -6.939244270324707031e-02
-7.306072115898132324e-02 -1.668781042098999023e-03 -1.310586929321289062e-02
-1.624229550361633301e-02 1.992962695658206940e-02 7.515072822570800781e-02
5.196686089038848877e-02 -2.897448837757110596e-03 1.329733133316040039e-01
1.008679419755935669e-01 -3.435155004262924194e-02 -5.775547027587890625e-02
-5.573104321956634521e-02 6.566438823938369751e-03 -6.441307067871093750e-02
1.328383386135101318e-02 -6.324484944343566895e-03 -5.042910575866699219e-02
1.680243015289306641e-02 1.138779148459434509e-02 -2.626526355743408203e-02
1.450179666280746460e-01 -7.458921521902084351e-03 5.501770973205566406e-02
-1.895420402288436890e-01 8.602187037467956543e-03 4.307627677917480469e-02
1.142191886901855469e-02 5.543217062950134277e-03 -5.095958709716796875e-03
-3.803408145904541016e-02 1.991789229214191437e-02 -6.050586700439453125e-03
2.193093299865722656e-02 -1.879244484007358551e-02 -7.098269462585449219e-02
3.486636281013488770e-02 -7.035210728645324707e-04 -7.069706916809082031e-03
-5.716824531555175781e-02 5.980374291539192200e-03 3.635525703430175781e-02
4.481351375579833984e-02 -2.759898081421852112e-03 -5.803728103637695312e-02
-9.586036205291748047e-03 8.690897375345230103e-04 5.294764041900634766e-02
-4.802370071411132812e-02 9.401112794876098633e-03 2.994549274444580078e-02
3.614979982376098633e-02 -1.927036233246326447e-02 4.960501194000244141e-02
-4.219466447830200195e-02 9.293865412473678589e-03 1.115429401397705078e-02
4.406291246414184570e-02 -1.635723933577537537e-02 5.990386009216308594e-03
-6.399405002593994141e-02 9.175524115562438965e-03 2.834200859069824219e-03
2.319118380546569824e-02 -1.620365492999553680e-02 -9.465682506561279297e-02
-8.017748594284057617e-03 -1.698980107903480530e-02 -4.124104976654052734e-02
6.721577048301696777e-02 -1.009230408817529678e-02 -5.740773677825927734e-02
-1.026915013790130615e-01 1.949302665889263153e-02 6.002449989318847656e-02
1.237189173698425293e-01 -1.279418356716632843e-02 -8.841431140899658203e-02
-6.056922674179077148e-02 3.696391358971595764e-03 1.424610614776611328e-02
2.520295977592468262e-02 -5.966346710920333862e-03 1.423847675323486328e-02
-8.640527725219726562e-03 6.047945469617843628e-03 2.069711685180664062e-02
7.337504625320434570e-02 -1.404065638780593872e-03 -5.041158199310302734e-02
-6.285569071769714355e-02 -1.945070922374725342e-03 -2.622210979461669922e-02
6.603080034255981445e-02 -1.098823547363281250e-02 -4.668402671813964844e-02
-6.705898046493530273e-02 2.586926892399787903e-02 1.346007585525512695e-01
-1.123195886611938477e-02 -1.663783192634582520e-02 -9.300023317337036133e-02
2.554994821548461914e-02 -1.255380362272262573e-02 -1.348903775215148926e-01
-6.508225202560424805e-02 -2.260631509125232697e-02 5.151152610778808594e-03
2.035152912139892578e-02 1.182618737220764160e-02 5.890393257141113281e-02
3.866180777549743652e-02 -1.377272605895996094e-02 -5.589777231216430664e-02
8.208298683166503906e-02 -4.723362624645233154e-03 -3.760457038879394531e-02
-8.580625057220458984e-03 -2.008244395256042480e-03 6.537991762161254883e-02
-6.228223443031311035e-02 -1.206282526254653931e-02 -5.272573232650756836e-02
4.651829600334167480e-02 -2.426728606224060059e-04 2.797412872314453125e-02
-3.127872943878173828e-03 1.371856778860092163e-02 -1.122911572456359863e-01
-1.068726181983947754e-02 1.510166004300117493e-02 -2.636849880218505859e-03
-1.534673571586608887e-02 -3.025170415639877319e-03 1.293160319328308105e-01
8.199706673622131348e-02 2.358630485832691193e-02 1.746978759765625000e-01
3.106147050857543945e-03 3.439720720052719116e-03 -2.323997020721435547e-02
-5.760401487350463867e-03 -3.562623634934425354e-03 1.076638698577880859e-02
6.677329540252685547e-03 3.401143476366996765e-03 -5.432814359664916992e-02
1.284152269363403320e-02 -2.131778560578823090e-02 3.782331943511962891e-03
6.147968769073486328e-02 9.099414572119712830e-03 -8.213365077972412109e-02
3.369051218032836914e-02 -2.715790644288063049e-03 -7.631540298461914062e-02
6.046992540359497070e-02 6.416061893105506897e-03 -1.947015523910522461e-02
-4.101192951202392578e-02 2.259265631437301636e-03 4.573309421539306641e-02
1.871594786643981934e-02 1.788381487131118774e-04 1.088619232177734375e-02
5.861379206180572510e-02 -2.460526302456855774e-03 1.511833071708679199e-01
3.282588720321655273e-02 1.781988888978958130e-03 8.347535133361816406e-02
8.157432079315185547e-02 -4.183772951364517212e-03 -2.908349037170410156e-03
7.366371154785156250e-02 -1.857057213783264160e-03 1.261540651321411133e-01
9.472894668579101562e-02 6.202012300491333008e-04 -1.043523550033569336e-01
3.431975841522216797e-03 8.975982666015625000e-03 2.854347229003906250e-02
4.213774204254150391e-02 -4.194349050521850586e-03 -1.472628116607666016e-01
1.674401760101318359e-02 3.793001174926757812e-03 -1.290034055709838867e-01
3.522694110870361328e-02 -1.337200216948986053e-02 -1.295467615127563477e-01
-1.441812515258789062e-02 -1.799635589122772217e-03 -4.182112216949462891e-02
1.208236813545227051e-01 -6.316035985946655273e-03 4.543483257293701172e-03
2.511441707611083984e-02 2.283379435539245605e-03 -1.374560594558715820e-01
2.029424905776977539e-02 2.248615026473999023e-03 6.100285053253173828e-02
8.953505754470825195e-02 3.766342997550964355e-04 -6.103706359863281250e-02
-1.350104808807373047e-03 9.443474933505058289e-03 -8.783572912216186523e-02
-1.142799258232116699e-01 -7.451748475432395935e-03 -8.644133806228637695e-02
-5.220651626586914062e-02 5.728943273425102234e-03 1.507699489593505859e-03
-3.613513708114624023e-02 7.009804248809814453e-03 -3.312975168228149414e-02
-8.242046833038330078e-02 -1.654475927352905273e-04 -4.028668999671936035e-02
2.114045619964599609e-02 -9.069209918379783630e-03 -7.097712159156799316e-02
6.215757131576538086e-02 -6.017304956912994385e-03 -6.441199779510498047e-02
7.341778278350830078e-02 1.712833903729915619e-02 -4.285907745361328125e-02
3.561896085739135742e-02 -4.500225186347961426e-04 -2.457880973815917969e-02
4.856771230697631836e-02 6.958842277526855469e-06 -1.536130905151367188e-02
5.309754610061645508e-02 -1.133877784013748169e-03 -4.472446441650390625e-02
-2.813291549682617188e-02 -2.932931669056415558e-02 2.138137817382812500e-03
4.576438665390014648e-02 -8.853331208229064941e-03 1.841509342193603516e-02
-3.284275531768798828e-03 3.468580543994903564e-03 -2.303326129913330078e-02
-3.959178924560546875e-03 7.979057729244232178e-03 -2.166652493178844452e-02
-2.427726984024047852e-02 7.673427462577819824e-04 1.924753002822399139e-02
-5.929279327392578125e-02 1.086587458848953247e-02 -3.925549983978271484e-02
9.784698486328125000e-03 4.292242228984832764e-03 -1.257973909378051758e-02
1.464414596557617188e-02 -1.805134117603302002e-03 4.892289638519287109e-03
4.398900270462036133e-02 7.229207083582878113e-03 -3.500634431838989258e-02
6.517171859741210938e-03 3.012821078300476074e-03 -4.260677099227905273e-02
7.987809181213378906e-02 2.540726214647293091e-03 2.003306150436401367e-02
5.016458034515380859e-02 -1.191700063645839691e-02 -2.842032909393310547e-02
3.369092941284179688e-03 4.127971827983856201e-03 8.442699909210205078e-03
-1.805281639099121094e-02 -5.923174321651458740e-04 -2.691495418548583984e-02
-2.342224121093750000e-02 2.922348678112030029e-03 -1.636868715286254883e-02
2.198350429534912109e-02 3.813743591308593750e-03 3.552407026290893555e-02
1.346135139465332031e-02 5.801655352115631104e-03 -2.869236469268798828e-02
6.595635414123535156e-02 1.734428107738494873e-03 -2.724033594131469727e-02
-4.717981815338134766e-02 5.128365010023117065e-04 3.344774246215820312e-02
-3.606820106506347656e-02 -4.270652309060096741e-03 -1.268696784973144531e-02
2.628326416015625000e-03 -4.490397870540618896e-03 -3.279387950897216797e-03
-1.608335971832275391e-02 -2.366367727518081665e-03 2.430605888366699219e-02
-1.004600524902343750e-02 4.287213087081909180e-03 1.407718658447265625e-02
4.029023647308349609e-02 9.215040132403373718e-03 -7.881456613540649414e-02
-1.142997741699218750e-01 -1.545389927923679352e-02 7.475447654724121094e-02
-3.884446620941162109e-02 -2.031089738011360168e-03 2.257621288299560547e-02
-9.449839591979980469e-03 -3.235014155507087708e-03 6.873667240142822266e-03
-2.829492092132568359e-03 -3.884688019752502441e-03 2.597826719284057617e-02
-9.335339069366455078e-03 -1.324333250522613525e-03 -3.179967403411865234e-03
3.993296623229980469e-02 2.929449081420898438e-03 7.359862327575683594e-03
1.157522201538085938e-03 -2.439752221107482910e-03 9.385347366333007812e-04
-4.451394081115722656e-03 2.674147486686706543e-03 1.235777325928211212e-02
-1.125806570053100586e-02 1.575721986591815948e-02 -1.859366893768310547e-03
-5.653399229049682617e-02 -2.336967736482620239e-03 5.139595270156860352e-02
-1.416707038879394531e-02 9.825583547353744507e-04 -4.849135875701904297e-03
9.264469146728515625e-03 -2.685483545064926147e-03 2.115547657012939453e-03
1.417040824890136719e-03 -5.744528025388717651e-03 -6.108939647674560547e-03
2.416110038757324219e-02 5.260128527879714966e-03 1.428306102752685547e-03
1.089733839035034180e-02 -1.228607445955276489e-02 1.216632127761840820e-02
-6.755673885345458984e-02 -4.374496638774871826e-03 -1.176840066909790039e-02
-2.588093280792236328e-02 -2.420246601104736328e-04 1.141905784606933594e-03
6.233507394790649414e-02 3.513053059577941895e-03 -6.707251071929931641e-03
-1.240450143814086914e-02 7.667569443583488464e-03 1.264369487762451172e-02
-4.289656877517700195e-02 -5.379235371947288513e-03 3.874641656875610352e-02
3.884124755859375000e-02 -4.184387624263763428e-03 1.089596748352050781e-02
-1.322364807128906250e-02 1.424858532845973969e-02 -4.103958606719970703e-03
1.340579986572265625e-02 -6.452878937125205994e-03 -3.525364398956298828e-02
1.388919353485107422e-02 5.345797166228294373e-03 3.010523319244384766e-02
-2.276313304901123047e-02 -1.126980409026145935e-03 -1.790612936019897461e-02
1.883280277252197266e-02 4.441980272531509399e-04 2.428096532821655273e-02
4.677098989486694336e-02 -1.973706670105457306e-02 -2.350294589996337891e-02
-4.871684312820434570e-02 1.151755452156066895e-03 3.374886512756347656e-02
5.339437723159790039e-02 6.398662924766540527e-03 -1.568907499313354492e-02
-3.045922517776489258e-02 -1.214110106229782104e-02 -3.230154514312744141e-03
-4.362100362777709961e-02 -3.193691372871398926e-03 -5.757379531860351562e-02
-1.218843460083007812e-02 1.356875523924827576e-02 -7.033944129943847656e-04
-8.266806602478027344e-03 8.138716220855712891e-04 3.157079219818115234e-03
9.761196374893188477e-02 8.892659097909927368e-03 -5.235254764556884766e-03
-1.012611389160156250e-02 -7.409214973449707031e-03 4.836207628250122070e-02
3.079819679260253906e-02 -1.208454370498657227e-03 1.766067743301391602e-02
2.124404907226562500e-02 2.288214862346649170e-03 -3.625363111495971680e-02
-2.430260181427001953e-02 8.296316489577293396e-03 1.987600326538085938e-02
-1.188999414443969727e-02 -6.080059334635734558e-03 1.841664314270019531e-02
3.237634897232055664e-02 4.376173019409179688e-03 -3.208583593368530273e-02
-2.400219440460205078e-03 1.713703013956546783e-02 -1.583385281264781952e-02
3.982597589492797852e-02 -4.929941147565841675e-03 1.109283976256847382e-02
6.810545921325683594e-03 -1.372803002595901489e-03 2.441263198852539062e-02
-2.136987447738647461e-02 1.690668985247612000e-02 2.899241447448730469e-02
4.504680633544921875e-02 5.526315420866012573e-03 -1.107048988342285156e-02
1.766383647918701172e-03 -5.587512627243995667e-03 1.255720853805541992e-02
1.080989837646484375e-03 5.588913336396217346e-03 -2.283692359924316406e-03
-4.279565811157226562e-02 1.248551532626152039e-03 -1.683551073074340820e-02
-1.747423410415649414e-02 -1.139336265623569489e-02 1.537638902664184570e-02
1.192605495452880859e-02 -1.785707473754882812e-02 -6.695330142974853516e-03
-5.743283033370971680e-02 1.380176842212677002e-02 4.284685850143432617e-02
-2.080315351486206055e-02 7.467843592166900635e-03 -3.691440820693969727e-02
-5.714195966720581055e-02 -2.050124108791351318e-02 5.931723117828369141e-02
1.729428768157958984e-02 2.257384359836578369e-03 -4.972404241561889648e-02
-8.239448070526123047e-03 -2.251580357551574707e-03 1.466941833496093750e-02
-3.829461336135864258e-02 4.084721207618713379e-03 6.184887886047363281e-02
3.404164314270019531e-02 9.237669408321380615e-03 -5.202978849411010742e-02
1.421272754669189453e-03 -6.710268557071685791e-03 -3.039425611495971680e-02
6.655389070510864258e-02 -1.709526404738426208e-03 3.326421976089477539e-02
-5.743062496185302734e-02 1.267940364778041840e-02 5.102914571762084961e-02
-1.417887210845947266e-02 -1.289673708379268646e-02 1.622283458709716797e-02
-4.817485809326171875e-03 -6.553912535309791565e-03 -4.060298204421997070e-02
-5.192553997039794922e-02 -1.171527616679668427e-02 -1.670426130294799805e-02
9.861028194427490234e-02 -3.463342785835266113e-03 1.286631822586059570e-02
3.769177198410034180e-02 -1.347571611404418945e-03 -3.107279539108276367e-02
-2.209979295730590820e-02 2.506766468286514282e-03 1.997268199920654297e-02
1.561671495437622070e-02 -2.675466239452362061e-04 -2.525055408477783203e-02
-1.815146207809448242e-02 -9.481705725193023682e-03 2.737891674041748047e-02
-1.589892506599426270e-01 -2.059563994407653809e-04 2.943849563598632812e-02
7.252174615859985352e-02 3.227964043617248535e-03 -6.496882438659667969e-02
-1.164574623107910156e-01 9.982705116271972656e-03 8.035451173782348633e-02
7.430583238601684570e-02 2.206526696681976318e-03 -2.147400379180908203e-02
1.663655042648315430e-02 4.677511751651763916e-03 1.023322343826293945e-02
2.688616514205932617e-02 5.303351208567619324e-03 -1.585385203361511230e-02
4.624903202056884766e-02 -7.763793691992759705e-03 9.502470493316650391e-04
2.941846847534179688e-03 -1.107394695281982422e-03 -2.394402027130126953e-02
-5.953663587570190430e-02 -5.457028746604919434e-03 1.658129692077636719e-02
1.322821378707885742e-01 -1.251108199357986450e-02 2.122139930725097656e-02
-4.032307863235473633e-02 7.916241884231567383e-05 7.927715778350830078e-03
-1.272737979888916016e-03 7.626034319400787354e-03 1.634275913238525391e-02
2.828538417816162109e-03 -2.243742346763610840e-04 1.309370994567871094e-02
1.627385616302490234e-03 -2.597965300083160400e-03 1.598000526428222656e-03
-3.384089469909667969e-02 3.637310117483139038e-03 2.053856849670410156e-03
3.139662742614746094e-02 2.377074211835861206e-03 7.076859474182128906e-03
-8.770346641540527344e-03 -6.067037582397460938e-03 4.907304048538208008e-02
1.040960550308227539e-01 3.859758377075195312e-03 -5.074626207351684570e-02
7.415175437927246094e-03 2.303555607795715332e-03 -6.625533103942871094e-03
-3.557944297790527344e-02 6.398335099220275879e-04 -1.244133710861206055e-02
-2.066534757614135742e-02 -8.316099643707275391e-03 3.856384754180908203e-02
2.998256683349609375e-02 3.877028822898864746e-03 7.912397384643554688e-03
-2.041620016098022461e-02 -1.332685351371765137e-03 -4.233479499816894531e-03
2.289545536041259766e-02 3.135278820991516113e-03 6.997466087341308594e-03
-5.727988481521606445e-02 -6.529316306114196777e-04 1.081264019012451172e-02
2.740752696990966797e-02 -3.235436975955963135e-03 1.647680997848510742e-02
2.725929021835327148e-02 1.823160797357559204e-03 5.886465311050415039e-02
1.603180170059204102e-02 1.844193786382675171e-03 2.564460039138793945e-02
-2.884757518768310547e-02 6.928287446498870850e-03 3.177535533905029297e-02
-2.419477701187133789e-02 -4.670426249504089355e-03 -3.498786687850952148e-02
-1.407098770141601562e-02 1.344159431755542755e-02 -1.916229724884033203e-03
1.467311382293701172e-02 -6.137060001492500305e-03 -6.195664405822753906e-02
-9.873092174530029297e-03 -2.322509884834289551e-03 5.964398384094238281e-02
-3.302663564682006836e-02 3.546983003616333008e-03 -3.923100233078002930e-02
1.063448190689086914e-02 1.722238957881927490e-03 -1.836609840393066406e-02
3.328675031661987305e-02 -1.631701737642288208e-02 -3.354179859161376953e-02
6.829977035522460938e-03 9.958054870367050171e-03 7.449448108673095703e-03
1.789689064025878906e-02 2.758216112852096558e-03 -7.896554470062255859e-02
-4.284489154815673828e-02 -8.979745209217071533e-03 7.691913843154907227e-02
-7.390737533569335938e-03 4.419907927513122559e-03 2.811944484710693359e-02
2.205431461334228516e-03 5.558460950851440430e-03 -2.786844968795776367e-02
7.810771465301513672e-03 -1.458512991666793823e-02 -2.146571874618530273e-02
-9.877681732177734375e-03 3.366667777299880981e-03 -5.172878503799438477e-02
2.937054634094238281e-02 -6.915070116519927979e-04 4.368275403976440430e-02
7.488548755645751953e-03 3.968704491853713989e-03 3.834509849548339844e-02
-2.129226922988891602e-02 5.528498440980911255e-03 4.713952541351318359e-03
-1.752531528472900391e-02 5.947796627879142761e-03 7.384091615676879883e-02
-4.098355770111083984e-02 1.337695121765136719e-02 4.473662376403808594e-02
5.024635791778564453e-02 1.715347170829772949e-03 2.844792604446411133e-02
-9.456396102905273438e-03 -2.305079251527786255e-03 -7.003378868103027344e-02
4.754984378814697266e-02 -7.397960871458053589e-03 1.160407066345214844e-02
-3.992187976837158203e-02 2.933315932750701904e-03 2.542418241500854492e-02
1.064372062683105469e-02 -2.223782241344451904e-03 -1.634871959686279297e-02
-3.809577226638793945e-02 -2.724081277847290039e-04 1.077532768249511719e-02
5.366742610931396484e-03 -7.583573460578918457e-05 -2.118659019470214844e-02
-3.410732746124267578e-02 -5.010653287172317505e-03 -6.296318769454956055e-02
-1.065754890441894531e-02 9.091109037399291992e-03 7.193922996520996094e-03
-1.068532466888427734e-03 9.726993739604949951e-04 -4.492759704589843750e-03
-1.251987218856811523e-01 -5.227081477642059326e-03 1.532852649688720703e-03
-3.232151269912719727e-02 -6.389865651726722717e-03 1.391184329986572266e-02
-6.268203258514404297e-02 6.016701459884643555e-03 3.741312026977539062e-02
-4.600143432617187500e-02 -6.356887519359588623e-03 3.066763281822204590e-02
1.217424869537353516e-02 9.912177920341491699e-04 6.228125095367431641e-02
4.921883344650268555e-02 -9.214706718921661377e-03 4.887816309928894043e-02
-2.055263519287109375e-02 1.067358814179897308e-02 1.047503948211669922e-02
4.516601562500000000e-02 5.185462534427642822e-03 1.317180991172790527e-01
-8.019924163818359375e-03 -1.573186926543712616e-02 1.054000258445739746e-01
-5.920296907424926758e-02 1.399219036102294922e-04 -2.919638156890869141e-02
5.739980936050415039e-02 1.136213541030883789e-05 -2.099579572677612305e-02
-5.349695682525634766e-02 -4.697859287261962891e-03 -5.365240573883056641e-02
3.416359424591064453e-03 8.430451154708862305e-03 4.753351211547851562e-03
3.724133968353271484e-02 -1.452058553695678711e-03 1.540493965148925781e-02
2.360582351684570312e-02 6.296485662460327148e-04 1.139783859252929688e-02
-3.417944908142089844e-02 -3.251284360885620117e-03 4.422062635421752930e-02
-5.315995216369628906e-02 4.143409430980682373e-03 -3.823977708816528320e-02
-5.577564239501953125e-03 1.601822674274444580e-03 9.736239910125732422e-03
-2.132111787796020508e-02 -4.240028560161590576e-03 1.075345277786254883e-02
2.773696184158325195e-02 2.483762800693511963e-03 3.359127044677734375e-02
6.992632150650024414e-02 9.419545531272888184e-04 6.368374824523925781e-02
-3.972828388214111328e-03 -4.016622900962829590e-03 -2.107191085815429688e-02
-1.073420047760009766e-03 4.114508628845214844e-03 -5.756020545959472656e-03
-4.197454452514648438e-02 4.963932558894157410e-03 -7.687830924987792969e-02
8.704996109008789062e-02 3.264605998992919922e-03 5.314075946807861328e-02
-2.908408641815185547e-02 -2.341806888580322266e-03 2.151376008987426758e-02
2.556782960891723633e-02 2.260547876358032227e-02 5.616259574890136719e-02
6.066399812698364258e-02 -2.476803958415985107e-03 3.851675987243652344e-02
-2.919852733612060547e-03 -2.925910055637359619e-03 3.253853321075439453e-02
-4.429590702056884766e-02 -1.486167311668395996e-04 -3.718316555023193359e-03
-2.657806873321533203e-02 -5.453951656818389893e-03 -5.492985248565673828e-02
-7.387220859527587891e-03 -6.255514919757843018e-03 3.071111440658569336e-02
-9.959256649017333984e-02 -7.941132411360740662e-03 -2.624720335006713867e-02
3.402137756347656250e-02 2.728907391428947449e-03 1.548075675964355469e-02
3.073394298553466797e-02 -1.751184463500976562e-04 3.795456886291503906e-02
1.023888587951660156e-02 1.067364960908889771e-02 -1.010648012161254883e-01
4.679971933364868164e-02 -6.383284926414489746e-03 1.530718803405761719e-02
3.027635812759399414e-02 5.835093557834625244e-03 2.526456117630004883e-02
-4.751813411712646484e-02 4.164949059486389160e-03 -1.101978421211242676e-01
-1.429927349090576172e-02 2.794586122035980225e-03 -1.938122510910034180e-02
4.310578107833862305e-02 -2.523213624954223633e-03 9.276121854782104492e-02
-1.035224795341491699e-01 9.835630655288696289e-03 -7.667642831802368164e-02
1.009374856948852539e-02 6.711803376674652100e-03 -4.145264625549316406e-03
-4.509091377258300781e-02 -5.211338400840759277e-03 -7.661920785903930664e-02
1.877307891845703125e-02 -8.249990642070770264e-03 6.116724014282226562e-02
6.792509555816650391e-02 -4.437737166881561279e-03 3.243052959442138672e-02
-5.765932798385620117e-02 5.156576633453369141e-03 3.520047664642333984e-02
7.407486438751220703e-03 2.344399690628051758e-04 4.681515693664550781e-02
6.366366147994995117e-02 1.004270464181900024e-02 7.394492626190185547e-03
-9.244501590728759766e-03 -7.595226168632507324e-03 -1.172339320182800293e-01
-3.204166889190673828e-02 5.594827234745025635e-03 6.105184555053710938e-03
1.672530174255371094e-02 1.924157142639160156e-03 -4.012179374694824219e-02
2.038407325744628906e-02 -4.030868411064147949e-03 3.649723529815673828e-02
3.250753879547119141e-02 -1.136757433414459229e-03 4.337561130523681641e-02
1.087874174118041992e-02 -4.476340487599372864e-03 -6.974208354949951172e-02
-3.053987026214599609e-02 5.304941907525062561e-03 -2.581518888473510742e-02
-4.591411352157592773e-02 5.208328366279602051e-04 2.486521005630493164e-02
2.160519361495971680e-02 7.196590304374694824e-04 -2.229213714599609375e-05
2.186489105224609375e-02 1.615658402442932129e-04 3.519654273986816406e-03
-6.211161613464355469e-03 2.624318003654479980e-04 -4.157662391662597656e-03
-6.236821413040161133e-02 -9.268194437026977539e-03 5.263441801071166992e-02
-1.515233516693115234e-02 3.034956753253936768e-03 -1.505273580551147461e-01
4.238611459732055664e-02 4.168190062046051025e-03 -1.143270730972290039e-02
6.299728155136108398e-02 -1.259878277778625488e-02 1.245194673538208008e-01
-5.728304386138916016e-03 6.557457149028778076e-03 -1.109912991523742676e-01
-1.408720016479492188e-02 -1.327760517597198486e-03 7.131832838058471680e-02
1.349967718124389648e-02 1.279577612876892090e-03 -7.343804836273193359e-02
2.886748313903808594e-02 7.872402667999267578e-03 -2.127885818481445312e-03
-6.784963607788085938e-02 6.958276033401489258e-03 -1.306516230106353760e-01
4.755061864852905273e-02 5.785036832094192505e-03 7.173088192939758301e-02
1.453822851181030273e-02 -1.790812239050865173e-02 -2.494865655899047852e-02
-4.641330242156982422e-02 -1.256413757801055908e-03 1.012195944786071777e-01
5.036991834640502930e-02 1.027550548315048218e-02 -1.866543292999267578e-02
-7.314252853393554688e-02 -4.187442362308502197e-03 -6.558024883270263672e-02
-1.504659652709960938e-03 -4.042319953441619873e-03 -6.633996963500976562e-04
-2.539062500000000000e-02 2.775557339191436768e-03 6.427574157714843750e-02
5.010193586349487305e-02 -7.472716271877288818e-03 -6.056427955627441406e-03
-1.219964027404785156e-02 -1.317389309406280518e-03 -2.164733409881591797e-02
-2.506524324417114258e-02 1.503814756870269775e-02 -1.434902548789978027e-01
-1.280742883682250977e-02 -5.567178130149841309e-03 4.293024539947509766e-04
5.166327953338623047e-02 2.464562654495239258e-03 6.820261478424072266e-04
9.871363639831542969e-03 1.728326082229614258e-03 1.686590909957885742e-02
3.638172149658203125e-02 7.720164954662322998e-03 2.374553680419921875e-02
-5.887866020202636719e-02 -2.024675160646438599e-02 -1.340150833129882812e-02
8.098912239074707031e-02 1.989386975765228271e-03 -6.233233213424682617e-02
1.577073335647583008e-02 1.549910008907318115e-02 1.369091868400573730e-01
1.940381526947021484e-02 -1.715154945850372314e-02 3.952181339263916016e-02
-6.719118356704711914e-02 4.608958959579467773e-03 7.419228553771972656e-03
1.015936136245727539e-01 4.696585237979888916e-03 1.460510492324829102e-02
5.456358194351196289e-02 1.517307013273239136e-02 2.312654256820678711e-02
-4.737067222595214844e-02 -4.226259887218475342e-03 3.020703792572021484e-03
1.430195569992065430e-02 -2.222433686256408691e-03 -4.296541213989257812e-03
2.982831001281738281e-02 6.931006908416748047e-03 -3.104144334793090820e-02
-9.409964084625244141e-03 -1.553062349557876587e-03 -6.732678413391113281e-02
-3.825837373733520508e-02 -6.154228001832962036e-03 -8.991092443466186523e-02
5.587941408157348633e-02 6.518194451928138733e-03 -9.888404607772827148e-02
-4.840666055679321289e-02 -2.087840810418128967e-03 2.636408805847167969e-02
-3.208160400390625000e-03 -2.593602985143661499e-03 -2.015769481658935547e-02
6.152248382568359375e-02 -1.934276148676872253e-02 1.508340835571289062e-01
7.784426212310791016e-03 5.060233175754547119e-03 1.356050372123718262e-02
2.691805362701416016e-03 -5.852885544300079346e-03 6.076011061668395996e-02
-2.797126770019531250e-02 -2.400100231170654297e-03 -1.214944720268249512e-01
-2.600806951522827148e-02 2.842532098293304443e-02 -1.378365755081176758e-01
2.302086353302001953e-02 -6.124392151832580566e-03 6.662517786026000977e-02
7.281333208084106445e-02 9.368881583213806152e-04 1.020605564117431641e-01
-1.066951751708984375e-01 9.102843701839447021e-03 -7.094037532806396484e-02
-2.236366271972656250e-02 -6.992205977439880371e-03 4.315906763076782227e-02
-6.286239624023437500e-02 -1.776397228240966797e-02 8.705079555511474609e-02
5.119568109512329102e-02 -3.214329481124877930e-04 7.468461990356445312e-03
-9.161597490310668945e-02 1.619853079319000244e-03 -5.928906798362731934e-02
-5.308800935745239258e-02 6.348334252834320068e-03 -4.126089811325073242e-02
1.282292604446411133e-02 -9.933702647686004639e-03 -5.763128399848937988e-02
-5.952781438827514648e-02 1.083806157112121582e-03 -2.977904677391052246e-02
-2.954250574111938477e-02 -4.514954984188079834e-03 -1.705759763717651367e-02
2.960950136184692383e-02 -6.285555660724639893e-03 6.835824251174926758e-02
4.669308662414550781e-03 -2.334561757743358612e-02 7.446202635765075684e-02
-3.237253427505493164e-02 9.560905396938323975e-03 4.366797208786010742e-02
4.629081487655639648e-02 3.081288188695907593e-03 -3.452196717262268066e-02
-9.562462568283081055e-02 2.634013071656227112e-03 1.239275932312011719e-02
4.807937145233154297e-02 -4.241695627570152283e-03 -1.738408207893371582e-02
1.943826675415039062e-02 9.430831298232078552e-03 -5.834895372390747070e-02
5.028295516967773438e-02 -7.475726306438446045e-04 3.137296438217163086e-02
-2.737522125244140625e-02 2.188421785831451416e-04 -4.683992266654968262e-02
-3.709256649017333984e-02 6.375297904014587402e-03 -3.816506266593933105e-02
4.646849632263183594e-02 -3.656094893813133240e-03 4.967844486236572266e-02
1.000272035598754883e-01 -4.532756283879280090e-03 5.441671609878540039e-02
1.444309949874877930e-02 3.573782742023468018e-03 -3.677204251289367676e-02
4.693078994750976562e-02 -1.109655015170574188e-02 -2.312839031219482422e-02
-4.916530847549438477e-02 4.790894687175750732e-03 3.271132707595825195e-03
3.127819299697875977e-02 -6.431974470615386963e-03 3.213435411453247070e-03
4.324388504028320312e-02 1.897420175373554230e-02 9.208202362060546875e-02
4.738384485244750977e-02 -2.135924994945526123e-03 -9.444352984428405762e-02
1.518291234970092773e-02 -4.166878759860992432e-03 -4.826730489730834961e-02
5.026757717132568359e-02 -6.312455981969833374e-03 3.887718915939331055e-02
-2.319306135177612305e-02 -2.428896725177764893e-03 -8.722865581512451172e-02
-1.542037725448608398e-02 4.682954400777816772e-03 -1.662749052047729492e-02
-3.547668457031250000e-03 -4.036985337734222412e-04 -8.276879787445068359e-03
2.044194936752319336e-02 5.317866802215576172e-03 2.185821533203125000e-02
-5.303180217742919922e-02 5.227562040090560913e-03 -3.360724449157714844e-02
4.800903797149658203e-02 2.613529562950134277e-03 2.514410018920898438e-02
6.270968914031982422e-02 -4.430996254086494446e-03 5.355536937713623047e-03
5.344492197036743164e-02 -1.257669180631637573e-02 -2.029657363891601562e-03
-4.418003559112548828e-02 5.986364558339118958e-03 -4.663807153701782227e-02
3.905594348907470703e-03 1.810891553759574890e-03 -7.895588874816894531e-03
1.914501190185546875e-04 4.327286034822463989e-03 5.115211009979248047e-03
1.485240459442138672e-02 -3.561494871973991394e-03 3.781855106353759766e-02
-1.148921251296997070e-02 1.840848475694656372e-03 -6.042170524597167969e-02
3.251713514328002930e-02 -1.201237179338932037e-02 2.719104290008544922e-03
-6.043434143066406250e-03 1.100593246519565582e-02 -2.441489696502685547e-02
-4.822552204132080078e-03 1.445777714252471924e-03 2.766484022140502930e-02
2.457439899444580078e-03 3.134891390800476074e-03 -8.648574352264404297e-03
-2.211797237396240234e-02 1.100741326808929443e-03 1.007491350173950195e-02
8.716583251953125000e-04 -7.262948900461196899e-03 -4.484009742736816406e-02
-5.234527587890625000e-02 1.168040558695793152e-02 -1.686048507690429688e-02
2.647757530212402344e-03 -1.495685800909996033e-02 -2.288150787353515625e-02
-2.382135391235351562e-02 -1.017374917864799500e-03 5.077719688415527344e-04
-9.149539470672607422e-02 -1.455875113606452942e-03 2.423745393753051758e-02
3.636574745178222656e-02 -3.702191635966300964e-03 4.039108753204345703e-02
-2.496105432510375977e-02 1.787308603525161743e-03 -2.980291843414306641e-03
-2.339321374893188477e-02 5.658734589815139771e-03 1.430350542068481445e-02
6.381511688232421875e-03 -3.566477447748184204e-03 8.907675743103027344e-03
5.719310045242309570e-02 -1.093044877052307129e-03 -5.377674102783203125e-02
1.592588424682617188e-02 4.791961982846260071e-03 -2.109050750732421875e-02
1.889586448669433594e-03 4.263181239366531372e-03 -4.490017890930175781e-03
-6.091773509979248047e-03 3.982242196798324585e-03 -5.423188209533691406e-03
-2.342629432678222656e-02 2.304829657077789307e-03 2.233588695526123047e-02
9.502828121185302734e-03 2.355396747589111328e-03 -8.346259593963623047e-03
3.294491767883300781e-02 -7.927604019641876221e-04 2.892148494720458984e-02
-8.043783903121948242e-02 3.126833587884902954e-03 -1.280224323272705078e-02
3.744751214981079102e-02 -2.481516450643539429e-03 -5.367696285247802734e-03
2.721852064132690430e-02 -1.146048866212368011e-02 -8.157849311828613281e-03
-1.112496852874755859e-02 1.537377014756202698e-03 5.508345365524291992e-02
4.886847734451293945e-02 5.313009023666381836e-05 -2.525609731674194336e-02
-4.263883829116821289e-02 -4.820369184017181396e-03 1.388508081436157227e-02
5.988419055938720703e-02 -6.971357390284538269e-03 -2.522093057632446289e-02
8.153915405273437500e-05 7.609559223055839539e-03 -4.777818918228149414e-02
-2.064049243927001953e-02 6.280392408370971680e-04 -1.434808969497680664e-02
-4.782319068908691406e-03 -2.819806337356567383e-03 3.447383642196655273e-02
1.826524734497070312e-03 3.889612853527069092e-03 -1.994287967681884766e-02
6.649488210678100586e-02 2.618178725242614746e-03 5.209445953369140625e-05
5.110508203506469727e-02 2.015896141529083252e-03 -4.996669292449951172e-02
9.752392768859863281e-03 -7.205285131931304932e-03 6.892681121826171875e-04
8.422732353210449219e-04 -1.218175701797008514e-02 -4.340505599975585938e-02
-6.539338827133178711e-02 -3.591947257518768311e-03 -2.008318901062011719e-03
2.408802509307861328e-03 2.843603491783142090e-03 4.537481069564819336e-02
-4.619538784027099609e-02 4.515565931797027588e-03 -1.890194416046142578e-02
-3.713643550872802734e-02 7.969532161951065063e-03 1.371932029724121094e-02
5.327683687210083008e-02 -1.216925308108329773e-02 -3.609943389892578125e-02
3.016316890716552734e-02 2.654641866683959961e-03 -4.035769030451774597e-03
5.837106704711914062e-02 -1.697041094303131104e-03 4.810202121734619141e-02
7.619571685791015625e-02 -2.792280912399291992e-02 -5.055874586105346680e-02
-5.787968635559082031e-02 3.287268429994583130e-02 3.193217515945434570e-02
8.095502853393554688e-04 4.085520282387733459e-03 -7.470512390136718750e-02
-7.309317588806152344e-03 1.337015256285667419e-02 3.073441982269287109e-02
5.675017833709716797e-02 1.122429966926574707e-04 -4.951059818267822266e-03
-6.968581676483154297e-02 -1.097224652767181396e-02 2.399092726409435272e-02
4.525876045227050781e-02 -2.699263393878936768e-03 -2.676731161773204803e-02
-9.118551015853881836e-02 2.110031247138977051e-02 -9.071230888366699219e-04
-9.871214628219604492e-02 -5.407325923442840576e-03 -4.381239414215087891e-03
-2.582371234893798828e-03 -7.362708449363708496e-03 4.046851396560668945e-02
-1.298010349273681641e-03 -4.531398415565490723e-03 -8.606791496276855469e-03
-2.283853292465209961e-02 2.875655889511108398e-03 -3.825259208679199219e-02
1.577401757240295410e-01 -8.375821635127067566e-03 2.474063634872436523e-02
9.634494781494140625e-03 1.427388750016689301e-02 -2.922916412353515625e-02
-2.110087871551513672e-02 -1.942765526473522186e-02 -4.490685462951660156e-02
3.037714958190917969e-02 1.572795212268829346e-03 -2.635300159454345703e-03
-7.421243190765380859e-02 4.294259473681449890e-03 -5.483275651931762695e-02
2.874416112899780273e-02 -7.218604907393455505e-03 4.190796613693237305e-02
2.572941780090332031e-02 2.639107406139373779e-03 -4.952430725097656250e-03
-3.685516119003295898e-02 3.133982419967651367e-03 4.464733600616455078e-02
1.713490486145019531e-02 6.473531946539878845e-03 -7.202821969985961914e-02
4.225611686706542969e-03 -7.848963141441345215e-04 -3.483271598815917969e-02
2.244377136230468750e-02 2.299375832080841064e-03 4.181420803070068359e-02
-2.189439535140991211e-02 -2.717129886150360107e-03 1.729917526245117188e-02
-7.563233375549316406e-04 -5.804589018225669861e-03 2.433842420578002930e-02
-2.176964282989501953e-02 -8.319132030010223389e-03 -4.073888063430786133e-02
-1.951456069946289062e-02 7.594458758831024170e-03 2.426707744598388672e-02
-9.033381938934326172e-03 -2.699606120586395264e-03 2.699178457260131836e-02
6.374090909957885742e-02 -1.035424321889877319e-02 -3.094446659088134766e-02
3.528535366058349609e-03 -1.047573983669281006e-03 -8.911192417144775391e-03
9.566247463226318359e-03 9.703800082206726074e-03 9.293842315673828125e-02
-3.240609169006347656e-02 4.494592547416687012e-03 1.972287893295288086e-02
3.733038902282714844e-04 -6.246149539947509766e-03 -2.290225028991699219e-02
4.426360130310058594e-03 -2.964012324810028076e-03 3.359091281890869141e-02
-2.577102184295654297e-02 -1.995950937271118164e-03 1.491612195968627930e-02
2.688407897949218750e-03 -9.058728814125061035e-03 -2.554750256240367889e-02
-3.526943922042846680e-02 8.278936147689819336e-03 1.652115397155284882e-02
7.864266633987426758e-02 -2.116309106349945068e-02 -6.796079874038696289e-02
-5.782198905944824219e-02 2.213045954704284668e-03 -1.850724406540393829e-02
7.104635238647460938e-03 2.657443284988403320e-03 2.686560153961181641e-03
2.529835700988769531e-02 8.340634405612945557e-03 -6.133019924163818359e-03
4.478985071182250977e-02 -1.099801063537597656e-02 1.417708583176136017e-02
5.906212329864501953e-02 4.590451717376708984e-04 -4.893761873245239258e-02
-6.398040056228637695e-02 9.412564337253570557e-03 3.260618448257446289e-02
1.558482646942138672e-03 -9.984470903873443604e-03 -2.206581830978393555e-02
-7.773876190185546875e-03 1.207680255174636841e-02 3.263306617736816406e-02
2.813768386840820312e-02 -1.062241941690444946e-02 -6.873488426208496094e-03
1.633679866790771484e-02 3.833383321762084961e-03 4.269599914550781250e-02
-7.900714874267578125e-03 9.123936295509338379e-03 2.103322744369506836e-02
-7.351464033126831055e-02 -7.529631257057189941e-04 3.539198637008666992e-02
-7.253921031951904297e-02 9.303703904151916504e-03 1.708090305328369141e-02
-2.438604831695556641e-03 -5.028903484344482422e-03 -2.707761526107788086e-02
1.660168170928955078e-03 -1.545779407024383545e-03 -1.374596357345581055e-02
2.095717191696166992e-02 6.221532821655273438e-04 -7.332323119044303894e-03
1.841545104980468750e-02 -3.403879702091217041e-03 1.233851723372936249e-02
-3.971666097640991211e-02 2.165317535400390625e-03 -1.522362232208251953e-03
-1.386845111846923828e-02 6.925515830516815186e-03 -3.504991531372070312e-03
-4.314899444580078125e-03 -3.209441900253295898e-03 -1.414757780730724335e-02
4.479759931564331055e-02 -3.167338669300079346e-03 1.857071928679943085e-02
4.093575477600097656e-02 -2.506144344806671143e-03 -1.866251043975353241e-02
-5.229830741882324219e-02 9.443745017051696777e-03 7.609546184539794922e-03
-3.161883354187011719e-02 1.156657934188842773e-03 4.655955359339714050e-03
-1.740550994873046875e-02 4.685856401920318604e-03 4.249393939971923828e-03
-6.706446409225463867e-02 8.481634780764579773e-03 -2.851497940719127655e-02
-3.610217571258544922e-02 3.645271062850952148e-04 3.547847270965576172e-02
-3.394937515258789062e-02 5.220692604780197144e-03 -3.606241941452026367e-02
-1.593095660209655762e-01 -1.013133674860000610e-03 1.396405696868896484e-02
-7.106894254684448242e-02 9.963102638721466064e-04 -6.268918514251708984e-03
-7.271099090576171875e-02 1.367088407278060913e-04 3.133928775787353516e-02
2.803623676300048828e-03 -3.835186362266540527e-05 -1.546102575957775116e-02
6.555360555648803711e-02 1.216646283864974976e-03 7.469890639185905457e-03
-6.456226110458374023e-02 1.777157187461853027e-03 1.668056845664978027e-02
3.827756643295288086e-02 6.706010550260543823e-03 -2.272805571556091309e-02
-9.760612249374389648e-02 6.406623870134353638e-04 3.856080770492553711e-02
3.215390443801879883e-02 -3.999985754489898682e-03 3.081724047660827637e-02
6.789702177047729492e-02 -9.911861270666122437e-03 7.521361112594604492e-03
1.925081014633178711e-02 3.439683467149734497e-03 1.770383119583129883e-02
8.433443307876586914e-02 1.652119681239128113e-03 -8.195549249649047852e-03
3.600513935089111328e-02 3.823032602667808533e-03 3.787735104560852051e-02
-6.132125854492187500e-02 -5.526866763830184937e-03 -6.159377098083496094e-02
4.022186994552612305e-02 -3.503195941448211670e-03 3.551000356674194336e-02
-6.017738580703735352e-02 -4.695653915405273438e-03 -3.971487283706665039e-02
1.090573668479919434e-01 2.810668200254440308e-03 -3.798180818557739258e-02
-1.215308904647827148e-02 6.742242723703384399e-03 8.122920989990234375e-03
-3.270870447158813477e-02 3.574106842279434204e-03 1.122617721557617188e-02
2.117527723312377930e-01 -2.221403084695339203e-02 4.450738430023193359e-03
-4.425281286239624023e-02 1.531733758747577667e-02 6.406724452972412109e-03
1.432785391807556152e-01 -1.695133745670318604e-03 3.943204879760742188e-03
3.179234266281127930e-02 2.498431131243705750e-03 -1.091587543487548828e-02
5.121827125549316406e-03 3.788381814956665039e-03 2.710258960723876953e-02
-3.403753042221069336e-02 -9.649187326431274414e-03 -9.873092174530029297e-03
5.668967962265014648e-02 1.123461872339248657e-03 -1.660662889480590820e-02
8.592605590820312500e-03 -3.301467746496200562e-03 -2.516210079193115234e-03
-6.170940399169921875e-02 2.319663763046264648e-03 3.489792346954345703e-03
-2.616554498672485352e-02 -8.408684283494949341e-03 2.634370326995849609e-02
-1.133933663368225098e-01 1.024383679032325745e-02 -7.300972938537597656e-02
1.030387878417968750e-01 3.194129094481468201e-03 3.961545228958129883e-02
6.631219387054443359e-02 6.996009498834609985e-03 6.005501747131347656e-02
-1.341664791107177734e-02 -1.765651814639568329e-02 -4.698479175567626953e-02
-3.109407424926757812e-02 4.944788292050361633e-03 -8.584499359130859375e-03
-7.344186305999755859e-03 1.775976270437240601e-04 -8.182179927825927734e-02
6.986141204833984375e-03 5.183642730116844177e-03 3.469812870025634766e-02
3.742253780364990234e-02 -6.297789514064788818e-04 -2.538961172103881836e-02
5.056142807006835938e-02 -6.383670493960380554e-03 -6.342530250549316406e-04
6.448566913604736328e-03 -9.592723101377487183e-03 -1.151168346405029297e-02
2.192926406860351562e-02 3.894291818141937256e-03 2.653670310974121094e-02
-5.005109310150146484e-02 4.309631884098052979e-03 -1.222658157348632812e-02
-1.102757453918457031e-02 -3.314167261123657227e-03 -5.052387714385986328e-03
2.498662471771240234e-02 4.959106445312500000e-05 -1.957857608795166016e-02
-2.071589231491088867e-02 -3.103442490100860596e-03 4.239898920059204102e-02
2.966636419296264648e-02 6.186947226524353027e-03 -2.882897853851318359e-03
6.965875625610351562e-03 6.281835958361625671e-03 -1.025539636611938477e-02
5.738544464111328125e-02 2.191737294197082520e-04 7.815796136856079102e-02
-8.406090736389160156e-02 -5.982605740427970886e-03 -5.463606119155883789e-02
-2.924925088882446289e-02 1.342861913144588470e-02 6.859552860260009766e-02
-5.950999259948730469e-02 -2.152237854897975922e-02 1.156431436538696289e-02
-5.186331272125244141e-02 7.713288068771362305e-04 -6.746882200241088867e-02
-1.767862439155578613e-01 2.770446240901947021e-03 -8.855813741683959961e-02
1.040134429931640625e-01 -5.983203649520874023e-03 5.433857440948486328e-02
-5.601090192794799805e-02 1.132011972367763519e-02 4.946362972259521484e-02
4.704821109771728516e-02 -7.208494469523429871e-03 -6.966590881347656250e-03
8.307158946990966797e-03 3.152877092361450195e-03 -4.982841014862060547e-02
1.177696585655212402e-01 7.356479763984680176e-04 8.278137445449829102e-02
7.169455289840698242e-02 -6.484292447566986084e-03 -1.111185550689697266e-02
-7.836103439331054688e-03 -6.741397082805633545e-04 -1.282441616058349609e-02
7.700121402740478516e-02 7.333420217037200928e-04 5.206614732742309570e-02
1.684081554412841797e-02 -3.991238772869110107e-04 -3.325557708740234375e-02
7.786870002746582031e-03 1.349013298749923706e-03 -3.442287445068359375e-03
-8.126378059387207031e-03 -8.985474705696105957e-04 -2.891880273818969727e-02
2.438020706176757812e-02 -8.133284747600555420e-03 -2.272742800414562225e-02
-5.973994731903076172e-02 -1.935444772243499756e-03 -7.823467254638671875e-03
1.444828510284423828e-02 -1.701658219099044800e-02 2.510088495910167694e-02
-4.212379455566406250e-03 2.270366996526718140e-02 2.176123857498168945e-02
-2.121371030807495117e-02 2.191900648176670074e-02 -1.967120170593261719e-02
7.012188434600830078e-03 -9.761715307831764221e-03 3.164333105087280273e-02
7.393574714660644531e-02 -1.261193305253982544e-02 3.629171848297119141e-02
-4.588729143142700195e-02 -4.939414560794830322e-03 -1.363670825958251953e-02
-3.129303455352783203e-01 1.455730199813842773e-02 -2.386736869812011719e-02
-5.402159690856933594e-02 1.952270977199077606e-02 7.242184877395629883e-02
6.235074996948242188e-02 -1.421077549457550049e-02 -2.993679046630859375e-02
7.566583156585693359e-02 -2.951709553599357605e-03 -2.346444129943847656e-02
2.118498086929321289e-02 2.342646941542625427e-03 4.936158657073974609e-03
-1.530447602272033691e-01 8.257202804088592529e-03 6.683170795440673828e-03
1.061245203018188477e-01 -4.574857652187347412e-03 -2.596437931060791016e-02
1.823197007179260254e-01 -1.364195905625820160e-02 6.409054994583129883e-02
3.989577293395996094e-02 3.089733421802520752e-03 -2.700078487396240234e-02
7.277965545654296875e-03 2.859696745872497559e-03 -7.077097892761230469e-03
2.415060997009277344e-02 3.002449870109558105e-03 -2.932840585708618164e-02
-7.183098793029785156e-02 -3.368854522705078125e-04 8.003175258636474609e-03
-4.243993759155273438e-02 1.285547949373722076e-02 3.166735172271728516e-03
-2.525979280471801758e-02 -1.050266996026039124e-02 2.472829818725585938e-02
4.897505044937133789e-02 5.932362750172615051e-03 2.499878406524658203e-03
1.137995719909667969e-02 2.392908558249473572e-03 -1.069778203964233398e-02
6.272733211517333984e-03 7.367493584752082825e-03 3.099608421325683594e-02
-1.928424835205078125e-02 -3.903793171048164368e-03 3.685683012008666992e-02
6.068670749664306641e-02 -8.659569546580314636e-03 -5.052268505096435547e-03
-1.360803842544555664e-02 -5.432032048702239990e-05 -1.647233963012695312e-02
4.330974817276000977e-02 1.348923146724700928e-02 5.801916122436523438e-03
-3.411167860031127930e-02 -8.566305041313171387e-05 2.003490924835205078e-02
6.234157085418701172e-02 -8.422799408435821533e-03 -3.620237112045288086e-02
-5.487227439880371094e-02 4.768479615449905396e-03 -6.222128868103027344e-03
9.993672370910644531e-02 -3.367267549037933350e-02 -3.231596946716308594e-02
-7.836818695068359375e-04 1.441068947315216064e-02 2.664774656295776367e-02
-1.134446859359741211e-01 9.449291974306106567e-03 6.565338373184204102e-02
-9.147208929061889648e-02 2.663718536496162415e-03 4.910010099411010742e-02
9.723639488220214844e-02 6.952639669179916382e-03 3.980416059494018555e-02
-1.398479938507080078e-01 4.156865179538726807e-03 -9.488230943679809570e-02
-7.028162479400634766e-03 -6.218194961547851562e-03 2.240449190139770508e-02
-1.743465662002563477e-02 5.450963973999023438e-03 -5.719661712646484375e-04
1.205663681030273438e-01 -1.256065443158149719e-03 3.839457035064697266e-02
-1.295979619026184082e-01 -4.260135814547538757e-03 9.871542453765869141e-03
-1.369059085845947266e-02 -6.566269323229789734e-03 2.890545129776000977e-02
8.671414852142333984e-02 2.780539914965629578e-03 3.064036369323730469e-03
2.984678745269775391e-02 4.826288670301437378e-03 -2.003073692321777344e-02
3.175854682922363281e-03 -3.138154745101928711e-03 1.113849878311157227e-02
1.040967702865600586e-01 -2.670163474977016449e-02 -1.359623670578002930e-02
-6.512463092803955078e-03 3.017380833625793457e-03 -2.890336513519287109e-02
-1.430369615554809570e-01 6.758280098438262939e-03 1.145339012145996094e-02
1.249263882637023926e-01 -1.644529402256011963e-02 -3.984129428863525391e-02
3.778910636901855469e-02 8.964933454990386963e-03 6.093305349349975586e-02
-7.213950157165527344e-03 1.543290913105010986e-03 -2.817857265472412109e-02
-1.426685452461242676e-01 -1.513385027647018433e-02 1.879525184631347656e-02
1.301650404930114746e-01 2.899953350424766541e-02 2.427160739898681641e-03
-8.863759040832519531e-02 1.495757140219211578e-02 -1.479268074035644531e-03
-7.994830608367919922e-02 -2.250365912914276123e-03 -2.951675653457641602e-02
-1.908791065216064453e-02 -8.351199328899383545e-03 2.580875158309936523e-02
-4.024142026901245117e-02 1.857146620750427246e-03 -4.164284467697143555e-02
4.671806097030639648e-02 1.566816121339797974e-03 2.574765682220458984e-02
-1.864308118820190430e-02 2.874489873647689819e-03 -3.033995628356933594e-03
1.629005074501037598e-01 -2.063969336450099945e-02 3.046840429306030273e-02
-2.954673767089843750e-02 1.697362028062343597e-02 1.776188611984252930e-02
5.832552909851074219e-03 -9.863009676337242126e-03 -2.715450525283813477e-02
6.420111656188964844e-02 3.296276554465293884e-03 -2.932667732238769531e-03
7.333421707153320312e-02 -6.046963855624198914e-03 -2.913224697113037109e-02
-4.787123203277587891e-02 -8.446425199508666992e-03 1.529961824417114258e-02
-4.670131206512451172e-02 2.307519316673278809e-04 3.534138202667236328e-02
-2.449804544448852539e-02 3.929197788238525391e-03 -1.821529865264892578e-02
4.866296052932739258e-02 -4.975572228431701660e-04 -2.890205383300781250e-02
1.211965084075927734e-01 6.115883588790893555e-04 5.923491716384887695e-02
-8.256137371063232422e-02 -3.250211477279663086e-03 -8.505523204803466797e-03
-2.197968959808349609e-02 -3.888435661792755127e-03 -1.141905784606933594e-02
-1.002430915832519531e-02 -1.316890120506286621e-03 -1.480531692504882812e-02
-5.236029624938964844e-02 -3.392577171325683594e-03 -4.496157169342041016e-02
-5.735224485397338867e-02 -2.903841435909271240e-03 2.166891098022460938e-02
-4.548972845077514648e-02 3.963053226470947266e-03 6.226122379302978516e-03
-2.631229162216186523e-02 4.988655447959899902e-03 -3.132116794586181641e-02
-9.704297780990600586e-02 2.498500049114227295e-03 4.753708839416503906e-03
-1.285905838012695312e-01 3.554701805114746094e-03 -1.602858304977416992e-02
6.559145450592041016e-02 -6.895177066326141357e-03 1.776725053787231445e-02
1.842159032821655273e-02 -2.589687705039978027e-03 2.650511264801025391e-02
7.101094722747802734e-02 8.880645036697387695e-03 -1.203429698944091797e-02
5.069088935852050781e-02 1.631986163556575775e-02 4.496270418167114258e-02
1.157475709915161133e-01 -2.089394442737102509e-02 -4.137474298477172852e-02
-3.522396087646484375e-02 6.204865872859954834e-03 -5.875408649444580078e-03
5.002576112747192383e-02 -9.262427687644958496e-03 -8.877992630004882812e-03
-4.590570926666259766e-02 1.963414251804351807e-03 -9.835958480834960938e-03
-3.743648529052734375e-02 2.554811537265777588e-03 4.576736688613891602e-02
3.037202358245849609e-02 5.262449383735656738e-03 2.327203750610351562e-03
1.320409774780273438e-02 4.437930881977081299e-03 6.936490535736083984e-03
1.590067148208618164e-02 -7.537439465522766113e-03 1.352810859680175781e-02
6.291908025741577148e-02 1.083135604858398438e-03 7.771372795104980469e-03
6.508398056030273438e-02 -1.655089110136032104e-02 -1.796615123748779297e-02
-4.402786493301391602e-02 1.093310862779617310e-02 1.814389228820800781e-02
-7.317447662353515625e-02 2.780199050903320312e-03 2.104043960571289062e-02
7.309132814407348633e-02 -3.340832889080047607e-03 -4.170840978622436523e-02
8.614146709442138672e-02 -1.854732632637023926e-03 -5.440586805343627930e-02
-1.146429181098937988e-01 -3.701351583003997803e-03 -9.525060653686523438e-03
-4.237830638885498047e-03 -6.889373064041137695e-03 -2.587604522705078125e-02
-1.460355520248413086e-02 2.169958502054214478e-02 -1.977133750915527344e-02
5.348485708236694336e-02 -7.971063256263732910e-03 -6.739795207977294922e-03
-3.261774778366088867e-02 5.391985177993774414e-03 1.565676927566528320e-02
4.049754142761230469e-02 2.588838338851928711e-03 6.778120994567871094e-03
-1.807749271392822266e-03 2.491764724254608154e-03 3.686517477035522461e-02
-3.756940364837646484e-02 3.003779798746109009e-03 1.850199699401855469e-02
2.376461029052734375e-02 7.692486047744750977e-03 -3.418612480163574219e-02
1.623034477233886719e-03 -5.155874416232109070e-03 3.157603740692138672e-02
3.851377964019775391e-02 -1.231025904417037964e-03 -1.516175270080566406e-02
-7.643175125122070312e-02 1.475129835307598114e-02 -2.004206180572509766e-03
-1.739966869354248047e-02 -2.499978989362716675e-03 3.619682788848876953e-02
-1.421093940734863281e-02 2.985276281833648682e-03 7.460057735443115234e-03
-4.360795021057128906e-03 1.167664304375648499e-03 2.871304750442504883e-02
3.914117813110351562e-02 -9.707774966955184937e-03 -7.504999637603759766e-03
-5.350470542907714844e-02 2.919506281614303589e-03 -9.043037891387939453e-03
3.869122266769409180e-02 -4.823572933673858643e-03 -5.119085311889648438e-03
-4.721373319625854492e-02 1.455079391598701477e-02 -3.319215774536132812e-02
5.680143833160400391e-03 -1.513844355940818787e-02 1.237690448760986328e-03
-2.661025524139404297e-02 -7.130777463316917419e-03 4.478079080581665039e-02
2.683991193771362305e-02 -2.479672431945800781e-03 8.542060852050781250e-03
-1.178491115570068359e-02 2.228990197181701660e-03 -2.966666221618652344e-02
-4.114842414855957031e-02 5.287008360028266907e-03 -1.273584365844726562e-02
-5.047178268432617188e-02 -1.310756243765354156e-02 -1.404941082000732422e-03
-5.793744325637817383e-02 6.639823317527770996e-03 -1.063853502273559570e-02
-1.477360725402832031e-03 5.814408883452415466e-03 -1.151770353317260742e-02
7.259428501129150391e-03 -9.554829448461532593e-04 4.067361354827880859e-03
3.439486026763916016e-02 -1.101538538932800293e-03 -1.799535751342773438e-02
-8.651018142700195312e-03 -1.425199210643768311e-03 1.350247859954833984e-02
-3.034174442291259766e-03 -4.914924502372741699e-04 4.396736621856689453e-03
-1.734673976898193359e-02 -1.786746084690093994e-03 -8.575379848480224609e-03
-3.106981515884399414e-02 4.767661914229393005e-03 6.466865539550781250e-03
5.682343244552612305e-02 -1.213995926082134247e-02 -1.515030860900878906e-03
-8.525162935256958008e-02 1.153703592717647552e-02 6.822586059570312500e-03
1.009805202484130859e-01 -1.639692112803459167e-03 -3.072243928909301758e-02
-6.998628377914428711e-02 5.234627053141593933e-03 6.166216731071472168e-02
-4.433953762054443359e-02 1.714520156383514404e-03 1.323392987251281738e-02
-3.235244750976562500e-02 1.207038760185241699e-03 5.459338426589965820e-03
-1.932853460311889648e-02 4.197441041469573975e-03 1.442447304725646973e-02
5.611234903335571289e-02 -8.819945156574249268e-03 -2.585762739181518555e-02
3.470265865325927734e-02 -9.579455479979515076e-03 2.871683239936828613e-02
-1.038246750831604004e-01 -3.538303077220916748e-03 -5.772143602371215820e-03
7.845818996429443359e-02 -3.272540867328643799e-03 -9.727299213409423828e-03
-3.460669517517089844e-02 -6.577894091606140137e-04 -4.265308380126953125e-03
7.825136184692382812e-03 -2.721905708312988281e-03 -6.553947925567626953e-03
5.374646186828613281e-02 1.597520709037780762e-02 2.508318424224853516e-02
3.063797950744628906e-02 3.287939354777336121e-03 -1.270395517349243164e-02
3.183758258819580078e-02 2.652704715728759766e-04 8.118569850921630859e-03
-1.846879720687866211e-02 7.183849811553955078e-04 -2.729111909866333008e-02
1.467150449752807617e-02 -4.774225875735282898e-03 -4.765808582305908203e-02
-2.575397491455078125e-02 5.912376567721366882e-03 8.261263370513916016e-03
-1.157283782958984375e-02 -5.445932969450950623e-03 9.410142898559570312e-03
4.243260622024536133e-02 -5.683973431587219238e-03 1.273751258850097656e-02
8.480727672576904297e-03 2.832941710948944092e-03 2.509826421737670898e-02
-1.672154664993286133e-02 -2.700686454772949219e-04 -1.188004016876220703e-02
-3.151488304138183594e-02 -1.109339296817779541e-03 1.166296005249023438e-02
1.614218950271606445e-02 7.634801790118217468e-03 -1.792061328887939453e-02
-8.339852094650268555e-02 -1.768991351127624512e-03 -6.106853485107421875e-03
4.394906759262084961e-02 -2.310236915946006775e-03 2.734339237213134766e-02
8.670032024383544922e-02 3.684764727950096130e-03 -3.016954660415649414e-02
1.240938901901245117e-02 -7.785335183143615723e-04 3.843426704406738281e-02
-4.055726528167724609e-02 6.676688790321350098e-04 8.291602134704589844e-04
-3.869861364364624023e-02 -1.373067498207092285e-04 3.145498037338256836e-02
-2.945029735565185547e-02 -6.227940320968627930e-04 -3.199076652526855469e-02
2.699136734008789062e-02 2.557165920734405518e-03 -1.358312368392944336e-02
6.685042381286621094e-02 -1.397468708455562592e-02 -1.042544841766357422e-02
5.408263206481933594e-02 -6.632246077060699463e-03 -2.708947658538818359e-02
2.535343170166015625e-03 8.612670004367828369e-03 -1.043426990509033203e-02
2.815556526184082031e-02 -4.510790109634399414e-03 5.323231220245361328e-03
-3.437012434005737305e-02 7.099665701389312744e-03 -2.216339111328125000e-03
5.963176488876342773e-02 -4.631370306015014648e-03 1.398009061813354492e-02
1.354688405990600586e-02 -1.385986804962158203e-03 -2.129137516021728516e-03
-1.135963201522827148e-02 5.008526146411895752e-03 2.950584888458251953e-02
-9.544038772583007812e-02 1.247793436050415039e-03 -2.199798822402954102e-02
-1.129323244094848633e-01 5.786195397377014160e-03 4.965007305145263672e-02
9.099221229553222656e-02 -1.425863057374954224e-02 -2.932471036911010742e-02
-5.328059196472167969e-03 -5.150586366653442383e-05 2.295595407485961914e-02
-1.176560521125793457e-01 -6.360560655593872070e-05 5.358654260635375977e-02
-6.297391653060913086e-02 -2.296380698680877686e-03 2.801549434661865234e-02
-3.435778617858886719e-02 1.336294412612915039e-02 -2.310958504676818848e-02
-9.929174184799194336e-02 1.152905635535717010e-02 4.687955975532531738e-02
-1.817554235458374023e-02 -2.175316214561462402e-03 -4.801559448242187500e-02
6.997823715209960938e-03 -1.827806234359741211e-03 5.098465085029602051e-02
4.078304767608642578e-02 -3.888532519340515137e-03 7.899624109268188477e-02
-1.270413398742675781e-03 -9.453129023313522339e-04 -7.308819890022277832e-02
3.856980800628662109e-02 7.537901401519775391e-04 -9.604960680007934570e-02
-3.858762979507446289e-02 -2.311445772647857666e-03 2.374553680419921875e-02
-2.193504571914672852e-02 8.095055818557739258e-05 9.265989065170288086e-02
-6.209284067153930664e-02 5.595324560999870300e-03 -1.329263746738433838e-01
8.473467826843261719e-02 -5.160754546523094177e-03 3.179401159286499023e-03
1.059604883193969727e-01 4.048720002174377441e-04 -6.435692310333251953e-03
-2.845108509063720703e-03 6.018815562129020691e-03 -2.969670295715332031e-02
3.149628639221191406e-03 8.311867713928222656e-05 -6.862866878509521484e-02
5.717694759368896484e-03 -1.080176793038845062e-02 -5.007302761077880859e-02
5.305570363998413086e-02 -3.645174205303192139e-03 3.074055910110473633e-02
2.007836103439331055e-02 -4.163891077041625977e-03 -1.867711544036865234e-03
-3.425413370132446289e-02 7.269307971000671387e-03 1.494050025939941406e-02
-7.524257898330688477e-02 9.897520765662193298e-03 -2.204471826553344727e-02
-3.038072586059570312e-02 -4.703139886260032654e-03 -9.483814239501953125e-03
5.232077836990356445e-02 3.978339955210685730e-03 -1.177567243576049805e-02
-2.783864736557006836e-02 -5.887834355235099792e-03 -2.308368682861328125e-03
-4.863876104354858398e-02 -2.812638878822326660e-03 1.009106636047363281e-02
-8.577686548233032227e-02 4.331573843955993652e-03 5.765378475189208984e-02
4.316782951354980469e-02 -3.780201077461242676e-04 7.158339023590087891e-03
-7.141029834747314453e-02 2.817479893565177917e-03 2.074742317199707031e-02
-4.544788599014282227e-02 9.045153856277465820e-04 5.574977397918701172e-02
-5.877077579498291016e-03 1.056298613548278809e-03 5.606204271316528320e-03
-5.972385406494140625e-04 7.266081869602203369e-03 -2.234974503517150879e-02
-2.989107370376586914e-02 3.241278231143951416e-03 2.598425745964050293e-02
-4.386872053146362305e-02 -8.654322475194931030e-03 6.724357604980468750e-03
-1.661449670791625977e-02 -1.071617007255554199e-03 -6.064116954803466797e-03
6.598889827728271484e-03 3.214111551642417908e-03 2.640718221664428711e-02
3.961008787155151367e-02 -3.134422004222869873e-04 2.676603198051452637e-02
2.938562631607055664e-02 -1.276409253478050232e-03 9.093523025512695312e-03
-4.342907667160034180e-02 2.548737451434135437e-03 -2.392038702964782715e-02
4.027169942855834961e-02 -2.716178074479103088e-03 -6.239056587219238281e-03
-4.733920097351074219e-03 3.533735871315002441e-03 2.591028809547424316e-02
1.408815383911132812e-03 3.681192174553871155e-03 2.117604017257690430e-02
1.916307210922241211e-02 1.980563625693321228e-03 5.369794368743896484e-02
-4.871523380279541016e-02 2.816803753376007080e-04 -3.536149859428405762e-02
6.774407625198364258e-02 1.476369798183441162e-04 2.298337221145629883e-02
-7.116198539733886719e-04 -9.555879980325698853e-03 8.785992860794067383e-03
-3.378850221633911133e-02 2.210885286331176758e-03 3.404411673545837402e-02
3.332340717315673828e-02 -1.684349030256271362e-03 -3.459116816520690918e-02
-3.575676679611206055e-02 2.068888396024703979e-03 -1.676326990127563477e-02
-1.346659660339355469e-02 4.118323326110839844e-03 -1.778697967529296875e-02
1.283824443817138672e-03 -5.699709057807922363e-03 -1.121455430984497070e-02
-2.626162767410278320e-02 -3.171414136886596680e-03 1.655146479606628418e-02
-1.666224002838134766e-02 -4.170127213001251221e-04 4.238754510879516602e-03
