-1.674546301364898682e-02 9.759752079844474792e-03 1.057710647583007812e+00
2.052123844623565674e-02 1.786166243255138397e-02 1.115418314933776855e+00
-4.910081624984741211e-04 5.212215706706047058e-03 1.033515214920043945e+00
-2.973733842372894287e-02 1.116777770221233368e-02 1.029264569282531738e+00
-5.665029585361480713e-02 5.736475810408592224e-03 1.022268533706665039e+00
-6.285603344440460205e-02 -1.129956729710102081e-02 1.002453446388244629e+00
-8.255396783351898193e-02 1.177192665636539459e-02 1.058414101600646973e+00
-8.062843978404998779e-02 1.534456573426723480e-02 1.140546917915344238e+00
-1.066249459981918335e-01 1.966344378888607025e-02 1.119470238685607910e+00
-9.493584930896759033e-02 1.920402236282825470e-02 1.103554487228393555e+00
-8.531217277050018311e-02 1.755403541028499603e-02 1.116638898849487305e+00
-7.694567739963531494e-02 1.724824123084545135e-02 1.049146533012390137e+00
-2.822603285312652588e-02 1.203377358615398407e-02 1.047840714454650879e+00
-2.818159759044647217e-02 2.730263397097587585e-03 1.043334722518920898e+00
-3.201489150524139404e-02 1.501804403960704803e-02 1.158254384994506836e+00
-6.105692684650421143e-02 1.513099484145641327e-02 1.205599904060363770e+00
-6.196536123752593994e-02 1.563755981624126434e-02 1.184576392173767090e+00
-7.274000346660614014e-02 1.985479705035686493e-02 1.173793792724609375e+00
-4.876534640789031982e-02 1.886432431638240814e-02 1.120152711868286133e+00
-7.721005380153656006e-02 2.860728465020656586e-02 1.189912557601928711e+00
-8.937959372997283936e-02 3.519415855407714844e-02 1.153077721595764160e+00
-5.890955030918121338e-02 3.750349581241607666e-02 1.131729364395141602e+00
1.325739920139312744e-02 2.789942733943462372e-02 1.156911849975585938e+00
-4.330687224864959717e-02 2.788725309073925018e-02 1.087519407272338867e+00
-1.163675934076309204e-01 2.621847204864025116e-02 1.074413537979125977e+00
-1.326098889112472534e-01 4.614809900522232056e-02 1.149564266204833984e+00
-8.064302802085876465e-02 4.325065016746520996e-02 1.282537579536437988e+00
2.022491395473480225e-02 8.899101987481117249e-03 1.224782109260559082e+00
-3.550612926483154297e-02 1.546554081141948700e-02 1.160369038581848145e+00
-2.222229540348052979e-02 9.141055867075920105e-03 1.109939932823181152e+00
-5.419865250587463379e-03 2.052884735167026520e-02 1.083674669265747070e+00
1.395981013774871826e-01 1.306992582976818085e-02 1.138692378997802734e+00
-4.994393885135650635e-02 2.167211286723613739e-02 1.181768655776977539e+00
-3.852201998233795166e-02 2.721532993018627167e-02 1.176672697067260742e+00
-7.655610144138336182e-02 4.713322222232818604e-02 1.170622110366821289e+00
-5.462516844272613525e-02 2.834077738225460052e-02 1.099639415740966797e+00
-1.975880563259124756e-02 2.763725630939006805e-02 1.092569708824157715e+00
-7.692705094814300537e-02 3.361763060092926025e-02 1.128924965858459473e+00
-3.211353719234466553e-02 3.085773251950740814e-02 1.070887684822082520e+00
-4.169957339763641357e-02 3.172682225704193115e-02 1.123835325241088867e+00
-8.972327411174774170e-02 4.112793505191802979e-02 1.153780817985534668e+00
-5.357347428798675537e-02 2.185757271945476532e-02 1.203385829925537109e+00
-9.576813876628875732e-02 3.115143813192844391e-02 1.214540123939514160e+00
-5.170522630214691162e-02 1.479419879615306854e-02 1.220530509948730469e+00
-1.156992763280868530e-01 2.396972291171550751e-02 1.223364710807800293e+00
-9.250809252262115479e-02 7.766067981719970703e-03 1.128707885742187500e+00
-1.005258411169052124e-01 -9.223732165992259979e-03 1.087466835975646973e+00
-3.331007063388824463e-02 -1.931603625416755676e-02 1.030059099197387695e+00
-1.360015720129013062e-01 1.769904047250747681e-04 1.090083599090576172e+00
-1.228265464305877686e-02 -1.261719316244125366e-02 1.001669287681579590e+00
-7.285188138484954834e-02 -8.920801803469657898e-03 1.015915393829345703e+00
-4.764892160892486572e-02 -1.488714851438999176e-02 1.030153870582580566e+00
-5.628944933414459229e-02 -8.839203044772148132e-03 1.050850987434387207e+00
1.708559691905975342e-02 -1.024326868355274200e-02 1.000439405441284180e+00
-4.577009379863739014e-02 -1.218833960592746735e-02 9.742172956466674805e-01
2.026070654392242432e-02 -2.317657507956027985e-02 9.275332689285278320e-01
-4.679827392101287842e-02 2.692693844437599182e-03 1.062134027481079102e+00
-5.803023278713226318e-02 -1.394513808190822601e-02 9.691337943077087402e-01
-3.248028457164764404e-02 -2.649894170463085175e-02 8.342434167861938477e-01
-9.756253659725189209e-02 -4.910525679588317871e-02 8.393945693969726562e-01
-7.721100747585296631e-02 -3.727906942367553711e-02 8.982985019683837891e-01
-3.854919970035552979e-02 -5.105179548263549805e-02 8.424007296562194824e-01
4.353378713130950928e-02 -5.577515810728073120e-02 8.047961592674255371e-01
3.495316207408905029e-02 -5.778340250253677368e-02 8.701760768890380859e-01
-2.732907235622406006e-02 -6.984622776508331299e-02 8.174503445625305176e-01
1.918922364711761475e-02 -7.008890062570571899e-02 8.454244732856750488e-01
1.606135070323944092e-02 -5.637033283710479736e-02 7.331333160400390625e-01
5.374088883399963379e-03 -4.126867279410362244e-02 7.304964661598205566e-01
-9.972646832466125488e-03 -4.429384320974349976e-02 8.598124980926513672e-01
7.202441990375518799e-02 -2.070753835141658783e-02 1.034510374069213867e+00
7.513056695461273193e-02 -1.726781763136386871e-02 1.011270403861999512e+00
6.937016546726226807e-02 -2.083044126629829407e-02 1.022036790847778320e+00
7.604749500751495361e-02 -1.742929778993129730e-02 9.677086472511291504e-01
8.888901770114898682e-02 -3.874708339571952820e-02 9.714909791946411133e-01
1.503687053918838501e-01 -2.964766882359981537e-02 8.893573284149169922e-01
1.840592175722122192e-01 -3.236345946788787842e-02 8.130419254302978516e-01
2.445291429758071899e-01 -2.594739757478237152e-02 7.935717701911926270e-01
2.035172134637832642e-01 -2.368813194334506989e-02 8.393048644065856934e-01
2.222331613302230835e-01 -2.350929379463195801e-02 8.501910567283630371e-01
2.808469533920288086e-01 -2.596982009708881378e-02 1.001374363899230957e+00
3.136728405952453613e-01 -2.418783120810985565e-02 1.084849715232849121e+00
3.952471613883972168e-01 -2.837160415947437286e-02 1.081941366195678711e+00
4.689108729362487793e-01 -3.022866137325763702e-02 1.208095431327819824e+00
5.636398196220397949e-01 -2.960846014320850372e-02 1.103743076324462891e+00
5.670717954635620117e-01 -2.063247747719287872e-02 1.132286548614501953e+00
6.092095375061035156e-01 -2.482682652771472931e-02 9.850237369537353516e-01
6.259535551071166992e-01 -2.103382535278797150e-02 8.560203313827514648e-01
6.611804962158203125e-01 -3.440582752227783203e-02 7.264735698699951172e-01
6.467623710632324219e-01 -3.620546311140060425e-02 6.846524477005004883e-01
7.675860524177551270e-01 -4.252149909734725952e-02 6.891959309577941895e-01
7.927004694938659668e-01 -4.023811966180801392e-02 5.517398715019226074e-01
8.129947185516357422e-01 -3.798950463533401489e-02 6.127427220344543457e-01
9.025297760963439941e-01 -3.761287033557891846e-02 5.517056584358215332e-01
9.011796712875366211e-01 -2.816939540207386017e-02 4.638699293136596680e-01
7.868997454643249512e-01 -3.562114387750625610e-02 3.774285912513732910e-01
7.346932291984558105e-01 -2.989220060408115387e-02 3.789362907409667969e-01
6.985580921173095703e-01 -2.288239635527133942e-02 3.458065390586853027e-01
6.161376237869262695e-01 -2.304784394800662994e-02 3.055198490619659424e-01
6.372780799865722656e-01 -3.211705386638641357e-02 2.345427274703979492e-01
6.994356513023376465e-01 -3.813435882329940796e-02 1.701307296752929688e-01
7.728534340858459473e-01 -2.100601978600025177e-02 1.272716522216796875e-01
8.084723949432373047e-01 -2.145604230463504791e-02 1.026928424835205078e-01
8.570401072502136230e-01 -2.144908346235752106e-02 8.733153343200683594e-02
9.101376533508300781e-01 -2.258296124637126923e-02 4.260706901550292969e-02
8.820047378540039062e-01 -5.191227793693542480e-02 4.474520683288574219e-02
9.277691245079040527e-01 -6.076560914516448975e-02 6.316030025482177734e-02
9.244848489761352539e-01 -5.729702860116958618e-02 4.012703895568847656e-02
9.205256700515747070e-01 -4.931797087192535400e-02 1.846051402390003204e-02
8.962484002113342285e-01 -4.855062812566757202e-02 3.770804405212402344e-02
8.369556069374084473e-01 -3.768475353717803955e-02 -1.547453925013542175e-03
8.467403054237365723e-01 -3.339251130819320679e-02 -1.412719301879405975e-02
8.613844513893127441e-01 -3.519764542579650879e-02 -9.234903380274772644e-03
9.053734540939331055e-01 -2.796843834221363068e-02 -4.424124956130981445e-02
9.118906259536743164e-01 -2.495561726391315460e-02 -8.684802055358886719e-02
9.917687177658081055e-01 -2.241489104926586151e-02 -6.681495904922485352e-02
1.041933298110961914e+00 -3.433189168572425842e-02 -9.523528814315795898e-02
1.045302391052246094e+00 -3.020391985774040222e-02 -8.679258823394775391e-02
1.027249574661254883e+00 -3.079623728990554810e-02 -1.137075424194335938e-01
1.003827333450317383e+00 -2.787388861179351807e-02 -1.300762295722961426e-01
1.025810837745666504e+00 -2.406014502048492432e-02 -9.455215930938720703e-02
1.039272189140319824e+00 -1.825848966836929321e-02 -1.232445240020751953e-01
1.105228543281555176e+00 -1.652406156063079834e-02 -1.504848599433898926e-01
1.058048725128173828e+00 -1.601122505962848663e-02 -1.170371174812316895e-01
1.021980524063110352e+00 -2.028187736868858337e-02 -1.297240853309631348e-01
1.024608850479125977e+00 -2.477227523922920227e-02 -1.330034732818603516e-01
1.008525490760803223e+00 -2.713864296674728394e-02 -1.086974143981933594e-01
9.984794855117797852e-01 -2.285142987966537476e-02 -9.462022781372070312e-02
1.038769721984863281e+00 -1.363638974726200104e-02 -1.734347939491271973e-01
9.244699478149414062e-01 -2.909028902649879456e-02 -9.868031740188598633e-02
8.856254816055297852e-01 -3.112137876451015472e-02 -7.610410451889038086e-02
8.761756420135498047e-01 -3.435639292001724243e-02 -6.923043727874755859e-02
8.733461499214172363e-01 -3.824108093976974487e-02 -4.325217008590698242e-02
8.640108108520507812e-01 -3.956541419029235840e-02 -4.643213748931884766e-02
9.039437770843505859e-01 -3.663596510887145996e-02 -3.907227516174316406e-02
9.051012992858886719e-01 -3.907571732997894287e-02 -3.813374042510986328e-02
9.006499052047729492e-01 -3.640156984329223633e-02 -2.577596716582775116e-02
8.893918395042419434e-01 -2.064434997737407684e-02 -2.763533405959606171e-02
8.328578472137451172e-01 -2.298131771385669708e-02 2.376061864197254181e-02
8.186907768249511719e-01 -2.199875935912132263e-02 1.891148276627063751e-02
8.279552459716796875e-01 -2.468424290418624878e-02 2.102703042328357697e-02
8.293722867965698242e-01 -3.042877092957496643e-02 1.491809077560901642e-02
8.535333871841430664e-01 -2.516864240169525146e-02 1.634639687836170197e-02
8.644307255744934082e-01 -3.745471686124801636e-02 2.851271815598011017e-02
7.968739867210388184e-01 -4.182921350002288818e-02 1.674431748688220978e-02
7.709930539131164551e-01 -4.207123816013336182e-02 1.788622327148914337e-02
8.333281278610229492e-01 -3.855818510055541992e-02 1.117897219955921173e-02
8.209236264228820801e-01 -3.089061565697193146e-02 2.382266707718372345e-02
7.780270576477050781e-01 -3.626985102891921997e-02 6.256908178329467773e-02
8.168683052062988281e-01 -4.045423865318298340e-02 7.346504926681518555e-02
8.036446571350097656e-01 -2.620565332472324371e-02 6.936109066009521484e-02
8.170504570007324219e-01 -3.265853226184844971e-02 3.410744667053222656e-02
8.309396505355834961e-01 -2.731273509562015533e-02 6.421267986297607422e-02
8.081765174865722656e-01 -2.843971550464630127e-02 4.630655050277709961e-02
8.270093202590942383e-01 -2.799551747739315033e-02 7.058751583099365234e-02
8.737803101539611816e-01 -4.773258417844772339e-02 4.708456993103027344e-02
8.250634670257568359e-01 -4.658082872629165649e-02 8.083343505859375000e-02
8.784578442573547363e-01 -4.018216580152511597e-02 6.514436006546020508e-02
8.479986190795898438e-01 -5.232326686382293701e-02 6.191420555114746094e-02
8.043776154518127441e-01 -5.551695823669433594e-02 4.340412095189094543e-03
7.921891808509826660e-01 -4.194820299744606018e-02 3.637017682194709778e-03
7.839223742485046387e-01 -4.113433137536048889e-02 6.794096902012825012e-03
8.815343379974365234e-01 -3.224167227745056152e-02 1.558842137455940247e-03
8.714082241058349609e-01 -3.965088725090026855e-02 4.992091655731201172e-02
9.022064208984375000e-01 -4.085934162139892578e-02 6.758159399032592773e-02
9.234504699707031250e-01 -3.857112675905227661e-02 3.132796287536621094e-02
8.991478681564331055e-01 -3.027481026947498322e-02 5.120396614074707031e-02
8.872578740119934082e-01 -3.635486960411071777e-02 6.962060928344726562e-02
9.196342229843139648e-01 -3.197869658470153809e-02 3.753477334976196289e-02
9.172340035438537598e-01 -1.484166644513607025e-02 2.170092053711414337e-02
9.570599794387817383e-01 -1.977160759270191193e-02 3.279376029968261719e-02
9.638705253601074219e-01 -2.114441059529781342e-02 5.720639228820800781e-02
9.425006508827209473e-01 -4.237720742821693420e-03 8.619880676269531250e-02
9.875474572181701660e-01 1.288594678044319153e-03 7.512831687927246094e-02
9.893138408660888672e-01 -4.298917949199676514e-03 8.768552541732788086e-02
9.903948307037353516e-01 1.289995387196540833e-03 8.540183305740356445e-02
9.475991725921630859e-01 2.538546919822692871e-03 6.856632232666015625e-02
9.301249384880065918e-01 -8.854815736413002014e-03 8.394271135330200195e-02
9.420509934425354004e-01 -2.671189047396183014e-02 7.724738121032714844e-02
8.846181631088256836e-01 -1.291012205183506012e-02 1.200942397117614746e-01
8.638150095939636230e-01 -5.442278459668159485e-03 8.317983150482177734e-02
8.066730499267578125e-01 -2.594351954758167267e-02 1.424970626831054688e-01
8.239673376083374023e-01 -2.368613518774509430e-02 9.277302026748657227e-02
8.157278895378112793e-01 -2.593771554529666901e-02 1.074424386024475098e-01
7.774332761764526367e-01 -2.185299433767795563e-02 1.692913174629211426e-01
8.114749193191528320e-01 -1.261532492935657501e-02 1.172615289688110352e-01
8.128961920738220215e-01 -1.932559348642826080e-02 8.686727285385131836e-02
8.794500827789306641e-01 -2.103511989116668701e-02 1.201314926147460938e-01
8.220194578170776367e-01 -8.355716243386268616e-03 1.711606383323669434e-01
8.078405857086181641e-01 -2.125245332717895508e-02 1.873834729194641113e-01
8.030230998992919922e-01 -2.780636586248874664e-02 1.467804908752441406e-01
7.510975599288940430e-01 -3.952164202928543091e-02 1.300762295722961426e-01
8.497078418731689453e-01 -4.298498481512069702e-02 1.429425477981567383e-01
8.873996138572692871e-01 -4.433255642652511597e-02 1.118697524070739746e-01
8.652998208999633789e-01 -4.182578995823860168e-02 1.318424344062805176e-01
8.809165358543395996e-01 -4.209333658218383789e-02 1.065918803215026855e-01
8.627650737762451172e-01 -5.157504230737686157e-02 1.339707970619201660e-01
7.037758231163024902e-01 -5.178099870681762695e-02 1.634092926979064941e-01
7.762975692749023438e-01 -4.855303466320037842e-02 9.844046831130981445e-02
6.598401069641113281e-01 -3.857032954692840576e-02 1.787949800491333008e-01
7.341459393501281738e-01 -3.636380285024642944e-02 1.573209762573242188e-01
7.507824897766113281e-01 -3.168629109859466553e-02 1.675541996955871582e-01
7.776686549186706543e-01 -2.638293989002704620e-02 1.517003476619720459e-01
8.239176869392395020e-01 -3.414673358201980591e-02 1.526505947113037109e-01
8.268595337867736816e-01 -3.525412827730178833e-02 1.287065744400024414e-01
7.673228979110717773e-01 -4.071115702390670776e-02 1.452878713607788086e-01
8.996050357818603516e-01 -5.322223901748657227e-02 1.665092706680297852e-01
8.592819571495056152e-01 -5.314307659864425659e-02 1.744369864463806152e-01
8.580092191696166992e-01 -4.551704227924346924e-02 1.907797455787658691e-01
8.608377575874328613e-01 -4.574141651391983032e-02 2.038734555244445801e-01
8.624651432037353516e-01 -4.833938181400299072e-02 2.054714560508728027e-01
8.286242485046386719e-01 -4.470207169651985168e-02 2.075253129005432129e-01
8.600208759307861328e-01 -4.232499748468399048e-02 2.146021723747253418e-01
8.512505292892456055e-01 -4.839203506708145142e-02 2.636752128601074219e-01
9.553465843200683594e-01 -4.453227669000625610e-02 2.129289507865905762e-01
9.627617597579956055e-01 -4.222872108221054077e-02 2.063034176826477051e-01
9.271823167800903320e-01 -4.158888757228851318e-02 1.938620805740356445e-01
9.065169692039489746e-01 -4.990498721599578857e-02 2.324259281158447266e-01
9.364995360374450684e-01 -4.602795839309692383e-02 2.403383255004882812e-01
9.160833358764648438e-01 -4.736064374446868896e-02 2.361048460006713867e-01
9.389787912368774414e-01 -4.422536492347717285e-02 2.431023120880126953e-01
8.816989064216613770e-01 -4.487829655408859253e-02 2.539149522781372070e-01
9.091064333915710449e-01 -4.811373353004455566e-02 2.703917622566223145e-01
9.363657236099243164e-01 -4.629057273268699646e-02 3.292564153671264648e-01
9.523975253105163574e-01 -4.444637894630432129e-02 3.549010157585144043e-01
9.235499501228332520e-01 -3.751809149980545044e-02 3.866763710975646973e-01
8.993551731109619141e-01 -4.218851774930953979e-02 3.516885042190551758e-01
8.852841854095458984e-01 -2.874692343175411224e-02 3.497722744941711426e-01
8.999572992324829102e-01 -3.488398343324661255e-02 2.878156304359436035e-01
8.900842070579528809e-01 -3.720649331808090210e-02 3.474596142768859863e-01
8.570575714111328125e-01 -3.365951031446456909e-02 3.082286119461059570e-01
8.676920533180236816e-01 -3.193727135658264160e-02 2.898625135421752930e-01
9.009788036346435547e-01 -4.825428873300552368e-02 2.563207149505615234e-01
9.078087806701660156e-01 -3.829623386263847351e-02 2.637701630592346191e-01
9.257056713104248047e-01 -3.553801774978637695e-02 1.848046183586120605e-01
8.828607797622680664e-01 -4.451776295900344849e-02 2.617237567901611328e-01
8.754700422286987305e-01 -4.009785503149032593e-02 2.898432016372680664e-01
8.776754736900329590e-01 -3.453939408063888550e-02 2.619747519493103027e-01
8.854862451553344727e-01 -4.912452399730682373e-02 2.405090332031250000e-01
8.756085634231567383e-01 -4.575785622000694275e-02 1.887802481651306152e-01
9.049791097640991211e-01 -4.644936323165893555e-02 2.324630022048950195e-01
9.124676585197448730e-01 -4.248065873980522156e-02 2.708081007003784180e-01
8.911753892898559570e-01 -3.695216029882431030e-02 2.755220532417297363e-01
8.736500740051269531e-01 -3.100436367094516754e-02 3.493629693984985352e-01
8.326665163040161133e-01 -1.762741245329380035e-02 3.940995931625366211e-01
8.829128742218017578e-01 -1.591206528246402740e-02 4.225475192070007324e-01
8.734564781188964844e-01 -1.821714453399181366e-02 3.525137305259704590e-01
9.210063219070434570e-01 -2.561510540544986725e-02 3.641178011894226074e-01
8.810844421386718750e-01 -2.268178947269916534e-02 3.895419836044311523e-01
8.917281627655029297e-01 -2.490557171404361725e-02 3.731932640075683594e-01
8.536323904991149902e-01 -2.517797984182834625e-02 3.839685916900634766e-01
8.589991331100463867e-01 -2.525381557643413544e-02 3.627820014953613281e-01
8.248918056488037109e-01 -3.026446886360645294e-02 2.998188138008117676e-01
8.142342567443847656e-01 -2.117335982620716095e-02 3.070127367973327637e-01
8.131657242774963379e-01 -2.020066045224666595e-02 3.025199770927429199e-01
6.879670023918151855e-01 -2.542774192988872528e-02 3.040528297424316406e-01
6.556454896926879883e-01 -3.181760758161544800e-02 3.179646730422973633e-01
5.929634571075439453e-01 -2.580090612173080444e-02 3.553777933120727539e-01
5.469620227813720703e-01 -3.215779364109039307e-02 3.860454261302947998e-01
5.591362714767456055e-01 -3.116657584905624390e-02 4.483266770839691162e-01
6.083551049232482910e-01 -4.038128256797790527e-02 4.972048401832580566e-01
5.878024697303771973e-01 -2.970769442617893219e-02 5.076798796653747559e-01
6.329684853553771973e-01 -2.452223189175128937e-02 6.393979787826538086e-01
6.249485611915588379e-01 -4.025410115718841553e-02 7.447980046272277832e-01
5.657455921173095703e-01 -4.011417925357818604e-02 7.156016230583190918e-01
6.231454014778137207e-01 -4.010281711816787720e-02 6.946058273315429688e-01
5.696484446525573730e-01 -4.480067640542984009e-02 6.409534215927124023e-01
5.730648040771484375e-01 -3.637022525072097778e-02 6.457067728042602539e-01
6.103061437606811523e-01 -3.782228380441665649e-02 6.611117124557495117e-01
6.339119672775268555e-01 -3.719263523817062378e-02 6.725095510482788086e-01
5.997325181961059570e-01 -4.044391959905624390e-02 7.167301774024963379e-01
5.465725660324096680e-01 -3.630051016807556152e-02 6.784904003143310547e-01
5.409950017929077148e-01 -3.469868749380111694e-02 6.882266402244567871e-01
5.196738839149475098e-01 -3.893871605396270752e-02 6.989800930023193359e-01
5.474108457565307617e-01 -3.645495325326919556e-02 7.325713634490966797e-01
6.173371672630310059e-01 -3.551299870014190674e-02 7.962551116943359375e-01
6.133643388748168945e-01 -3.952962160110473633e-02 7.751832008361816406e-01
6.122909188270568848e-01 -3.541511297225952148e-02 7.694271802902221680e-01
5.703163743019104004e-01 -3.045118041336536407e-02 6.925488710403442383e-01
6.573663353919982910e-01 -2.718657441437244415e-02 7.456896305084228516e-01
6.282822489738464355e-01 -2.952838130295276642e-02 7.672033905982971191e-01
6.538500785827636719e-01 -6.922902539372444153e-03 8.233659863471984863e-01
7.145140767097473145e-01 -9.399706497788429260e-03 8.618827462196350098e-01
7.115942239761352539e-01 -1.232561655342578888e-02 8.944212794303894043e-01
6.672983169555664062e-01 -1.247423328459262848e-02 8.907029628753662109e-01
6.407202482223510742e-01 -1.792818494141101837e-02 8.357731103897094727e-01
6.333330273628234863e-01 -2.418369986116886139e-02 8.664842247962951660e-01
5.337404608726501465e-01 -3.212483227252960205e-02 8.402370214462280273e-01
5.677618384361267090e-01 -2.939592488110065460e-02 8.557177782058715820e-01
5.984957814216613770e-01 -2.957104332745075226e-02 8.936723470687866211e-01
6.087346673011779785e-01 -1.889739371836185455e-02 7.926075458526611328e-01
6.555343866348266602e-01 -2.528067864477634430e-02 8.079147338867187500e-01
6.858107447624206543e-01 -1.944558508694171906e-02 8.331792950630187988e-01
6.382926106452941895e-01 -1.528063602745532990e-02 7.229814529418945312e-01
6.239933371543884277e-01 -1.248604990541934967e-02 7.036002278327941895e-01
6.670991182327270508e-01 -1.500926353037357330e-02 7.963614463806152344e-01
5.635766386985778809e-01 -5.173632875084877014e-03 7.196850180625915527e-01
5.736703872680664062e-01 1.538170501589775085e-03 7.155397534370422363e-01
5.285794734954833984e-01 -3.673167899250984192e-03 6.389205455780029297e-01
5.473525524139404297e-01 -1.192315854132175446e-02 7.000877857208251953e-01
6.152776479721069336e-01 -1.636089570820331573e-02 7.325183153152465820e-01
5.576183199882507324e-01 -1.120431907474994659e-02 7.677187919616699219e-01
5.650258064270019531e-01 -1.096987910568714142e-02 8.145339488983154297e-01
6.286894679069519043e-01 -9.271744638681411743e-04 8.219284415245056152e-01
6.194449663162231445e-01 -8.522400632500648499e-03 7.046945095062255859e-01
5.874032974243164062e-01 -2.927573397755622864e-03 7.107996940612792969e-01
6.041285991668701172e-01 -1.003416255116462708e-03 6.706779003143310547e-01
6.245126724243164062e-01 -5.034284666180610657e-03 7.071751356124877930e-01
6.570202112197875977e-01 -6.171042099595069885e-03 7.505507469177246094e-01
6.678989529609680176e-01 -1.064738258719444275e-02 6.808086633682250977e-01
6.373590826988220215e-01 -5.342440679669380188e-03 6.549934744834899902e-01
5.914449691772460938e-01 -4.821607843041419983e-03 6.798586845397949219e-01
6.130501627922058105e-01 -4.101948812603950500e-03 6.798363924026489258e-01
6.349150538444519043e-01 -3.940382972359657288e-03 6.833560466766357422e-01
6.287038922309875488e-01 -3.677951171994209290e-03 6.791983842849731445e-01
5.663356781005859375e-01 -1.294614560902118683e-02 7.318328022956848145e-01
5.511833429336547852e-01 -9.911188855767250061e-03 5.813054442405700684e-01
5.935694575309753418e-01 -5.742998793721199036e-03 5.698727369308471680e-01
6.565667390823364258e-01 -1.834178157150745392e-02 6.943922042846679688e-01
6.508384346961975098e-01 -1.178432442247867584e-02 5.834009051322937012e-01
6.367512345314025879e-01 -1.311208494007587433e-02 6.547192335128784180e-01
6.502509117126464844e-01 -1.183250732719898224e-02 5.812811851501464844e-01
6.791183948516845703e-01 -3.960104659199714661e-03 5.791532993316650391e-01
6.112687587738037109e-01 2.998171374201774597e-03 4.485016763210296631e-01
6.588193774223327637e-01 8.783208206295967102e-03 5.202325582504272461e-01
6.733576059341430664e-01 -9.124914184212684631e-03 4.952839016914367676e-01
6.269443035125732422e-01 -1.038132794201374054e-02 5.965034961700439453e-01
6.773142218589782715e-01 -1.058224588632583618e-04 5.778380632400512695e-01
6.041716933250427246e-01 -4.293264821171760559e-03 5.122578144073486328e-01
6.026670336723327637e-01 -8.335584774613380432e-03 5.115944147109985352e-01
5.772764086723327637e-01 -5.560027435421943665e-03 5.758701562881469727e-01
6.273783445358276367e-01 -1.303274370729923248e-02 5.698137283325195312e-01
6.151787042617797852e-01 -1.435013301670551300e-02 5.481663942337036133e-01
5.901134610176086426e-01 6.880145519971847534e-04 4.046761393547058105e-01
5.773060321807861328e-01 -4.879163578152656555e-03 4.051054418087005615e-01
6.289693117141723633e-01 -2.414600923657417297e-03 4.057874679565429688e-01
6.388406753540039062e-01 -6.862748414278030396e-04 4.226533770561218262e-01
6.752223968505859375e-01 7.033890113234519958e-03 4.463989138603210449e-01
6.163437366485595703e-01 -1.321286149322986603e-02 4.329974055290222168e-01
6.973328590393066406e-01 -1.122347451746463776e-02 3.706650733947753906e-01
7.131035923957824707e-01 4.275625571608543396e-03 5.075742602348327637e-01
7.325074076652526855e-01 -1.287592388689517975e-02 5.470960736274719238e-01
6.653162240982055664e-01 -8.266964927315711975e-03 5.545153021812438965e-01
7.669098377227783203e-01 -3.570379689335823059e-03 5.691204071044921875e-01
8.214734196662902832e-01 1.160269044339656830e-02 5.922469496726989746e-01
7.741027474403381348e-01 7.376430556178092957e-03 5.952676534652709961e-01
7.884047031402587891e-01 5.153996869921684265e-03 5.909711122512817383e-01
8.182330131530761719e-01 1.208500377833843231e-02 5.599296689033508301e-01
8.088230490684509277e-01 1.053194142878055573e-02 4.926028847694396973e-01
7.705646753311157227e-01 4.377713426947593689e-03 4.026919603347778320e-01
8.264440894126892090e-01 1.089590787887573242e-02 3.038079142570495605e-01
7.780374288558959961e-01 8.808067068457603455e-03 3.301720023155212402e-01
7.748292684555053711e-01 6.214464083313941956e-03 3.100143074989318848e-01
8.363517522811889648e-01 -1.312829740345478058e-02 4.608483910560607910e-01
8.441361784934997559e-01 -8.068064227700233459e-03 4.744088947772979736e-01
8.468279838562011719e-01 -1.392094977200031281e-02 5.351690053939819336e-01
8.188567161560058594e-01 -1.632105000317096710e-02 4.136745333671569824e-01
7.928486466407775879e-01 1.210427097976207733e-02 2.758379578590393066e-01
8.158695101737976074e-01 5.979878827929496765e-03 3.424631357192993164e-01
8.886828422546386719e-01 6.916766986250877380e-03 4.445236921310424805e-01
7.819876670837402344e-01 1.601961068809032440e-02 3.735833168029785156e-01
7.596240043640136719e-01 9.027404710650444031e-03 4.167423844337463379e-01
6.967616081237792969e-01 -8.736567571759223938e-03 5.037931799888610840e-01
7.479572892189025879e-01 -9.058000519871711731e-03 5.112616419792175293e-01
6.563413143157958984e-01 -7.438147440552711487e-03 4.519725739955902100e-01
6.032533049583435059e-01 -1.089813187718391418e-03 4.107116758823394775e-01
6.160762310028076172e-01 -1.102351583540439606e-02 3.530803918838500977e-01
5.565484166145324707e-01 -9.939709678292274475e-03 3.233013451099395752e-01
5.270059108734130859e-01 -1.445466466248035431e-02 3.062437474727630615e-01
5.566154122352600098e-01 -2.074022032320499420e-02 3.746019899845123291e-01
5.612847208976745605e-01 -4.408583790063858032e-02 4.490640163421630859e-01
5.289121866226196289e-01 -3.452493250370025635e-02 4.927319884300231934e-01
5.752030014991760254e-01 -3.144364431500434875e-02 4.582100212574005127e-01
4.795783758163452148e-01 -2.880963124334812164e-02 4.706027805805206299e-01
5.276577472686767578e-01 -3.305132687091827393e-02 4.532186985015869141e-01
5.470960140228271484e-01 -2.362049557268619537e-02 3.948697447776794434e-01
5.973789691925048828e-01 -2.436806820333003998e-02 4.262427091598510742e-01
5.700037479400634766e-01 -2.414922602474689484e-02 3.794027864933013916e-01
5.329111814498901367e-01 -1.777392812073230743e-02 3.412377238273620605e-01
5.793796777725219727e-01 -2.143002301454544067e-02 3.909161686897277832e-01
6.794068813323974609e-01 -2.596277929842472076e-02 4.453328847885131836e-01
6.938499808311462402e-01 -2.238899655640125275e-02 4.085608422756195068e-01
7.407807707786560059e-01 -3.348554670810699463e-02 3.854324519634246826e-01
6.916154623031616211e-01 -2.869465202093124390e-02 3.887035846710205078e-01
7.228936553001403809e-01 -3.512662649154663086e-02 3.919170200824737549e-01
7.661375403404235840e-01 -1.615242473781108856e-02 4.839990437030792236e-01
8.135213851928710938e-01 -1.828834973275661469e-02 3.895555138587951660e-01
8.287042975425720215e-01 -2.245522849261760712e-02 3.412882089614868164e-01
8.789718747138977051e-01 -2.876768447458744049e-02 3.801653981208801270e-01
8.557788133621215820e-01 -3.119658119976520538e-02 2.929367423057556152e-01
8.403584361076354980e-01 -2.651362679898738861e-02 2.763092517852783203e-01
8.368107676506042480e-01 -2.691732533276081085e-02 2.680323719978332520e-01
8.572527170181274414e-01 -2.159945853054523468e-02 2.898905873298645020e-01
8.042209148406982422e-01 -1.637189649045467377e-02 2.562833428382873535e-01
8.522299528121948242e-01 -1.375836692750453949e-02 2.814274430274963379e-01
9.149396419525146484e-01 -1.818936318159103394e-02 2.867829799652099609e-01
9.683845639228820801e-01 -3.076605498790740967e-02 2.847533226013183594e-01
9.242045283317565918e-01 -2.477969042956829071e-02 2.381152510643005371e-01
9.281101226806640625e-01 -2.296879887580871582e-02 2.302196621894836426e-01
9.283015727996826172e-01 -1.864151284098625183e-02 2.353348731994628906e-01
9.431539773941040039e-01 -2.220300771296024323e-02 2.731534242630004883e-01
9.316647648811340332e-01 -2.036215923726558685e-02 2.127317190170288086e-01
9.641819000244140625e-01 -3.237453103065490723e-02 2.154508233070373535e-01
9.581384658813476562e-01 -2.136859856545925140e-02 1.910359263420104980e-01
9.533159136772155762e-01 -1.992282085120677948e-02 2.187007665634155273e-01
9.557733535766601562e-01 -1.678792946040630341e-02 2.100521922111511230e-01
9.336553812026977539e-01 -1.568718813359737396e-02 2.201271057128906250e-01
9.345270395278930664e-01 -2.295013703405857086e-02 1.752870082855224609e-01
8.821817636489868164e-01 -1.126973144710063934e-02 1.584265232086181641e-01
8.848295211791992188e-01 -2.622658945620059967e-02 1.355450153350830078e-01
8.610081672668457031e-01 -2.724396437406539917e-02 1.360527873039245605e-01
7.695127725601196289e-01 -2.869983948767185211e-02 1.602902412414550781e-01
8.058785200119018555e-01 -3.240203112363815308e-02 2.006813287734985352e-01
7.809174656867980957e-01 -3.061472252011299133e-02 1.977010369300842285e-01
7.575242519378662109e-01 -2.495598793029785156e-02 2.120045423507690430e-01
7.639057636260986328e-01 -2.852246537804603577e-02 2.209122180938720703e-01
8.210988640785217285e-01 -2.961551025509834290e-02 1.671354770660400391e-01
8.370247483253479004e-01 -2.482354827225208282e-02 1.460449695587158203e-01
8.389143347740173340e-01 -2.056036703288555145e-02 1.415549516677856445e-01
8.328225612640380859e-01 -1.657812483608722687e-02 1.361317634582519531e-01
8.093962669372558594e-01 -1.427329517900943756e-02 1.584676504135131836e-01
8.188990950584411621e-01 -1.191789843142032623e-02 1.501213908195495605e-01
8.518440127372741699e-01 -1.271065883338451385e-02 1.790428757667541504e-01
7.714061737060546875e-01 -9.583825245499610901e-03 1.662406325340270996e-01
8.088536858558654785e-01 -1.206534169614315033e-02 1.608729362487792969e-01
8.360722064971923828e-01 -2.352583035826683044e-02 1.527150869369506836e-01
8.249472379684448242e-01 -2.198845334351062775e-02 2.077985405921936035e-01
8.738157153129577637e-01 -2.193532325327396393e-02 1.825424432754516602e-01
8.311768770217895508e-01 -2.675569243729114532e-02 1.964275240898132324e-01
8.910610675811767578e-01 -3.372704982757568359e-02 1.712065935134887695e-01
8.911426067352294922e-01 -2.611749060451984406e-02 1.234284043312072754e-01
8.705021142959594727e-01 -2.548945136368274689e-02 1.090803146362304688e-01
8.657197952270507812e-01 -2.830925770103931427e-02 1.435541510581970215e-01
8.675463199615478516e-01 -2.441964484751224518e-02 1.236112713813781738e-01
9.340412020683288574e-01 -2.180146612226963043e-02 1.236633658409118652e-01
9.851462841033935547e-01 -1.978556998074054718e-02 7.369667291641235352e-02
9.948986768722534180e-01 -2.699085511267185211e-02 7.438594102859497070e-02
9.957409501075744629e-01 -3.917261213064193726e-02 3.098088689148426056e-02
9.303475618362426758e-01 -4.276455938816070557e-02 2.897256799042224884e-02
9.327563643455505371e-01 -3.992095589637756348e-02 7.434737682342529297e-02
8.865609765052795410e-01 -3.540538996458053589e-02 5.544543266296386719e-02
8.494245409965515137e-01 -2.743585780262947083e-02 6.916475296020507812e-02
9.027013778686523438e-01 -3.960511088371276855e-02 3.306531906127929688e-02
9.328645467758178711e-01 -3.695046901702880859e-02 2.902955003082752228e-02
9.912356138229370117e-01 -3.864751011133193970e-02 7.713156938552856445e-02
1.067431330680847168e+00 -6.657031923532485962e-02 2.657282538712024689e-02
1.009551644325256348e+00 -3.369763493537902832e-02 5.850499868392944336e-02
1.010361194610595703e+00 -2.961211465299129486e-02 -1.620012335479259491e-02
1.003051877021789551e+00 -1.624196209013462067e-02 1.453429646790027618e-02
1.059802055358886719e+00 -1.612971909344196320e-02 9.583236649632453918e-03
9.901162385940551758e-01 -2.710196562111377716e-02 3.357416391372680664e-02
1.035374999046325684e+00 -2.980122901499271393e-02 6.806852295994758606e-03
9.441894888877868652e-01 -8.700916543602943420e-03 5.899729207158088684e-03
8.454773426055908203e-01 -1.410824246704578400e-02 1.518489792943000793e-03
8.428949713706970215e-01 -2.147095091640949249e-02 4.198700189590454102e-02
8.415969610214233398e-01 -2.600234933197498322e-02 3.338021039962768555e-02
8.187584280967712402e-01 -2.312669344246387482e-02 -4.872379824519157410e-03
9.764986038208007812e-01 -3.150251507759094238e-02 1.986825652420520782e-02
9.861330986022949219e-01 -1.722862757742404938e-02 -9.360907599329948425e-03
9.650322198867797852e-01 -3.665628284215927124e-02 -5.426776409149169922e-02
9.954093694686889648e-01 -3.508348762989044189e-02 -5.690306425094604492e-02
9.211969375610351562e-01 -3.078922815620899200e-02 -1.117358207702636719e-01
9.499410986900329590e-01 -3.800783306360244751e-02 -6.982785463333129883e-02
9.756705164909362793e-01 -3.536872565746307373e-02 -7.478028535842895508e-02
9.388153553009033203e-01 -3.223474323749542236e-02 -3.013294748961925507e-02
9.559502601623535156e-01 -2.576121129095554352e-02 -1.021611690521240234e-01
9.601758718490600586e-01 -2.654610760509967804e-02 -1.369938850402832031e-01
9.826196432113647461e-01 -2.424673177301883698e-02 -9.517967700958251953e-02
9.607252478599548340e-01 -2.696386165916919708e-02 -7.788050174713134766e-02
9.599689245223999023e-01 -3.276845067739486694e-02 -5.354207754135131836e-02
9.381992816925048828e-01 -4.108758270740509033e-02 -9.428095817565917969e-02
9.186847209930419922e-01 -3.349312394857406616e-02 -7.001388072967529297e-02
9.096513390541076660e-01 -3.619273006916046143e-02 -4.302209615707397461e-02
9.733922481536865234e-01 -4.654697328805923462e-02 -7.396656274795532227e-02
9.769207835197448730e-01 -4.759454727172851562e-02 -8.287775516510009766e-02
9.864870309829711914e-01 -3.789074718952178955e-02 1.006066985428333282e-02
9.540809392929077148e-01 -3.339615464210510254e-02 2.978354878723621368e-02
9.544542431831359863e-01 -3.964230418205261230e-02 6.881298497319221497e-03
9.588806033134460449e-01 -4.260631650686264038e-02 4.047220945358276367e-02
9.331095814704895020e-01 -4.460226744413375854e-02 5.538833141326904297e-02
9.357979893684387207e-01 -5.366099625825881958e-02 2.984082885086536407e-02
9.005285501480102539e-01 -4.538206011056900024e-02 4.636198282241821289e-02
9.791712164878845215e-01 -6.654515117406845093e-02 -2.159881405532360077e-02
9.213492274284362793e-01 -6.433210521936416626e-02 -4.010605812072753906e-02
9.284538626670837402e-01 -6.167466193437576294e-02 -3.741949796676635742e-02
9.537522196769714355e-01 -5.333402752876281738e-02 -4.355251789093017578e-02
9.985420703887939453e-01 -6.433203816413879395e-02 -2.937543205916881561e-02
1.057604193687438965e+00 -6.387299299240112305e-02 -7.831305265426635742e-02
9.936237931251525879e-01 -5.446042865514755249e-02 -4.570686817169189453e-02
9.951822757720947266e-01 -6.444489955902099609e-02 -6.777268648147583008e-02
9.874083995819091797e-01 -5.236809700727462769e-02 -3.513962030410766602e-02
1.015546083450317383e+00 -6.299051642417907715e-02 -4.201310873031616211e-02
1.031882882118225098e+00 -5.915713310241699219e-02 6.828922778367996216e-04
1.023982167243957520e+00 -5.003319680690765381e-02 2.171611972153186798e-02
9.504675269126892090e-01 -5.078615993261337280e-02 5.710810422897338867e-02
8.779283165931701660e-01 -4.148245602846145630e-02 7.418900728225708008e-02
8.754897117614746094e-01 -4.651135951280593872e-02 4.711139202117919922e-02
8.771498799324035645e-01 -4.805713891983032227e-02 3.336542844772338867e-02
8.981070518493652344e-01 -4.743498563766479492e-02 2.603310532867908478e-02
9.165225028991699219e-01 -5.083886533975601196e-02 3.837162256240844727e-02
8.768058419227600098e-01 -4.867354780435562134e-02 3.684926033020019531e-02
8.629373908042907715e-01 -4.174803197383880615e-02 3.334426879882812500e-02
8.586224913597106934e-01 -4.495747387409210205e-02 1.919669099152088165e-02
9.034200906753540039e-01 -4.812481254339218140e-02 3.776741027832031250e-02
9.443558454513549805e-01 -5.063095688819885254e-02 1.910489983856678009e-02
8.920575380325317383e-01 -4.118721187114715576e-02 2.671444602310657501e-02
8.604387044906616211e-01 -4.003055393695831299e-02 3.137040138244628906e-02
8.430331945419311523e-01 -3.534469753503799438e-02 3.561979532241821289e-02
7.759687304496765137e-01 -2.686306275427341461e-02 7.104815915226936340e-03
7.398665547370910645e-01 -2.649853564798831940e-02 4.258328676223754883e-02
7.059171795845031738e-01 -2.127784304320812225e-02 6.520869210362434387e-03
5.466076135635375977e-01 -2.229097671806812286e-02 2.048492617905139923e-02
4.755386710166931152e-01 -2.129466645419597626e-02 1.421600766479969025e-02
4.028276801109313965e-01 -2.115795761346817017e-02 4.555529356002807617e-02
4.056313037872314453e-01 -2.119630947709083557e-02 3.009426780045032501e-02
4.711849093437194824e-01 -1.997966319322586060e-02 3.756415843963623047e-02
4.066226482391357422e-01 -1.820250600576400757e-02 5.424472689628601074e-02
4.449002146720886230e-01 -1.149649545550346375e-02 3.151667118072509766e-02
3.472940921783447266e-01 -1.085583306849002838e-02 7.007747888565063477e-02
3.794479966163635254e-01 -1.485581882297992706e-02 1.008947193622589111e-01
4.473450183868408203e-01 -2.476768009364604950e-02 1.084160804748535156e-01
4.665958285331726074e-01 -2.132799662649631500e-02 1.261199116706848145e-01
5.509302616119384766e-01 -1.967587694525718689e-02 1.179243624210357666e-01
5.869354009628295898e-01 -1.585284434258937836e-02 1.558017134666442871e-01
5.256141424179077148e-01 -2.137971110641956329e-02 9.420794248580932617e-02
5.658360123634338379e-01 -2.488290704786777496e-02 1.297179460525512695e-01
5.056586265563964844e-01 -2.957856096327304840e-02 9.000307321548461914e-02
6.147159934043884277e-01 -2.676789276301860809e-02 5.202126502990722656e-02
6.025629043579101562e-01 -2.002565003931522369e-02 6.014418601989746094e-02
5.698541998863220215e-01 -1.645154319703578949e-02 7.137036323547363281e-02
7.816069722175598145e-01 -3.866557404398918152e-02 7.582110166549682617e-02
7.373541593551635742e-01 -2.334823645651340485e-02 8.222782611846923828e-02
8.806326985359191895e-01 -2.504337020218372345e-02 8.617103099822998047e-02
9.124250411987304688e-01 -2.254493907094001770e-02 7.525515556335449219e-02
9.175468683242797852e-01 -1.875655725598335266e-02 1.023577451705932617e-01
8.835093379020690918e-01 -2.840574458241462708e-02 9.248465299606323242e-02
9.401990175247192383e-01 -2.728228271007537842e-02 7.587802410125732422e-02
9.487916231155395508e-01 -3.058375045657157898e-02 7.336181402206420898e-02
8.870822191238403320e-01 -2.826408669352531433e-02 7.685160636901855469e-02
8.609166741371154785e-01 -3.667277097702026367e-02 1.031953096389770508e-01
7.475233078002929688e-01 -2.642893418669700623e-02 3.018558211624622345e-02
8.505620956420898438e-01 -2.323480509221553802e-02 6.980103254318237305e-02
9.168742895126342773e-01 -1.623879559338092804e-02 1.298560500144958496e-01
9.034576416015625000e-01 -3.389531373977661133e-02 8.287125825881958008e-02
8.723635673522949219e-01 -2.895052544772624969e-02 7.428675889968872070e-02
8.650193810462951660e-01 -2.877292782068252563e-02 -7.535038515925407410e-03
8.720055222511291504e-01 -2.358928509056568146e-02 2.716309018433094025e-02
9.094280600547790527e-01 -2.421906404197216034e-02 1.773478463292121887e-03
9.599894881248474121e-01 -3.060273453593254089e-02 1.139225438237190247e-03
9.664380550384521484e-01 -4.019545763731002808e-02 -1.037245802581310272e-02
9.883673191070556641e-01 -3.630116581916809082e-02 1.616424508392810822e-02
9.383162260055541992e-01 -3.199153393507003784e-02 3.937663510441780090e-03
9.272886514663696289e-01 -3.530570119619369507e-02 -1.114724203944206238e-03
9.522752761840820312e-01 -3.525611013174057007e-02 -2.069330029189586639e-02
9.315593838691711426e-01 -3.835955262184143066e-02 2.170568890869617462e-02
9.612257480621337891e-01 -3.217260539531707764e-02 1.882279105484485626e-02
9.681916236877441406e-01 -2.589076943695545197e-02 8.567394688725471497e-03
1.025577068328857422e+00 -2.567159570753574371e-02 8.672535419464111328e-02
9.415161609649658203e-01 -3.165420144796371460e-02 3.208929300308227539e-02
9.122669100761413574e-01 -1.822558231651782990e-02 1.006848216056823730e-01
8.527569174766540527e-01 -3.974796086549758911e-02 1.122491359710693359e-01
8.008936047554016113e-01 -3.897663205862045288e-02 4.478031396865844727e-02
6.241073608398437500e-01 -3.620618581771850586e-02 -4.377782344818115234e-02
7.281208038330078125e-01 -4.218938946723937988e-02 1.056075282394886017e-02
6.721099019050598145e-01 -3.086926974356174469e-02 6.002438068389892578e-02
7.191581130027770996e-01 -3.807776421308517456e-02 5.305778980255126953e-02
7.274652719497680664e-01 -3.492488712072372437e-02 3.229381516575813293e-03
8.452349305152893066e-01 -3.418923914432525635e-02 8.601075410842895508e-02
9.169294834136962891e-01 -4.067353159189224243e-02 7.489889860153198242e-02
9.090933799743652344e-01 -4.134767130017280579e-02 6.207448244094848633e-02
9.860945940017700195e-01 -4.061432927846908569e-02 1.141406297683715820e-01
1.002935409545898438e+00 -4.101345315575599670e-02 8.088505268096923828e-02
1.010722279548645020e+00 -3.966443985700607300e-02 7.744276523590087891e-02
1.002595901489257812e+00 -4.056298732757568359e-02 4.852396249771118164e-02
1.026976108551025391e+00 -4.869627207517623901e-02 2.579653449356555939e-02
9.672361612319946289e-01 -5.063171684741973877e-02 1.797306723892688751e-02
9.816844463348388672e-01 -6.764829903841018677e-02 4.307395219802856445e-02
9.774720668792724609e-01 -4.494462907314300537e-02 6.483519077301025391e-02
9.562583565711975098e-01 -2.302562259137630463e-02 4.516398906707763672e-02
9.632705450057983398e-01 -3.278733789920806885e-02 7.680732011795043945e-02
1.037206292152404785e+00 -4.539927095174789429e-02 1.130990386009216309e-01
9.913190007209777832e-01 -5.033868551254272461e-02 9.946233034133911133e-02
6.783886551856994629e-01 -3.578138351440429688e-02 7.559496164321899414e-02
6.243670582771301270e-01 -1.625867374241352081e-02 1.480168104171752930e-01
6.867178082466125488e-01 -3.046944923698902130e-02 1.180800199508666992e-01
7.623836398124694824e-01 -3.342115879058837891e-02 9.461557865142822266e-02
7.835686206817626953e-01 -3.107851184904575348e-02 9.955173730850219727e-02
6.305238604545593262e-01 -2.282130904495716095e-02 1.062349081039428711e-01
7.366483807563781738e-01 -2.739616669714450836e-02 8.027052879333496094e-02
9.189680814743041992e-01 -4.103812575340270996e-02 1.443610787391662598e-01
9.588638544082641602e-01 -3.794839233160018921e-02 1.173602938652038574e-01
9.661418199539184570e-01 -3.508869558572769165e-02 1.102831959724426270e-01
9.902924299240112305e-01 -3.208624571561813354e-02 8.095479011535644531e-02
9.184614419937133789e-01 -3.242313116788864136e-02 8.895796537399291992e-02
8.760215044021606445e-01 -1.956765167415142059e-02 9.212470054626464844e-02
8.507617115974426270e-01 -3.007032163441181183e-02 1.168529987335205078e-01
8.997367620468139648e-01 -2.413795888423919678e-02 1.193528771400451660e-01
9.111167192459106445e-01 -2.174505032598972321e-02 1.086550951004028320e-01
9.173894524574279785e-01 -1.437755674123764038e-02 1.396511793136596680e-01
8.981052041053771973e-01 -1.828134991228580475e-02 1.765080094337463379e-01
9.587919116020202637e-01 -2.694091945886611938e-02 1.714557409286499023e-01
9.451838731765747070e-01 -2.699523977935314178e-02 1.549834012985229492e-01
9.884936213493347168e-01 -1.350600831210613251e-02 1.607853174209594727e-01
9.543819427490234375e-01 -1.359167136251926422e-02 1.808202266693115234e-01
1.016723513603210449e+00 -2.201447077095508575e-02 1.446178555488586426e-01
9.618512392044067383e-01 -1.724599115550518036e-02 1.383957266807556152e-01
1.061787962913513184e+00 -5.091866850852966309e-02 1.060797572135925293e-01
1.061004281044006348e+00 -3.650797903537750244e-02 1.327275037765502930e-01
9.475595951080322266e-01 -2.705868706107139587e-02 1.983808875083923340e-01
8.560875058174133301e-01 -2.439496852457523346e-02 2.474809885025024414e-01
9.533239006996154785e-01 -1.744232885539531708e-02 2.872851490974426270e-01
8.134759068489074707e-01 -1.328546367585659027e-02 1.924028396606445312e-01
8.064477443695068359e-01 -1.950365863740444183e-02 2.148073315620422363e-01
7.890130877494812012e-01 -1.405269466340541840e-02 2.142353653907775879e-01
9.095794558525085449e-01 -1.530876010656356812e-02 2.526299357414245605e-01
7.799814939498901367e-01 -1.956889592111110687e-02 2.625014781951904297e-01
7.662909030914306641e-01 -2.613516524434089661e-02 2.914069294929504395e-01
8.530050516128540039e-01 -2.335462532937526703e-02 2.944709658622741699e-01
8.828518390655517578e-01 -1.852833665907382965e-02 2.744402289390563965e-01
8.860276937484741211e-01 -2.166649140417575836e-02 2.855787277221679688e-01
9.901244640350341797e-01 -4.836812615394592285e-02 2.719824910163879395e-01
9.836120009422302246e-01 -4.535074532032012939e-02 2.430791258811950684e-01
8.405750393867492676e-01 -3.859246522188186646e-02 2.545325160026550293e-01
9.655014276504516602e-01 -5.503775924444198608e-02 2.146912217140197754e-01
1.003290534019470215e+00 -4.607282578945159912e-02 2.756242752075195312e-01
9.960765838623046875e-01 -4.452953487634658813e-02 2.474457025527954102e-01
8.534080386161804199e-01 -5.966338515281677246e-02 2.662409543991088867e-01
9.835730791091918945e-01 -3.066385164856910706e-02 2.686681151390075684e-01
8.949354887008666992e-01 -1.570628024637699127e-02 2.671888470649719238e-01
8.149871826171875000e-01 -1.795664615929126740e-02 2.376720905303955078e-01
7.958992719650268555e-01 -2.630784548819065094e-02 2.634808421134948730e-01
7.556578516960144043e-01 -2.445069886744022369e-02 2.218379974365234375e-01
8.023759126663208008e-01 -2.288388274610042572e-02 2.475856542587280273e-01
7.837328314781188965e-01 -2.000939287245273590e-02 2.445516586303710938e-01
9.466333389282226562e-01 -4.064908623695373535e-02 2.750200629234313965e-01
9.170866012573242188e-01 -2.367546595633029938e-02 2.927819490432739258e-01
9.229191541671752930e-01 -3.353847563266754150e-02 2.656274437904357910e-01
9.871202707290649414e-01 -3.024219907820224762e-02 2.626947760581970215e-01
1.060454487800598145e+00 -3.628916293382644653e-02 2.335625290870666504e-01
1.012583255767822266e+00 -4.473558813333511353e-02 2.488621473312377930e-01
9.658819437026977539e-01 -4.450483620166778564e-02 2.842035293579101562e-01
9.413838982582092285e-01 -4.057563841342926025e-02 2.659882307052612305e-01
9.900468587875366211e-01 -4.107319563627243042e-02 2.370861768722534180e-01
1.111243367195129395e+00 -4.046160727739334106e-02 2.963210940361022949e-01
1.028681993484497070e+00 -4.371181875467300415e-02 2.878155708312988281e-01
1.006702303886413574e+00 -4.760025441646575928e-02 2.763965129852294922e-01
9.966779947280883789e-01 -4.891714453697204590e-02 2.615911960601806641e-01
9.443176984786987305e-01 -5.230972170829772949e-02 2.166296243667602539e-01
8.869654536247253418e-01 -5.521356314420700073e-02 2.382985353469848633e-01
8.414757251739501953e-01 -5.125050991773605347e-02 2.445246577262878418e-01
8.151634335517883301e-01 -4.626185446977615356e-02 2.132034897804260254e-01
7.181204557418823242e-01 -4.376335442066192627e-02 2.179571986198425293e-01
5.895298719406127930e-01 -4.020865261554718018e-02 2.019286155700683594e-01
6.551213264465332031e-01 -4.710382968187332153e-02 2.196958661079406738e-01
6.735429167747497559e-01 -4.969351738691329956e-02 2.462009787559509277e-01
7.445538640022277832e-01 -4.081287235021591187e-02 2.341666817665100098e-01
7.952447533607482910e-01 -2.449301071465015411e-02 2.791293859481811523e-01
9.109923243522644043e-01 -4.538695514202117920e-02 2.377546429634094238e-01
8.757683634757995605e-01 -3.918208926916122437e-02 2.318792343139648438e-01
9.257941246032714844e-01 -4.844451695680618286e-02 2.230012416839599609e-01
8.798884153366088867e-01 -4.648110270500183105e-02 2.131652832031250000e-01
8.424519300460815430e-01 -4.392629116773605347e-02 2.589326500892639160e-01
8.728239536285400391e-01 -3.866384178400039673e-02 2.612598538398742676e-01
8.860280513763427734e-01 -3.422591090202331543e-02 2.681963443756103516e-01
9.019287228584289551e-01 -4.176335036754608154e-02 2.817244529724121094e-01
9.648478031158447266e-01 -4.068021476268768311e-02 2.894958257675170898e-01
1.029931783676147461e+00 -5.723110586404800415e-02 2.715296745300292969e-01
9.859039187431335449e-01 -4.629799723625183105e-02 2.896735668182373047e-01
9.127294421195983887e-01 -4.351779818534851074e-02 3.107140064239501953e-01
9.858207702636718750e-01 -4.685863107442855835e-02 2.690055966377258301e-01
1.071962237358093262e+00 -4.871336370706558228e-02 2.145997285842895508e-01
9.573193192481994629e-01 -5.241471529006958008e-02 2.050746679306030273e-01
9.530814886093139648e-01 -5.930408835411071777e-02 1.791986227035522461e-01
9.384779334068298340e-01 -3.760450333356857300e-02 1.594272851943969727e-01
9.919627904891967773e-01 -4.557556658983230591e-02 1.526874899864196777e-01
9.593450427055358887e-01 -4.018358141183853149e-02 1.683442592620849609e-01
9.998425841331481934e-01 -3.759474307298660278e-02 1.751223802566528320e-01
9.980348348617553711e-01 -3.510297834873199463e-02 2.119875550270080566e-01
9.604654312133789062e-01 -3.209919854998588562e-02 2.304895520210266113e-01
9.842300415039062500e-01 -2.440671250224113464e-02 1.963034272193908691e-01
9.858530759811401367e-01 -2.956258691847324371e-02 2.278794646263122559e-01
1.024366855621337891e+00 -3.079361282289028168e-02 2.127177119255065918e-01
9.479351043701171875e-01 -1.604231446981430054e-02 2.107135057449340820e-01
9.305354356765747070e-01 -1.854229345917701721e-02 2.469103336334228516e-01
9.163244962692260742e-01 -1.555701717734336853e-02 2.543703913688659668e-01
9.119637012481689453e-01 -1.438935287296772003e-02 2.830834388732910156e-01
9.511048793792724609e-01 -2.409712783992290497e-02 2.755784392356872559e-01
8.976001739501953125e-01 -2.117762155830860138e-02 2.665354013442993164e-01
9.362913966178894043e-01 -2.600119449198246002e-02 2.614163160324096680e-01
8.890776634216308594e-01 -1.145040057599544525e-02 2.282241582870483398e-01
8.947578072547912598e-01 -2.658884413540363312e-02 2.294618487358093262e-01
8.681475520133972168e-01 -3.371962159872055054e-02 2.742426395416259766e-01
8.949874639511108398e-01 -3.619929403066635132e-02 2.827847003936767578e-01
8.832025527954101562e-01 -3.397030383348464966e-02 2.531180381774902344e-01
8.420541286468505859e-01 -2.868329547345638275e-02 2.403821945190429688e-01
7.915823459625244141e-01 -4.179085791110992432e-02 2.389772534370422363e-01
7.336449027061462402e-01 -3.515103459358215332e-02 2.283387184143066406e-01
7.321675419807434082e-01 -2.933662571012973785e-02 2.168210148811340332e-01
7.394269704818725586e-01 -3.029210865497589111e-02 2.208883762359619141e-01
7.738218307495117188e-01 -3.139364719390869141e-02 2.028930187225341797e-01
7.651708126068115234e-01 -3.281884640455245972e-02 2.163954973220825195e-01
7.621366381645202637e-01 -3.331033885478973389e-02 2.207922339439392090e-01
7.447898983955383301e-01 -3.509708493947982788e-02 2.122168540954589844e-01
7.137200832366943359e-01 -3.032942302525043488e-02 2.186837196350097656e-01
7.705435156822204590e-01 -4.246938228607177734e-02 2.171686887741088867e-01
6.852918863296508789e-01 -3.093234635889530182e-02 2.239912748336791992e-01
7.862724065780639648e-01 -3.257203847169876099e-02 1.932688355445861816e-01
7.162861227989196777e-01 -2.733741141855716705e-02 2.549310028553009033e-01
6.719465851783752441e-01 -2.562289126217365265e-02 2.681649327278137207e-01
6.395941376686096191e-01 -2.441585250198841095e-02 2.736242711544036865e-01
6.202656030654907227e-01 -2.021841146051883698e-02 2.880487442016601562e-01
6.763779520988464355e-01 -2.903835661709308624e-02 2.621911168098449707e-01
7.110806107521057129e-01 -3.861781209707260132e-02 2.909079492092132568e-01
6.072559356689453125e-01 -4.215611517429351807e-02 2.851358056068420410e-01
6.857141256332397461e-01 -4.542865604162216187e-02 2.754085063934326172e-01
6.511074304580688477e-01 -4.608644545078277588e-02 2.711431980133056641e-01
6.589325666427612305e-01 -4.880835115909576416e-02 2.645892500877380371e-01
7.126790285110473633e-01 -3.283314406871795654e-02 2.896724343299865723e-01
7.433170080184936523e-01 -2.954520471394062042e-02 2.769684791564941406e-01
7.751545906066894531e-01 -2.927993424236774445e-02 2.850870490074157715e-01
7.566857933998107910e-01 -2.856154926121234894e-02 2.577959299087524414e-01
7.713572978973388672e-01 -3.333577513694763184e-02 2.101378440856933594e-01
7.456033229827880859e-01 -2.742339856922626495e-02 2.183991074562072754e-01
7.340304851531982422e-01 -3.286933153867721558e-02 2.278092503547668457e-01
7.764630913734436035e-01 -3.855330497026443481e-02 2.405467629432678223e-01
7.849438190460205078e-01 -3.572036325931549072e-02 2.656450271606445312e-01
7.682222723960876465e-01 -3.599043190479278564e-02 2.537649869918823242e-01
7.367073893547058105e-01 -3.709977120161056519e-02 2.654279470443725586e-01
7.528495788574218750e-01 -2.946496941149234772e-02 2.475073337554931641e-01
6.694510579109191895e-01 -3.123396076261997223e-02 2.414004802703857422e-01
7.134001255035400391e-01 -3.354419767856597900e-02 2.687438726425170898e-01
8.001004457473754883e-01 -2.985943295061588287e-02 2.385743260383605957e-01
8.125098347663879395e-01 -3.063796646893024445e-02 2.770085930824279785e-01
7.719525694847106934e-01 -2.997029758989810944e-02 2.778377532958984375e-01
7.332539558410644531e-01 -3.010760433971881866e-02 3.092927336692810059e-01
7.038036584854125977e-01 -3.073039837181568146e-02 2.773019671440124512e-01
7.307950258255004883e-01 -2.817323245108127594e-02 2.637188434600830078e-01
7.976454496383666992e-01 -4.214791953563690186e-02 2.532933950424194336e-01
8.517280817031860352e-01 -4.878016561269760132e-02 2.262039184570312500e-01
8.542634248733520508e-01 -4.016749560832977295e-02 2.157696485519409180e-01
8.824189901351928711e-01 -4.467828571796417236e-02 2.210928797721862793e-01
8.480488657951354980e-01 -3.757862001657485962e-02 2.188765406608581543e-01
9.076806306838989258e-01 -4.220999032258987427e-02 2.328566312789916992e-01
9.212275147438049316e-01 -4.359597712755203247e-02 2.307274937629699707e-01
9.098678827285766602e-01 -3.858745098114013672e-02 2.602333426475524902e-01
8.144274950027465820e-01 -3.733965754508972168e-02 2.382353544235229492e-01
7.014951705932617188e-01 -3.155346214771270752e-02 2.878854274749755859e-01
7.924873828887939453e-01 -4.581209272146224976e-02 2.585607171058654785e-01
7.871593236923217773e-01 -4.586359858512878418e-02 2.815166711807250977e-01
6.695032715797424316e-01 -4.592720419168472290e-02 3.351032137870788574e-01
6.065293550491333008e-01 -4.822358489036560059e-02 3.631187081336975098e-01
5.721715688705444336e-01 -3.486064076423645020e-02 3.400091230869293213e-01
4.728798270225524902e-01 -2.333158440887928009e-02 3.868886828422546387e-01
4.547042846679687500e-01 -2.550690062344074249e-02 3.388730883598327637e-01
4.617021083831787109e-01 -2.733470685780048370e-02 3.898577392101287842e-01
5.024851560592651367e-01 -3.122323937714099884e-02 4.688539803028106689e-01
5.012147426605224609e-01 -3.216855227947235107e-02 3.957657814025878906e-01
5.397845506668090820e-01 -3.141476213932037354e-02 2.997161746025085449e-01
5.011969208717346191e-01 -3.372620791196823120e-02 3.234617114067077637e-01
4.792618751525878906e-01 -3.364525735378265381e-02 4.161216020584106445e-01
4.171690344810485840e-01 -2.804993279278278351e-02 2.831952273845672607e-01
5.019037127494812012e-01 -3.321068733930587769e-02 2.863746285438537598e-01
6.078642010688781738e-01 -3.280581533908843994e-02 2.799389362335205078e-01
6.050190925598144531e-01 -2.678699977695941925e-02 2.502422332763671875e-01
6.081687211990356445e-01 -2.670388109982013702e-02 1.816135644912719727e-01
6.138864159584045410e-01 -3.750564903020858765e-02 1.315405368804931641e-01
6.669421195983886719e-01 -4.115082323551177979e-02 1.622810959815979004e-01
6.870204806327819824e-01 -4.531471431255340576e-02 1.604133844375610352e-01
6.527663469314575195e-01 -3.804540634155273438e-02 1.753538846969604492e-01
5.775237679481506348e-01 -2.814788557589054108e-02 1.533091664314270020e-01
5.471430420875549316e-01 -3.285102546215057373e-02 1.438253521919250488e-01
5.994638204574584961e-01 -2.887268550693988800e-02 1.320496797561645508e-01
5.716251730918884277e-01 -3.476051986217498779e-02 1.297413110733032227e-01
5.229864120483398438e-01 -3.757315874099731445e-02 1.398323774337768555e-01
4.372095465660095215e-01 -3.324158489704132080e-02 1.974861621856689453e-01
4.803773760795593262e-01 -3.361960500478744507e-02 2.046445012092590332e-01
4.089670777320861816e-01 -3.080212511122226715e-02 2.253919243812561035e-01
3.635191917419433594e-01 -2.989760972559452057e-02 2.811416983604431152e-01
3.576421141624450684e-01 -2.884131111204624176e-02 2.867479026317596436e-01
3.570448756217956543e-01 -2.157522924244403839e-02 2.643981575965881348e-01
3.271538019180297852e-01 -1.833395101130008698e-02 2.903824150562286377e-01
2.832850813865661621e-01 -2.698827348649501801e-02 2.971067726612091064e-01
2.666705846786499023e-01 -2.805989049375057220e-02 2.910426557064056396e-01
2.732694745063781738e-01 -2.484577894210815430e-02 3.174498379230499268e-01
3.128795623779296875e-01 -2.515922114253044128e-02 3.442158699035644531e-01
3.422651886940002441e-01 -2.643563039600849152e-02 3.533093929290771484e-01
2.988361120223999023e-01 -2.388689294457435608e-02 3.293890058994293213e-01
3.391078114509582520e-01 -2.660307101905345917e-02 3.231499493122100830e-01
3.343738913536071777e-01 -2.306933514773845673e-02 3.490602374076843262e-01
3.357827067375183105e-01 -1.938814297318458557e-02 3.702362775802612305e-01
3.549457788467407227e-01 -1.740757934749126434e-02 4.239342212677001953e-01
3.062305450439453125e-01 -1.712589897215366364e-02 3.885727226734161377e-01
3.739746212959289551e-01 -1.697826199233531952e-02 4.115560948848724365e-01
3.732630014419555664e-01 -2.653414197266101837e-02 4.203420877456665039e-01
3.394744992256164551e-01 -2.432325668632984161e-02 4.543862044811248779e-01
3.727979063987731934e-01 -2.600760571658611298e-02 4.197950363159179688e-01
3.370411396026611328e-01 -2.393871732056140900e-02 4.030317664146423340e-01
3.235745429992675781e-01 -1.982039399445056915e-02 3.852447867393493652e-01
3.248583674430847168e-01 -2.552010305225849152e-02 3.740302324295043945e-01
2.985967397689819336e-01 -2.869151718914508820e-02 3.905816972255706787e-01
2.819344997406005859e-01 -2.910852991044521332e-02 3.948204517364501953e-01
