0.000000000000000000e+00 0.000000000000000000e+00 0.000000000000000000e+00
-1.674546301364898335e-02 9.759752079844471323e-03 1.057710647583007812e+00
3.775775432586669922e-03 2.762141451239585530e-02 2.173128962516784668e+00
3.284767270088195801e-03 3.283363021910190582e-02 3.206644177436828613e+00
-2.645257115364075401e-02 4.400140792131423950e-02 4.235908746719360352e+00
-8.310286700725556808e-02 4.973788373172283173e-02 5.258177280426025391e+00
-1.459589004516601562e-01 3.843831643462181091e-02 6.260630726814270020e+00
-2.285128682851791382e-01 5.021024309098720551e-02 7.319044828414916992e+00
-3.091413080692291260e-01 6.555480882525444031e-02 8.459591746330261230e+00
-4.157662540674209595e-01 8.521825261414051056e-02 9.579061985015869141e+00
-5.107021033763885498e-01 1.044222749769687653e-01 1.068261647224426270e+01
-5.960142761468887329e-01 1.219763103872537613e-01 1.179925537109375000e+01
-6.729599535465240479e-01 1.392245516180992126e-01 1.284840190410614014e+01
-7.011859863996505737e-01 1.512583252042531967e-01 1.389624261856079102e+01
-7.293675839900970459e-01 1.539885886013507843e-01 1.493957734107971191e+01
-7.613824754953384399e-01 1.690066326409578323e-01 1.609783172607421875e+01
-8.224394023418426514e-01 1.841376274824142456e-01 1.730343163013458252e+01
-8.844047635793685913e-01 1.997751872986555099e-01 1.848800802230834961e+01
-9.571447670459747314e-01 2.196299843490123749e-01 1.966180181503295898e+01
-1.005910113453865051e+00 2.384943086653947830e-01 2.078195452690124512e+01
-1.083120167255401611e+00 2.671015933156013489e-01 2.197186708450317383e+01
-1.172499760985374451e+00 3.022957518696784973e-01 2.312494480609893799e+01
-1.231409311294555664e+00 3.397992476820945740e-01 2.425667417049407959e+01
-1.218151912093162537e+00 3.676986750215291977e-01 2.541358602046966553e+01
-1.261458784341812134e+00 3.955859281122684479e-01 2.650110542774200439e+01
-1.377826377749443054e+00 4.218044001609086990e-01 2.757551896572113037e+01
-1.510436266660690308e+00 4.679524991661310196e-01 2.872508323192596436e+01
-1.591079294681549072e+00 5.112031493335962296e-01 3.000762081146240234e+01
-1.570854380726814270e+00 5.201022513210773468e-01 3.123240292072296143e+01
-1.606360509991645813e+00 5.355677921324968338e-01 3.239277195930480957e+01
-1.628582805395126343e+00 5.447088479995727539e-01 3.350271189212799072e+01
-1.634002670645713806e+00 5.652376953512430191e-01 3.458638656139373779e+01
-1.494404569268226624e+00 5.783076211810112000e-01 3.572507894039154053e+01
-1.544348508119583130e+00 5.999797340482473373e-01 3.690684759616851807e+01
-1.582870528101921082e+00 6.271950639784336090e-01 3.808352029323577881e+01
-1.659426629543304443e+00 6.743282862007617950e-01 3.925414240360260010e+01
-1.714051797986030579e+00 7.026690635830163956e-01 4.035378181934356689e+01
-1.733810603618621826e+00 7.303063198924064636e-01 4.144635152816772461e+01
-1.810737654566764832e+00 7.639239504933357239e-01 4.257527649402618408e+01
-1.842851191759109497e+00 7.947816830128431320e-01 4.364616417884826660e+01
-1.884550765156745911e+00 8.265085052698850632e-01 4.476999950408935547e+01
-1.974274039268493652e+00 8.676364403218030930e-01 4.592378032207489014e+01
-2.027847513556480408e+00 8.894940130412578583e-01 4.712716615200042725e+01
-2.123615652322769165e+00 9.206454511731863022e-01 4.834170627593994141e+01
-2.175320878624916077e+00 9.354396499693393707e-01 4.956223678588867188e+01
-2.291020154953002930e+00 9.594093728810548782e-01 5.078560149669647217e+01
-2.383528247475624084e+00 9.671754408627748489e-01 5.191430938243865967e+01
-2.484054088592529297e+00 9.579517086967825890e-01 5.300177621841430664e+01
-2.517364159226417542e+00 9.386356724426150322e-01 5.403183531761169434e+01
-2.653365731239318848e+00 9.388126628473401070e-01 5.512191891670227051e+01
-2.665648385882377625e+00 9.261954696848988533e-01 5.612358820438385010e+01
-2.738500267267227173e+00 9.172746678814291954e-01 5.713950359821319580e+01
-2.786149188876152039e+00 9.023875193670392036e-01 5.816965746879577637e+01
-2.842438638210296631e+00 8.935483163222670555e-01 5.922050845623016357e+01
-2.825353041291236877e+00 8.833050476387143135e-01 6.022094786167144775e+01
-2.871123135089874268e+00 8.711167080327868462e-01 6.119516515731811523e+01
-2.850862428545951843e+00 8.479401329532265663e-01 6.212269842624664307e+01
-2.897660702466964722e+00 8.506328267976641655e-01 6.318483245372772217e+01
-2.955690935254096985e+00 8.366876887157559395e-01 6.415396624803543091e+01
-2.988171219825744629e+00 8.101887470111250877e-01 6.498820966482162476e+01
-3.085733756422996521e+00 7.610834902152419090e-01 6.582760423421859741e+01
-3.162944763898849487e+00 7.238044207915663719e-01 6.672590273618698120e+01
-3.201493963599205017e+00 6.727526253089308739e-01 6.756830346584320068e+01
-3.157960176467895508e+00 6.169774672016501427e-01 6.837309962511062622e+01
-3.123007014393806458e+00 5.591940646991133690e-01 6.924327570199966431e+01
-3.150336086750030518e+00 4.893478369340300560e-01 7.006072604656219482e+01
-3.131146863102912903e+00 4.192589363083243370e-01 7.090615051984786987e+01
-3.115085512399673462e+00 3.628886034712195396e-01 7.163928383588790894e+01
-3.109711423516273499e+00 3.216199306771159172e-01 7.236978030204772949e+01
-3.119684070348739624e+00 2.773260874673724174e-01 7.322959280014038086e+01
-3.047659650444984436e+00 2.566185491159558296e-01 7.426410317420959473e+01
-2.972529083490371704e+00 2.393507314845919609e-01 7.527537357807159424e+01
-2.903158918023109436e+00 2.185202902182936668e-01 7.629741036891937256e+01
-2.827111423015594482e+00 2.010909924283623695e-01 7.726511901617050171e+01
-2.738222405314445496e+00 1.623439090326428413e-01 7.823660999536514282e+01
-2.587853699922561646e+00 1.326962402090430260e-01 7.912596732378005981e+01
-2.403794482350349426e+00 1.003327807411551476e-01 7.993900924921035767e+01
-2.159265339374542236e+00 7.438538316637277603e-02 8.073258101940155029e+01
-1.955748125910758972e+00 5.069725122302770615e-02 8.157188588380813599e+01
-1.733514964580535889e+00 2.718795742839574467e-02 8.242207694053649902e+01
-1.452668011188507080e+00 1.218137331306927418e-03 8.342345130443572998e+01
-1.138995170593261719e+00 -2.296969387680292823e-02 8.450830101966857910e+01
-7.437480092048645020e-01 -5.134129803627729416e-02 8.559024238586425781e+01
-2.748371362686157227e-01 -8.156995940953493118e-02 8.679833781719207764e+01
2.888026833534239612e-01 -1.111784195527434349e-01 8.790208089351654053e+01
8.558744788169859730e-01 -1.318108970299363136e-01 8.903436744213104248e+01
1.465084016323089600e+00 -1.566377235576510429e-01 9.001939117908477783e+01
2.091037571430206299e+00 -1.776715489104390144e-01 9.087541151046752930e+01
2.752218067646026611e+00 -2.120773764327168465e-01 9.160188508033752441e+01
3.398980438709259033e+00 -2.482828395441174507e-01 9.228653752803802490e+01
4.166566491127014160e+00 -2.908043386414647102e-01 9.297573345899581909e+01
4.959266960620880127e+00 -3.310424583032727242e-01 9.352747333049774170e+01
5.772261679172515869e+00 -3.690319629386067390e-01 9.414021605253219604e+01
6.674791455268859863e+00 -4.066448332741856575e-01 9.469192171096801758e+01
7.575971126556396484e+00 -4.348142286762595177e-01 9.515579164028167725e+01
8.362870872020721436e+00 -4.704353725537657738e-01 9.553322023153305054e+01
9.097564101219177246e+00 -5.003275731578469276e-01 9.591215652227401733e+01
9.796122193336486816e+00 -5.232099695131182671e-01 9.625796306133270264e+01
1.041225981712341309e+01 -5.462578134611248970e-01 9.656348291039466858e+01
1.104953789710998535e+01 -5.783748673275113106e-01 9.679802563786506653e+01
1.174897354841232300e+01 -6.165092261508107185e-01 9.696815636754035950e+01
1.252182698249816895e+01 -6.375152459368109703e-01 9.709542801976203918e+01
1.333029937744140625e+01 -6.589712882414460182e-01 9.719812086224555969e+01
1.418733948469161987e+01 -6.804203717038035393e-01 9.728545239567756653e+01
1.509747713804244995e+01 -7.030033329501748085e-01 9.732805946469306946e+01
1.597948187589645386e+01 -7.549156108871102333e-01 9.737280467152595520e+01
1.690725100040435791e+01 -8.156812200322747231e-01 9.743596497178077698e+01
1.783173584938049316e+01 -8.729782486334443092e-01 9.747609201073646545e+01
1.875226151943206787e+01 -9.222962195053696632e-01 9.749455252476036549e+01
1.964850991964340210e+01 -9.708468476310372353e-01 9.753226056881248951e+01
2.048546552658081055e+01 -1.008531601168215275e+00 9.753071311488747597e+01
2.133220583200454712e+01 -1.041924112476408482e+00 9.751658592186868191e+01
2.219359028339385986e+01 -1.077121757902204990e+00 9.750735101848840714e+01
2.309896373748779297e+01 -1.105090196244418621e+00 9.746310976892709732e+01
2.401085436344146729e+01 -1.130045813508331776e+00 9.737626174837350845e+01
2.500262308120727539e+01 -1.152460704557597637e+00 9.730944678932428360e+01
2.604455637931823730e+01 -1.186792596243321896e+00 9.721421150118112564e+01
2.708985877037048340e+01 -1.216996516101062298e+00 9.712741891294717789e+01
2.811710834503173828e+01 -1.247792753390967846e+00 9.701371137052774429e+01
2.912093567848205566e+01 -1.275666642002761364e+00 9.688363514095544815e+01
3.014674651622772217e+01 -1.299726787023246288e+00 9.678908298164606094e+01
3.118601870536804199e+01 -1.317985276691615582e+00 9.666583845764398575e+01
3.229124724864959717e+01 -1.334509338252246380e+00 9.651535359770059586e+01
3.334929597377777100e+01 -1.350520563311874866e+00 9.639831648021936417e+01
3.437127649784088135e+01 -1.370802440680563450e+00 9.626859239488840103e+01
3.539588534832000732e+01 -1.395574715919792652e+00 9.613558892160654068e+01
3.640441083908081055e+01 -1.422713358886539936e+00 9.602689150720834732e+01
3.740289032459259033e+01 -1.445564788766205311e+00 9.593227127939462662e+01
3.844166004657745361e+01 -1.459201178513467312e+00 9.575883648544549942e+01
3.936612999439239502e+01 -1.488291467539966106e+00 9.566015616804361343e+01
4.025175547599792480e+01 -1.519412846304476261e+00 9.558405206352472305e+01
4.112793111801147461e+01 -1.553769239224493504e+00 9.551482162624597549e+01
4.200127726793289185e+01 -1.592010320164263248e+00 9.547156945616006851e+01
4.286528807878494263e+01 -1.631575734354555607e+00 9.542513731867074966e+01
4.376923185586929321e+01 -1.668211699463427067e+00 9.538606504350900650e+01
4.467433315515518188e+01 -1.707287416793406010e+00 9.534793130308389664e+01
4.557498306035995483e+01 -1.743688986636698246e+00 9.532215533591806889e+01
4.646437489986419678e+01 -1.764333336614072323e+00 9.529452000185847282e+01
4.729723274707794189e+01 -1.787314654327929020e+00 9.531828062050044537e+01
4.811592352390289307e+01 -1.809313413687050343e+00 9.533719210326671600e+01
4.894387876987457275e+01 -1.833997656591236591e+00 9.535821913368999958e+01
4.977325105667114258e+01 -1.864426427520811558e+00 9.537313722446560860e+01
5.062678444385528564e+01 -1.889595069922506809e+00 9.538948362134397030e+01
5.149121516942977905e+01 -1.927049786783754826e+00 9.541799633949995041e+01
5.228808915615081787e+01 -1.968879000283777714e+00 9.543474065698683262e+01
5.305908221006393433e+01 -2.010950238443911076e+00 9.545262688025832176e+01
5.389241033792495728e+01 -2.049508423544466496e+00 9.546380585245788097e+01
5.471333396434783936e+01 -2.080399039201438427e+00 9.548762851953506470e+01
5.549136102199554443e+01 -2.116668890230357647e+00 9.555019760131835938e+01
5.630822932720184326e+01 -2.157123128883540630e+00 9.562366265058517456e+01
5.711187398433685303e+01 -2.183328782208263874e+00 9.569302374124526978e+01
5.792892444133758545e+01 -2.215987314470112324e+00 9.572713118791580200e+01
5.875986409187316895e+01 -2.243300049565732479e+00 9.579134386777877808e+01
5.956804060935974121e+01 -2.271739765070378780e+00 9.583765041828155518e+01
6.039504992961883545e+01 -2.299735282547771931e+00 9.590823793411254883e+01
6.126883023977279663e+01 -2.347467866726219654e+00 9.595532250404357910e+01
6.209389370679855347e+01 -2.394048695452511311e+00 9.603615593910217285e+01
6.297235155105590820e+01 -2.434230861254036427e+00 9.610130029916763306e+01
6.382035017013549805e+01 -2.486554128117859364e+00 9.616321450471878052e+01
6.462472778558731079e+01 -2.542071086354553699e+00 9.616755491681396961e+01
6.541691696643829346e+01 -2.584019289351999760e+00 9.617119193449616432e+01
6.620083934068679810e+01 -2.625153620727360249e+00 9.617798603139817715e+01
6.708237367868423462e+01 -2.657395293004810810e+00 9.617954487353563309e+01
6.795378190279006958e+01 -2.697046180255711079e+00 9.622946579009294510e+01
6.885598832368850708e+01 -2.737905521877110004e+00 9.629704738408327103e+01
6.977943879365921021e+01 -2.776476648636162281e+00 9.632837534695863724e+01
7.067858666181564331e+01 -2.806751458905637264e+00 9.637957931309938431e+01
7.156584453582763672e+01 -2.843106328509747982e+00 9.644919992238283157e+01
7.248547875881195068e+01 -2.875085025094449520e+00 9.648673469573259354e+01
7.340271276235580444e+01 -2.889926691539585590e+00 9.650843561626970768e+01
7.435977274179458618e+01 -2.909698299132287502e+00 9.654122937656939030e+01
7.532364326715469360e+01 -2.930842709727585316e+00 9.659843576885759830e+01
7.626614391803741455e+01 -2.935080430470407009e+00 9.668463457562029362e+01
7.725369137525558472e+01 -2.933791835792362690e+00 9.675976289249956608e+01
7.824300521612167358e+01 -2.938090753741562366e+00 9.684744841791689396e+01
7.923340004682540894e+01 -2.936800758354365826e+00 9.693285025097429752e+01
8.018099921941757202e+01 -2.934262211434543133e+00 9.700141657330095768e+01
8.111112415790557861e+01 -2.943117027170956135e+00 9.708535928465425968e+01
8.205317515134811401e+01 -2.969828917644917965e+00 9.716260666586458683e+01
8.293779331445693970e+01 -2.982739039696753025e+00 9.728270090557634830e+01
8.380160832405090332e+01 -2.988181318156421185e+00 9.736588073708117008e+01
8.460828137397766113e+01 -3.014124837704002857e+00 9.750837779976427555e+01
8.543224871158599854e+01 -3.037810972891747952e+00 9.760115082003176212e+01
8.624797660112380981e+01 -3.063748688437044621e+00 9.770859325863420963e+01
8.702540987730026245e+01 -3.085601682774722576e+00 9.787788457609713078e+01
8.783688479661941528e+01 -3.098217007704079151e+00 9.799514610506594181e+01
8.864978098869323730e+01 -3.117542601190507412e+00 9.808201337791979313e+01
8.952923107147216797e+01 -3.138577721081674099e+00 9.820214487053453922e+01
9.035125052928924561e+01 -3.146933437325060368e+00 9.837330550886690617e+01
9.115909111499786377e+01 -3.168185890652239323e+00 9.856068898178637028e+01
9.196211421489715576e+01 -3.195992256514728069e+00 9.870746947266161442e+01
9.271321177482604980e+01 -3.235513898544013500e+00 9.883754570223391056e+01
9.356291961669921875e+01 -3.278498883359134197e+00 9.898048825003206730e+01
9.445031923055648804e+01 -3.322831439785659313e+00 9.909235800243914127e+01
9.531561905145645142e+01 -3.364657229743897915e+00 9.922420043684542179e+01
9.619653558731079102e+01 -3.406750566326081753e+00 9.933079231716692448e+01
9.705930066108703613e+01 -3.458325608633458614e+00 9.946476311422884464e+01
9.776307648420333862e+01 -3.510106607340276241e+00 9.962817240692675114e+01
9.853937405347824097e+01 -3.558659642003476620e+00 9.972661287523806095e+01
9.919921416044235229e+01 -3.597229971550405025e+00 9.990540785528719425e+01
9.993336009979248047e+01 -3.633593774400651455e+00 1.000627288315445185e+02
1.006841425895690918e+02 -3.665280065499246120e+00 1.002302830312401056e+02
1.014618112444877625e+02 -3.691663005389273167e+00 1.003819833789020777e+02
1.022857289314270020e+02 -3.725809738971292973e+00 1.005346339736133814e+02
1.031125884652137756e+02 -3.761063867248594761e+00 1.006633405480533838e+02
1.038799113631248474e+02 -3.801775024272501469e+00 1.008086284194141626e+02
1.047795163989067078e+02 -3.854997263289988041e+00 1.009751376900821924e+02
1.056387983560562134e+02 -3.908140339888632298e+00 1.011495746765285730e+02
1.064968075752258301e+02 -3.953657382167875767e+00 1.013403544221073389e+02
1.073576453328132629e+02 -3.999398798681795597e+00 1.015442278776317835e+02
1.082201104760169983e+02 -4.047738180495798588e+00 1.017496993336826563e+02
1.090487347245216370e+02 -4.092440252192318439e+00 1.019572246465831995e+02
1.099087556004524231e+02 -4.134765249677002430e+00 1.021718268189579248e+02
1.107600061297416687e+02 -4.183157284744083881e+00 1.024355020318180323e+02
1.117153527140617371e+02 -4.227689561434090137e+00 1.026484309826046228e+02
1.126781144738197327e+02 -4.269918282516300678e+00 1.028547344002872705e+02
1.136052967905998230e+02 -4.311507170088589191e+00 1.030485964808613062e+02
1.145118137598037720e+02 -4.361412157304584980e+00 1.032810224089771509e+02
1.154483132958412170e+02 -4.407440115697681904e+00 1.035213607344776392e+02
1.163643966317176819e+02 -4.454800759442150593e+00 1.037574655804783106e+02
1.173033754229545593e+02 -4.499026124365627766e+00 1.040005678925663233e+02
1.181850743293762207e+02 -4.543904420919716358e+00 1.042544828448444605e+02
1.190941807627677917e+02 -4.592018154449760914e+00 1.045248746071010828e+02
1.200305464863777161e+02 -4.638308727182447910e+00 1.048541310224682093e+02
1.209829440116882324e+02 -4.682755106128752232e+00 1.052090320382267237e+02
1.219064939618110657e+02 -4.720273197628557682e+00 1.055957084093242884e+02
1.228058491349220276e+02 -4.762461715377867222e+00 1.059473969135433435e+02
1.236911333203315735e+02 -4.791208638809621334e+00 1.062971691880375147e+02
1.245910906195640564e+02 -4.826092622242867947e+00 1.065849848184734583e+02
1.254811748266220093e+02 -4.863299115560948849e+00 1.069324444327503443e+02
1.263382323980331421e+02 -4.896958625875413418e+00 1.072406730446964502e+02
1.272059244513511658e+02 -4.928895897231996059e+00 1.075305355582386255e+02
1.281069032549858093e+02 -4.977150185965001583e+00 1.077868562731891870e+02
1.290147120356559753e+02 -5.015446419827640057e+00 1.080506264362484217e+02
1.299404177069664001e+02 -5.050984437577426434e+00 1.082354310546070337e+02
1.308232784867286682e+02 -5.095502200536429882e+00 1.084971548113971949e+02
1.316987485289573669e+02 -5.135600055567920208e+00 1.087869980130344629e+02
1.325764240026473999e+02 -5.170139449648559093e+00 1.090489727649837732e+02
1.334619102478027344e+02 -5.219263973645865917e+00 1.092894817981868982e+02
1.343375188112258911e+02 -5.265021829865872860e+00 1.094782620463520288e+02
1.352424979209899902e+02 -5.311471193097531796e+00 1.097107250485569239e+02
1.361549655795097351e+02 -5.353951851837337017e+00 1.099815331492573023e+02
1.370461409687995911e+02 -5.390904012136161327e+00 1.102570552024990320e+02
1.379197910428047180e+02 -5.421908375807106495e+00 1.106064181718975306e+02
1.387524575591087341e+02 -5.439535788260400295e+00 1.110005177650600672e+02
1.396353704333305359e+02 -5.455447853542864323e+00 1.114230652842670679e+02
1.405088269114494324e+02 -5.473664998076856136e+00 1.117755790147930384e+02
1.414298332333564758e+02 -5.499280103482306004e+00 1.121396968159824610e+02
1.423109176754951477e+02 -5.521961892955005169e+00 1.125292387995868921e+02
1.432026458382606506e+02 -5.546867464669048786e+00 1.129024320635944605e+02
1.440562782287597656e+02 -5.572045444510877132e+00 1.132864006552845240e+02
1.449152773618698120e+02 -5.597299260087311268e+00 1.136491826567798853e+02
1.457401691675186157e+02 -5.627563728950917721e+00 1.139490014705806971e+02
1.465544034242630005e+02 -5.648737088777124882e+00 1.142560142073780298e+02
1.473675691485404968e+02 -5.668937749229371548e+00 1.145585341844707727e+02
1.480555361509323120e+02 -5.694365491159260273e+00 1.148625870142132044e+02
1.487111816406250000e+02 -5.726183098740875721e+00 1.151805516872555017e+02
1.493041450977325439e+02 -5.751984004862606525e+00 1.155359294805675745e+02
1.498511071205139160e+02 -5.784141798503696918e+00 1.159219749066978693e+02
1.504102433919906616e+02 -5.815308374352753162e+00 1.163703015837818384e+02
1.510185984969139099e+02 -5.855689656920731068e+00 1.168675064239650965e+02
1.516064009666442871e+02 -5.885397351346910000e+00 1.173751863036304712e+02
1.522393694519996643e+02 -5.909919583238661289e+00 1.180145842824131250e+02
1.528643180131912231e+02 -5.950173684395849705e+00 1.187593822870403528e+02
1.534300636053085327e+02 -5.990287863649427891e+00 1.194749839100986719e+02
1.540532090067863464e+02 -6.030390680767595768e+00 1.201695897374302149e+02
1.546228574514389038e+02 -6.075191357173025608e+00 1.208105431590229273e+02
1.551959222555160522e+02 -6.111561582423746586e+00 1.214562499318271875e+02
1.558062283992767334e+02 -6.149383866228163242e+00 1.221173616442829370e+02
1.564401403665542603e+02 -6.186576501466333866e+00 1.227898711953312159e+02
1.570398728847503662e+02 -6.227020421065390110e+00 1.235066013727337122e+02
1.575864454507827759e+02 -6.263320931233465672e+00 1.241850917730480433e+02
1.581274404525756836e+02 -6.298019618727266788e+00 1.248733184132725000e+02
1.586471143364906311e+02 -6.336958334781229496e+00 1.255722985062748194e+02
1.591945251822471619e+02 -6.373413288034498692e+00 1.263048698697239161e+02
1.598118623495101929e+02 -6.408926286734640598e+00 1.271011249814182520e+02
1.604252266883850098e+02 -6.448455908335745335e+00 1.278763081822544336e+02
1.610375176072120667e+02 -6.483871021308004856e+00 1.286457353625446558e+02
1.616078339815139771e+02 -6.514322201721370220e+00 1.293382842335850000e+02
1.622652003169059753e+02 -6.541508776135742664e+00 1.300839738640934229e+02
1.628934825658798218e+02 -6.571037157438695431e+00 1.308511772546917200e+02
1.635473326444625854e+02 -6.577960059978067875e+00 1.316745432410389185e+02
1.642618467211723328e+02 -6.587359766475856304e+00 1.325364259872585535e+02
1.649734409451484680e+02 -6.599685383029282093e+00 1.334308472666889429e+02
1.656407392621040344e+02 -6.612159616313874722e+00 1.343215502295643091e+02
1.662814595103263855e+02 -6.630087801255285740e+00 1.351573233399540186e+02
1.669147925376892090e+02 -6.654271501116454601e+00 1.360238075647503138e+02
1.674485329985618591e+02 -6.686396333388984203e+00 1.368640445861965418e+02
1.680162948369979858e+02 -6.715792258270084858e+00 1.377197623644024134e+02
1.686147906184196472e+02 -6.745363301597535610e+00 1.386134347114712000e+02
1.692235252857208252e+02 -6.764260695315897465e+00 1.394060422573238611e+02
1.698790596723556519e+02 -6.789541373960673809e+00 1.402139569912105799e+02
1.705648704171180725e+02 -6.808986959047615528e+00 1.410471362862735987e+02
1.712031630277633667e+02 -6.824267595075070858e+00 1.417701177392154932e+02
1.718271563649177551e+02 -6.836753644980490208e+00 1.424737179670482874e+02
1.724942554831504822e+02 -6.851762908510863781e+00 1.432700794134289026e+02
1.730578321218490601e+02 -6.856936541385948658e+00 1.439897644314914942e+02
1.736315025091171265e+02 -6.855398370884358883e+00 1.447053041849285364e+02
1.741600819826126099e+02 -6.859071538783609867e+00 1.453442247305065393e+02
1.747074345350265503e+02 -6.870994697324931622e+00 1.460443125162273645e+02
1.753227121829986572e+02 -6.887355593033134937e+00 1.467768308315426111e+02
1.758803305029869080e+02 -6.898559912107884884e+00 1.475445496235042810e+02
1.764453563094139099e+02 -6.909529791213572025e+00 1.483590835724025965e+02
1.770740457773208618e+02 -6.910456965677440166e+00 1.491810120139271021e+02
1.776934907436370850e+02 -6.918979366309940815e+00 1.498857065234333277e+02
1.782808940410614014e+02 -6.921906939707696438e+00 1.505965062174946070e+02
1.788850226402282715e+02 -6.922910355962812901e+00 1.512671841178089380e+02
1.795095353126525879e+02 -6.927944640628993511e+00 1.519743592534214258e+02
1.801665555238723755e+02 -6.934115682728588581e+00 1.527249100003391504e+02
1.808344544768333435e+02 -6.944763065315783024e+00 1.534057186637073755e+02
1.814718135595321655e+02 -6.950105505995452404e+00 1.540607121381908655e+02
1.820632585287094116e+02 -6.954927113838493824e+00 1.547405708227306604e+02
1.826763086915016174e+02 -6.959029062651097775e+00 1.554204072151333094e+02
1.833112237453460693e+02 -6.962969445623457432e+00 1.561037632618099451e+02
1.839399276375770569e+02 -6.966647396795451641e+00 1.567829616460949183e+02
1.845062633156776428e+02 -6.979593542404472828e+00 1.575147944483906031e+02
1.850574466586112976e+02 -6.989504731260240078e+00 1.580960998926311731e+02
1.856510161161422729e+02 -6.995247730053961277e+00 1.586659726295620203e+02
1.863075828552246094e+02 -7.013589511625468731e+00 1.593603648338466883e+02
1.869584212899208069e+02 -7.025373836047947407e+00 1.599437657389789820e+02
1.875951725244522095e+02 -7.038485920988023281e+00 1.605984849724918604e+02
1.882454234361648560e+02 -7.050318428315222263e+00 1.611797661576420069e+02
1.889245418310165405e+02 -7.054278532974421978e+00 1.617589194569736719e+02
1.895358105897903442e+02 -7.051280361600220203e+00 1.622074211332947016e+02
1.901946299672126770e+02 -7.042497153393924236e+00 1.627276536915451288e+02
1.908679875731468201e+02 -7.051622067578136921e+00 1.632229375932365656e+02
1.914949318766593933e+02 -7.062003395520150661e+00 1.638194410894066095e+02
1.921722460985183716e+02 -7.062109217979013920e+00 1.643972791526466608e+02
1.927764177918434143e+02 -7.066402482800185680e+00 1.649095369670540094e+02
1.933790848255157471e+02 -7.074738067574799061e+00 1.654211313817650080e+02
1.939563612341880798e+02 -7.080298095010221004e+00 1.659970015380531549e+02
1.945837395787239075e+02 -7.093330838717520237e+00 1.665668152663856745e+02
1.951989182829856873e+02 -7.107680971734225750e+00 1.671149816606193781e+02
1.957890317440032959e+02 -7.106992957182228565e+00 1.675196577999740839e+02
1.963663377761840820e+02 -7.111872120760381222e+00 1.679247632417827845e+02
1.969953070878982544e+02 -7.114286721684038639e+00 1.683305507097393274e+02
1.976341477632522583e+02 -7.114972996525466442e+00 1.687532040867954493e+02
1.983093701601028442e+02 -7.107939106412231922e+00 1.691996030006557703e+02
1.989257138967514038e+02 -7.121151967905461788e+00 1.696326004061847925e+02
1.996230467557907104e+02 -7.132375442422926426e+00 1.700032654795795679e+02
2.003361503481864929e+02 -7.128099816851317883e+00 1.705108397398144007e+02
2.010686577558517456e+02 -7.140975740738213062e+00 1.710579358134418726e+02
2.017339739799499512e+02 -7.149242705665528774e+00 1.716124511156231165e+02
2.025008838176727295e+02 -7.152813085354864597e+00 1.721815715227276087e+02
2.033223572373390198e+02 -7.141210394911468029e+00 1.727738184724003077e+02
2.040964599847793579e+02 -7.133833964355289936e+00 1.733690861258655787e+02
2.048848646879196167e+02 -7.128679967485368252e+00 1.739600572381168604e+02
2.057030977010726929e+02 -7.116594963707029819e+00 1.745199869070202112e+02
2.065119207501411438e+02 -7.106063022278249264e+00 1.750125897917896509e+02
2.072824854254722595e+02 -7.101685308851301670e+00 1.754152817521244287e+02
2.081089295148849487e+02 -7.090789400972425938e+00 1.757190896663814783e+02
2.088869669437408447e+02 -7.081981333903968334e+00 1.760492616686969995e+02
2.096617962121963501e+02 -7.075766869820654392e+00 1.763592759761959314e+02
2.104981479644775391e+02 -7.088895167224109173e+00 1.768201243672519922e+02
2.113422841429710388e+02 -7.096963231451809406e+00 1.772945332620292902e+02
2.121891121268272400e+02 -7.110884181223809719e+00 1.778297022674232721e+02
2.130079688429832458e+02 -7.127205231226980686e+00 1.782433768007904291e+02
2.138008174896240234e+02 -7.115100960247218609e+00 1.785192147586494684e+02
2.146166869997978210e+02 -7.109121081419289112e+00 1.788616778943687677e+02
2.155053698420524597e+02 -7.102204314433038235e+00 1.793062015864998102e+02
2.162873575091362000e+02 -7.086184703744947910e+00 1.796797849033027887e+02
2.170469815135002136e+02 -7.077157299034297466e+00 1.800965272877365351e+02
2.177437431216239929e+02 -7.085893866606056690e+00 1.806003204677253962e+02
2.184917004108428955e+02 -7.094951867125928402e+00 1.811115821097046137e+02
2.191480417251586914e+02 -7.102390014566481113e+00 1.815635546837002039e+02
2.197512950301170349e+02 -7.103479827754199505e+00 1.819742663595825434e+02
2.203673712611198425e+02 -7.114503343589603901e+00 1.823273467514663935e+02
2.209239196777343750e+02 -7.124443053267896175e+00 1.826506480965763330e+02
2.214509255886077881e+02 -7.138897717930376530e+00 1.829568918440490961e+02
2.220075410008430481e+02 -7.159637938253581524e+00 1.833314938340336084e+02
2.225688257217407227e+02 -7.203723776154220104e+00 1.837805578503757715e+02
2.230977379083633423e+02 -7.238248708657920361e+00 1.842732898388057947e+02
2.236729409098625183e+02 -7.269692352972924709e+00 1.847314998600631952e+02
2.241525192856788635e+02 -7.298501984216272831e+00 1.852021026406437159e+02
2.246801770329475403e+02 -7.331553311087191105e+00 1.856553213391453028e+02
2.252272730469703674e+02 -7.355173806659877300e+00 1.860501910839229822e+02
2.258246520161628723e+02 -7.379541874863207340e+00 1.864764337930828333e+02
2.263946557641029358e+02 -7.403691100887954235e+00 1.868558365795761347e+02
2.269275669455528259e+02 -7.421465029008686543e+00 1.871970743034034967e+02
2.275069466233253479e+02 -7.442895052023231983e+00 1.875879904720932245e+02
2.281863535046577454e+02 -7.468857831321656704e+00 1.880333233568817377e+02
2.288802034854888916e+02 -7.491246827878057957e+00 1.884418841991573572e+02
2.296209842562675476e+02 -7.524732374586164951e+00 1.888273166511207819e+02
2.303125997185707092e+02 -7.553427026607096195e+00 1.892160202357918024e+02
2.310354933738708496e+02 -7.588553653098642826e+00 1.896079372558742762e+02
2.318016309142112732e+02 -7.604706077836453915e+00 1.900919362995773554e+02
2.326151522994041443e+02 -7.622994427569210529e+00 1.904814918134361506e+02
2.334438565969467163e+02 -7.645449656061828136e+00 1.908227800223976374e+02
2.343228284716606140e+02 -7.674217340536415577e+00 1.912029454205185175e+02
2.351786072850227356e+02 -7.705413921736180782e+00 1.914958821628242731e+02
2.360189657211303711e+02 -7.731927548535168171e+00 1.917721914146095514e+02
2.368557764887809753e+02 -7.758844873867928982e+00 1.920402237866073847e+02
2.377130292057991028e+02 -7.780444332398474216e+00 1.923301143739372492e+02
2.385172501206398010e+02 -7.796816228888928890e+00 1.925863977167755365e+02
2.393694800734519958e+02 -7.810574595816433430e+00 1.928678251598030329e+02
2.402844197154045105e+02 -7.828763958998024464e+00 1.931546081397682428e+02
2.412528042793273926e+02 -7.859530013985931873e+00 1.934393614623695612e+02
2.421770088076591492e+02 -7.884309704415500164e+00 1.936774767134338617e+02
2.431051189303398132e+02 -7.907278503291308880e+00 1.939076963756233454e+02
2.440334205031394958e+02 -7.925920016132295132e+00 1.941430312488228083e+02
2.449765744805335999e+02 -7.948123023845255375e+00 1.944161846730858088e+02
2.459082392454147339e+02 -7.968485183082520962e+00 1.946289163921028376e+02
2.468724211454391479e+02 -8.000859714113175869e+00 1.948443672154098749e+02
2.478305596113204956e+02 -8.022228312678635120e+00 1.950354031417518854e+02
2.487838755249977112e+02 -8.042151133529841900e+00 1.952541039083153009e+02
2.497396488785743713e+02 -8.058939062990248203e+00 1.954641561005264521e+02
2.506733042597770691e+02 -8.074626251123845577e+00 1.956842832062393427e+02
2.516078312993049622e+02 -8.097576388157904148e+00 1.958595702145248652e+02
2.524900130629539490e+02 -8.108846119605004787e+00 1.960179967377334833e+02
2.533748425841331482e+02 -8.135072709061205387e+00 1.961535417530685663e+02
2.542358507513999939e+02 -8.162316673435270786e+00 1.962895945403724909e+02
2.550053635239601135e+02 -8.191016512922942638e+00 1.964498847816139460e+02
2.558112420439720154e+02 -8.223418544046580791e+00 1.966505661103874445e+02
2.565921595096588135e+02 -8.254033266566693783e+00 1.968482671473175287e+02
2.573496837615966797e+02 -8.278989254496991634e+00 1.970602716896682978e+02
2.581135895252227783e+02 -8.307511719875037670e+00 1.972811839077621698e+02
2.589346883893013000e+02 -8.337127230130136013e+00 1.974483193848282099e+02
2.597717131376266479e+02 -8.361950778402388096e+00 1.975943643543869257e+02
2.606106274724006653e+02 -8.382511145435273647e+00 1.977359193060547113e+02
2.614434500336647034e+02 -8.399089270271360874e+00 1.978720510695129633e+02
2.622528463006019592e+02 -8.413362565450370312e+00 1.980305187199264765e+02
2.630717453956604004e+02 -8.425280463881790638e+00 1.981806401107460260e+02
2.639235894083976746e+02 -8.437991122715175152e+00 1.983596829865127802e+02
2.646949955821037292e+02 -8.447574947960674763e+00 1.985259236190468073e+02
2.655038492679595947e+02 -8.459640289656817913e+00 1.986867965552955866e+02
2.663399214744567871e+02 -8.483166120015084743e+00 1.988395116422325373e+02
2.671648687124252319e+02 -8.505154573358595371e+00 1.990473101828247309e+02
2.680386844277381897e+02 -8.527089896611869335e+00 1.992298526261001825e+02
2.688698613047599792e+02 -8.553845589049160480e+00 1.994262801501899958e+02
2.697609223723411560e+02 -8.587572638876736164e+00 1.995974867437034845e+02
2.706520649790763855e+02 -8.613690129481256008e+00 1.997209151480346918e+02
2.715225670933723450e+02 -8.639179580844938755e+00 1.998299954626709223e+02
2.723882868885993958e+02 -8.667488838545978069e+00 1.999735496137291193e+02
2.732558332085609436e+02 -8.691908483393490314e+00 2.000971608851104975e+02
2.741898744106292725e+02 -8.713709949515759945e+00 2.002208242509514093e+02
2.751750206947326660e+02 -8.733495519496500492e+00 2.002945209238678217e+02
2.761699193716049194e+02 -8.760486374609172344e+00 2.003689068648964167e+02
2.771656603217124939e+02 -8.799658986739814281e+00 2.003998877517879009e+02
2.780960078835487366e+02 -8.842423546127974987e+00 2.004288603197783232e+02
2.790287642478942871e+02 -8.882344502024352551e+00 2.005032076966017485e+02
2.799153252243995667e+02 -8.917749891988933086e+00 2.005586531292647123e+02
2.807647497653961182e+02 -8.945185749791562557e+00 2.006278178822249174e+02
2.816674511432647705e+02 -8.984790860675275326e+00 2.006608832012861967e+02
2.826003156900405884e+02 -9.021741329692304134e+00 2.006899127513170242e+02
2.835915513038635254e+02 -9.060388839803636074e+00 2.007670443207025528e+02
2.846589826345443726e+02 -9.126959159038960934e+00 2.007936171460896730e+02
2.856685342788696289e+02 -9.160656793974339962e+00 2.008521221447736025e+02
2.866788954734802246e+02 -9.190268908627331257e+00 2.008359220214188099e+02
2.876819473505020142e+02 -9.206510870717465878e+00 2.008504563178867102e+02
2.887417494058609009e+02 -9.222640589810907841e+00 2.008600395545363426e+02
2.897318656444549561e+02 -9.249742555432021618e+00 2.008936137184500694e+02
2.907672406435012817e+02 -9.279543784447014332e+00 2.009004205707460642e+02
2.917114301323890686e+02 -9.288244700990617275e+00 2.009063202999532223e+02
2.925569074749946594e+02 -9.302352943457663059e+00 2.009078387897461653e+02
2.933998024463653564e+02 -9.323823894374072552e+00 2.009498257916420698e+02
2.942413994073867798e+02 -9.349826243706047535e+00 2.009832060020416975e+02
2.950601578354835510e+02 -9.372952937148511410e+00 2.009783336222171783e+02
2.960366564393043518e+02 -9.404455452226102352e+00 2.009982018787413836e+02
2.970227895379066467e+02 -9.421684079803526402e+00 2.009888409711420536e+02
2.979878217577934265e+02 -9.458340362645685673e+00 2.009345732070505619e+02
2.989832311272621155e+02 -9.493423850275576115e+00 2.008776701427996159e+02
2.999044280648231506e+02 -9.524213078431785107e+00 2.007659343220293522e+02
3.008543691635131836e+02 -9.562220911495387554e+00 2.006961064673960209e+02
3.018300396800041199e+02 -9.597589637152850628e+00 2.006213261820375919e+02
3.027688550353050232e+02 -9.629824380390346050e+00 2.005911932345479727e+02
3.037248052954673767e+02 -9.655585591681301594e+00 2.004890320654958487e+02
3.046849811673164368e+02 -9.682131699286401272e+00 2.003520381804555655e+02
3.056676008105278015e+02 -9.706378431059420109e+00 2.002568585034459829e+02
3.066283260583877563e+02 -9.733342292718589306e+00 2.001789780016988516e+02
3.075882949829101562e+02 -9.766110743395984173e+00 2.001254359241575003e+02
3.085264942646026611e+02 -9.807198326103389263e+00 2.000311549659818411e+02
3.094451789855957031e+02 -9.840691450051963329e+00 1.999611410852521658e+02
3.103548303246498108e+02 -9.876884180121123791e+00 1.999181189890950918e+02
3.113282225728034973e+02 -9.923431153409183025e+00 1.998441524263471365e+02
3.123051433563232422e+02 -9.971025700680911541e+00 1.997612746711820364e+02
3.132916303873062134e+02 -1.000891644787043333e+01 1.997713353410363197e+02
3.142457113265991211e+02 -1.004231260251253843e+01 1.998011188898235559e+02
3.152001655697822571e+02 -1.008195490669459105e+01 1.998080001883208752e+02
3.161590461730957031e+02 -1.012456122320145369e+01 1.998484723977744579e+02
3.170921557545661926e+02 -1.016916349064558744e+01 1.999038607291877270e+02
3.180279537439346313e+02 -1.022282448690384626e+01 1.999337015580385923e+02
3.189284822940826416e+02 -1.026820654701441526e+01 1.999800635408610106e+02
3.199076535105705261e+02 -1.033475169818848372e+01 1.999584647268056870e+02
3.208290027379989624e+02 -1.039908380340784788e+01 1.999183586686849594e+02
3.217574566006660461e+02 -1.046075846534222364e+01 1.998809391707181931e+02
3.227112088203430176e+02 -1.051409249287098646e+01 1.998373866528272629e+02
3.237097508907318115e+02 -1.057842453103512526e+01 1.998080112207680941e+02
3.247673550844192505e+02 -1.064229752402752638e+01 1.997296981681138277e+02
3.257609788775444031e+02 -1.069675795268267393e+01 1.996839912999421358e+02
3.267561611533164978e+02 -1.076120285224169493e+01 1.996162186134606600e+02
3.277435695528984070e+02 -1.081357094924896955e+01 1.995810789931565523e+02
3.287591156363487244e+02 -1.087656146567314863e+01 1.995390658844262362e+02
3.297909985184669495e+02 -1.093571859877556562e+01 1.995397487767040730e+02
3.308149806857109070e+02 -1.098575179558247328e+01 1.995614648964256048e+02
3.317654482126235962e+02 -1.103653795551508665e+01 1.996185730006545782e+02
3.326433765292167664e+02 -1.107802041154354811e+01 1.996927620079368353e+02
3.335188662409782410e+02 -1.112453177105635405e+01 1.997398733999580145e+02
3.343960161209106445e+02 -1.117258890997618437e+01 1.997732388284057379e+02
3.352941231727600098e+02 -1.122002389561384916e+01 1.997992719337344170e+02
3.362106456756591797e+02 -1.127086276095360518e+01 1.998376435562968254e+02
3.370874515175819397e+02 -1.131953630875796080e+01 1.998744928166270256e+02
3.379503889083862305e+02 -1.136128434073179960e+01 1.999078370854258537e+02
3.388090113997459412e+02 -1.140624181460589170e+01 1.999270337764173746e+02
3.397124314904212952e+02 -1.145436662714928389e+01 1.999648011866956949e+02
3.406567873358726501e+02 -1.150499758403748274e+01 1.999839060865342617e+02
3.415488448739051819e+02 -1.154618479590862989e+01 2.000106205325573683e+02
3.424092835783958435e+02 -1.158621534984558821e+01 2.000419909339398146e+02
3.432523167729377747e+02 -1.162156004738062620e+01 2.000776107292622328e+02
3.440282855033874512e+02 -1.164842311013489962e+01 2.000847155451774597e+02
3.447681520581245422e+02 -1.167492164578288794e+01 2.001272988319396973e+02
3.454740692377090454e+02 -1.169619948882609606e+01 2.001338197011500597e+02
3.460206768512725830e+02 -1.171849046554416418e+01 2.001543046273291111e+02
3.464962155222892761e+02 -1.173978513199836016e+01 2.001685206349939108e+02
3.468990432024002075e+02 -1.176094308961182833e+01 2.002140759285539389e+02
3.473046745061874390e+02 -1.178213939908891916e+01 2.002441701963543892e+02
3.477758594155311584e+02 -1.180211906228214502e+01 2.002817343547940254e+02
3.481824820637702942e+02 -1.182032156828790903e+01 2.003359790816903114e+02
3.486273822784423828e+02 -1.183181806374341249e+01 2.003674957528710365e+02
3.489746763706207275e+02 -1.184267389681190252e+01 2.004375732317566872e+02
3.493541243672370911e+02 -1.185752971563488245e+01 2.005384679511189461e+02
3.498014693856239319e+02 -1.188229739572852850e+01 2.006468840315937996e+02
3.502680652141571045e+02 -1.190362539235502481e+01 2.007730039432644844e+02
3.508189954757690430e+02 -1.192330126930028200e+01 2.008909283056855202e+02
3.514059308767318726e+02 -1.193915411364287138e+01 2.010467300191521645e+02
3.519315450191497803e+02 -1.196053382474929094e+01 2.011409379616379738e+02
3.524973810315132141e+02 -1.198541673179715872e+01 2.012706559076905251e+02
3.530030396580696106e+02 -1.201499529276043177e+01 2.013606589809060097e+02
3.536177556514739990e+02 -1.204176318552345037e+01 2.014126802459359169e+02
3.542203185558319092e+02 -1.206178883556276560e+01 2.014728244319558144e+02
3.547901727557182312e+02 -1.207824037875980139e+01 2.015441947951912880e+02
3.555717797279357910e+02 -1.211690595280379057e+01 2.016200158968567848e+02
3.563091338872909546e+02 -1.214025418926030397e+01 2.017022437229752541e+02
3.571897665858268738e+02 -1.216529755946248770e+01 2.017884147539734840e+02
3.581021916270256042e+02 -1.218784249853342772e+01 2.018636699095368385e+02
3.590197384953498840e+02 -1.220659905578941107e+01 2.019660276547074318e+02
3.599032478332519531e+02 -1.223500480037182570e+01 2.020585123077034950e+02
3.608434468507766724e+02 -1.226228708308190107e+01 2.021343903318047523e+02
3.617922384738922119e+02 -1.229287083353847265e+01 2.022077521458268166e+02
3.626793206930160522e+02 -1.232113492023199797e+01 2.022846037521958351e+02
3.635402373671531677e+02 -1.235780769120901823e+01 2.023877990618348122e+02
3.642877606749534607e+02 -1.238423662539571524e+01 2.024179846439510584e+02
3.651383227705955505e+02 -1.240747143048793077e+01 2.024877856764942408e+02
3.660551970601081848e+02 -1.242371022608131170e+01 2.026176417265087366e+02
3.669586547017097473e+02 -1.245760553982108831e+01 2.027005129847675562e+02
3.678310182690620422e+02 -1.248655606526881456e+01 2.027747997436672449e+02
3.686960376501083374e+02 -1.251532899308949709e+01 2.027672647051513195e+02
3.695680431723594666e+02 -1.253891827818006277e+01 2.027944277953356504e+02
3.704774712324142456e+02 -1.256313734222203493e+01 2.027962012737989426e+02
3.714374607205390930e+02 -1.259374007675796747e+01 2.027973404992371798e+02
3.724038987755775452e+02 -1.263393553439527750e+01 2.027869680412113667e+02
3.733922660946846008e+02 -1.267023670021444559e+01 2.028031322862952948e+02
3.743305823206901550e+02 -1.270222823414951563e+01 2.028070699498057365e+02
3.752578709721565247e+02 -1.273753393534570932e+01 2.028059552256017923e+02
3.762101462483406067e+02 -1.277279004547744989e+01 2.027852619253098965e+02
3.771417056322097778e+02 -1.281114959809929132e+01 2.028069676142185926e+02
3.781029313802719116e+02 -1.284332220349460840e+01 2.028257904052734375e+02
3.790711230039596558e+02 -1.286921297293156385e+01 2.028343577999621630e+02
3.800967000722885132e+02 -1.289488456863909960e+01 2.029210831541568041e+02
3.810382162332534790e+02 -1.292653877008706331e+01 2.029531724471598864e+02
3.819504831433296204e+02 -1.294476435240358114e+01 2.030538572687655687e+02
3.828032400608062744e+02 -1.298451231326907873e+01 2.031661064047366381e+02
3.836041336655616760e+02 -1.302348894532769918e+01 2.032108867187052965e+02
3.842282410264015198e+02 -1.305969513114541769e+01 2.031671088952571154e+02
3.849563618302345276e+02 -1.310188452061265707e+01 2.031776696480810642e+02
3.856284717321395874e+02 -1.313275379035621881e+01 2.032376940287649632e+02
3.863476298451423645e+02 -1.317083155456930399e+01 2.032907518185675144e+02
3.870750951170921326e+02 -1.320575644169002771e+01 2.032939812000840902e+02
3.879203300476074219e+02 -1.323994568083435297e+01 2.033799919541925192e+02
3.888372595310211182e+02 -1.328061921242624521e+01 2.034548908527940512e+02
3.897463529109954834e+02 -1.332196688372641802e+01 2.035169653352349997e+02
3.907324475049972534e+02 -1.336258121300488710e+01 2.036311059650033712e+02
3.917353829145431519e+02 -1.340359466616064310e+01 2.037119910176843405e+02
3.927461051940917969e+02 -1.344325910601764917e+01 2.037894337829202414e+02
3.937487010955810547e+02 -1.348382209334522486e+01 2.038379577454179525e+02
3.947756772041320801e+02 -1.353251836542040110e+01 2.038637542799115181e+02
3.957429133653640747e+02 -1.358315008226782084e+01 2.038817273471504450e+02
3.967245978116989136e+02 -1.365079838130623102e+01 2.039248012993484735e+02
3.977020698785781860e+02 -1.369574301037937403e+01 2.039896364901214838e+02
3.986583282351493835e+02 -1.371876863297075033e+01 2.040348004791885614e+02
3.996215987801551819e+02 -1.375155597086995840e+01 2.041116077993065119e+02
4.006588050723075867e+02 -1.379695524182170630e+01 2.042247068379074335e+02
4.016501240730285645e+02 -1.384729392733424902e+01 2.043241691682487726e+02
4.023285127282142639e+02 -1.388307531084865332e+01 2.043997641298919916e+02
4.029528797864913940e+02 -1.389933398459106684e+01 2.045477809403091669e+02
4.036395975947380066e+02 -1.392980343382805586e+01 2.046658609602600336e+02
4.044019812345504761e+02 -1.396322459261864424e+01 2.047604765389114618e+02
4.051855498552322388e+02 -1.399430310446768999e+01 2.048600282762199640e+02
4.058160737156867981e+02 -1.401712441351264715e+01 2.049662631843239069e+02
4.065527220964431763e+02 -1.404452058020979166e+01 2.050465337131172419e+02
4.074716901779174805e+02 -1.408555870596319437e+01 2.051908947918564081e+02
4.084305540323257446e+02 -1.412350709829479456e+01 2.053082550857216120e+02
4.093966958522796631e+02 -1.415859579388052225e+01 2.054185382816940546e+02
4.103869882822036743e+02 -1.419068203959614038e+01 2.054994930718094110e+02
4.113054497241973877e+02 -1.422310517076402903e+01 2.055884510371834040e+02
4.121814712285995483e+02 -1.424267282243818045e+01 2.056805757377296686e+02
4.130322329401969910e+02 -1.427274314407259226e+01 2.057974287364631891e+02
4.139319697022438049e+02 -1.429688110295683146e+01 2.059167816136032343e+02
4.148430864214897156e+02 -1.431862615328282118e+01 2.060254367087036371e+02
4.157604758739471436e+02 -1.433300371002405882e+01 2.061650878880172968e+02
4.166585810780525208e+02 -1.435128505993634462e+01 2.063415958974510431e+02
4.176173729896545410e+02 -1.437822597939521074e+01 2.065130516383796930e+02
4.185625568628311157e+02 -1.440522121917456388e+01 2.066680350396782160e+02
4.195510504841804504e+02 -1.441872722748667002e+01 2.068288203570991755e+02
4.205054324269294739e+02 -1.443231889884918928e+01 2.070096405837684870e+02
4.215221559405326843e+02 -1.445433336962014437e+01 2.071542584393173456e+02
4.224840071797370911e+02 -1.447157936077564955e+01 2.072926541659981012e+02
4.235457951426506042e+02 -1.452249802928417921e+01 2.073987339232116938e+02
4.246067994236946106e+02 -1.455900600831955671e+01 2.075314614269882441e+02
4.255543590188026428e+02 -1.458606469538062811e+01 2.077298423144966364e+02
4.264104465246200562e+02 -1.461045966390520334e+01 2.079773233029991388e+02
4.273637704253196716e+02 -1.462790199276059866e+01 2.082646084520965815e+02
4.281772463321685791e+02 -1.464118745643645525e+01 2.084570112917572260e+02
4.289836940765380859e+02 -1.466069111507385969e+01 2.086718186233192682e+02
4.297727071642875671e+02 -1.467474380973726511e+01 2.088860539887100458e+02
4.306822866201400757e+02 -1.469005256984382868e+01 2.091386839244514704e+02
4.314622681140899658e+02 -1.470962146576493979e+01 2.094011854026466608e+02
4.322285590171813965e+02 -1.473575663100928068e+01 2.096925923321396112e+02
4.330815640687942505e+02 -1.475911125633865595e+01 2.099870632980018854e+02
4.339644159078598022e+02 -1.477763959299772978e+01 2.102615035269409418e+02
4.348504436016082764e+02 -1.479930608440190554e+01 2.105470822546631098e+02
4.358405680656433105e+02 -1.484767421055585146e+01 2.108190647456794977e+02
4.368241800665855408e+02 -1.489302495587617159e+01 2.110621438715606928e+02
4.376647551059722900e+02 -1.493161742109805346e+01 2.113166763875633478e+02
4.386302565336227417e+02 -1.498665518034249544e+01 2.115313676092773676e+02
4.396335470676422119e+02 -1.503272800613194704e+01 2.118069918844848871e+02
4.406296236515045166e+02 -1.507725754100829363e+01 2.120544375870376825e+02
4.414830316901206970e+02 -1.513692092616111040e+01 2.123206785414367914e+02
4.424666047692298889e+02 -1.516758477780967951e+01 2.125893466565757990e+02
4.433615402579307556e+02 -1.518329105805605650e+01 2.128565355036407709e+02
4.441765274405479431e+02 -1.520124770421534777e+01 2.130942075941711664e+02
4.449724267125129700e+02 -1.522755554970353842e+01 2.133576884362846613e+02
4.457280845642089844e+02 -1.525200624857097864e+01 2.135795264337211847e+02
4.465304604768753052e+02 -1.527489013131707907e+01 2.138271120879799128e+02
4.473141933083534241e+02 -1.529489952418953180e+01 2.140716637466102839e+02
4.482608266472816467e+02 -1.533554861042648554e+01 2.143466838095337152e+02
4.491779132485389709e+02 -1.535922407638281584e+01 2.146394657585769892e+02
4.501008324027061462e+02 -1.539276255201548338e+01 2.149050932023674250e+02
4.510879526734352112e+02 -1.542300475109368563e+01 2.151677879784256220e+02
4.521484071612358093e+02 -1.545929391402751207e+01 2.154013505075126886e+02
4.531609904170036316e+02 -1.550402950216084719e+01 2.156502126548439264e+02
4.541268723607063293e+02 -1.554853433836251497e+01 2.159344161842018366e+02
4.550682562589645386e+02 -1.558910997677594423e+01 2.162004044149070978e+02
4.560583031177520752e+02 -1.563018317241221666e+01 2.164374905917793512e+02
4.571695464849472046e+02 -1.567064477968961000e+01 2.167338116858154535e+02
4.581982284784317017e+02 -1.571435659844428301e+01 2.170216272566467524e+02
4.592049307823181152e+02 -1.576195685286074877e+01 2.172980237696319818e+02
4.602016087770462036e+02 -1.581087399739772081e+01 2.175596149656921625e+02
4.611459264755249023e+02 -1.586318371910601854e+01 2.177762445900589228e+02
4.620328919291496277e+02 -1.591839728225022554e+01 2.180145431254059076e+02
4.628743676543235779e+02 -1.596964779216796160e+01 2.182590677831321955e+02
4.636895310878753662e+02 -1.601590964663773775e+01 2.184722712729126215e+02
4.644076515436172485e+02 -1.605967300105839968e+01 2.186902284715324640e+02
4.649971814155578613e+02 -1.609988165367394686e+01 2.188921570871025324e+02
4.656523027420043945e+02 -1.614698548335582018e+01 2.191118529532104731e+02
4.663258456587791443e+02 -1.619667900074273348e+01 2.193580539319664240e+02
4.670703995227813721e+02 -1.623749187309294939e+01 2.195922206137329340e+02
4.678656442761421204e+02 -1.626198488380759954e+01 2.198713499996811152e+02
4.687766366004943848e+02 -1.630737183894962072e+01 2.201091046426445246e+02
4.696524049639701843e+02 -1.634655392821878195e+01 2.203409838769584894e+02
4.705781990885734558e+02 -1.639499844517558813e+01 2.205639851186424494e+02
4.714580875039100647e+02 -1.644147954788058996e+01 2.207771504018455744e+02
4.723005394339561462e+02 -1.648540583904832602e+01 2.210360830519348383e+02
4.731733633875846863e+02 -1.652406968083232641e+01 2.212973429057747126e+02
4.740593914389610291e+02 -1.655829559173434973e+01 2.215655392501503229e+02
4.749613201618194580e+02 -1.660005894210189581e+01 2.218472637031227350e+02
4.759261679649353027e+02 -1.664073915686458349e+01 2.221367595288902521e+02
4.769560997486114502e+02 -1.669797026272863150e+01 2.224082892034202814e+02
4.779420036673545837e+02 -1.674426825996488333e+01 2.226979627702385187e+02
4.788547331094741821e+02 -1.678778605815023184e+01 2.230086767766624689e+02
4.798405538797378540e+02 -1.683464468922466040e+01 2.232776823733001947e+02
4.809125161170959473e+02 -1.688335805293172598e+01 2.234922821018844843e+02
4.818698354363441467e+02 -1.693577276822179556e+01 2.236973567698150873e+02
4.828229169249534607e+02 -1.699507685657590628e+01 2.238765553925186396e+02
4.837613948583602905e+02 -1.703268135990947485e+01 2.240359826777130365e+02
4.847533576488494873e+02 -1.707825692649930716e+01 2.241886701676994562e+02
4.857127026915550232e+02 -1.711844050791114569e+01 2.243570144269615412e+02
4.867125452756881714e+02 -1.715603525098413229e+01 2.245321368072181940e+02
4.877105801105499268e+02 -1.719113822933286428e+01 2.247441243622452021e+02
4.886710455417633057e+02 -1.722323742788285017e+01 2.249746139142662287e+02
4.896552755832672119e+02 -1.724764414038509130e+01 2.251709173414856195e+02
4.906411286592483521e+02 -1.727720672730356455e+01 2.253987968061119318e+02
4.916654955148696899e+02 -1.730800034012645483e+01 2.256115145180374384e+02
4.926134306192398071e+02 -1.732404265459626913e+01 2.258222280237823725e+02
4.935439660549163818e+02 -1.734258494805544615e+01 2.260691383574157953e+02
4.944602905511856079e+02 -1.735814196523278952e+01 2.263235087487846613e+02
4.953722542524337769e+02 -1.737253131810575724e+01 2.266065921876579523e+02
4.963233591318130493e+02 -1.739662844594568014e+01 2.268821706268936396e+02
4.972209593057632446e+02 -1.741780606750398874e+01 2.271487060282379389e+02
4.981572507023811340e+02 -1.744380726199597120e+01 2.274101223442703485e+02
4.990463283658027649e+02 -1.745525766257196665e+01 2.276383465025573969e+02
4.999410861730575562e+02 -1.748184650670737028e+01 2.278678083512932062e+02
5.008092337250709534e+02 -1.751556612830609083e+01 2.281420509908348322e+02
5.017042211890220642e+02 -1.755176542233675718e+01 2.284248356912285089e+02
5.025874237418174744e+02 -1.758573572617024183e+01 2.286779537294059992e+02
5.034294778704643250e+02 -1.761441902164369822e+01 2.289183359239250422e+02
5.042210602164268494e+02 -1.765620987955480814e+01 2.291573131773620844e+02
5.049547051191329956e+02 -1.769136091414839029e+01 2.293856518957763910e+02
5.056868726611137390e+02 -1.772069753985852003e+01 2.296024729106575251e+02
5.064262996315956116e+02 -1.775098964851349592e+01 2.298233612868934870e+02
5.072001214623451233e+02 -1.778238329570740461e+01 2.300262543056160212e+02
5.079652922749519348e+02 -1.781520214211195707e+01 2.302426498029381037e+02
5.087274289131164551e+02 -1.784851248096674681e+01 2.304634420368820429e+02
5.094722188115119934e+02 -1.788360956590622663e+01 2.306756588909775019e+02
5.101859388947486877e+02 -1.791393898893147707e+01 2.308943426106125116e+02
5.109564824104309082e+02 -1.795640837121754885e+01 2.311115112993866205e+02
5.116417742967605591e+02 -1.798734071757644415e+01 2.313355025742202997e+02
5.124280467033386230e+02 -1.801991275604814291e+01 2.315287714097648859e+02
5.131443328261375427e+02 -1.804725016746670008e+01 2.317837024126201868e+02
5.138162794113159180e+02 -1.807287305872887373e+01 2.320518673453480005e+02
5.144558735489845276e+02 -1.809728891123086214e+01 2.323254916165024042e+02
5.150761391520500183e+02 -1.811750732269138098e+01 2.326135403607040644e+02
5.157525171041488647e+02 -1.814654567930847406e+01 2.328757314775139093e+02
5.164635977149009705e+02 -1.818516349140554667e+01 2.331666394267231226e+02
5.170708536505699158e+02 -1.822731960657984018e+01 2.334517752323299646e+02
5.177565677762031555e+02 -1.827274826262146235e+01 2.337271837387233973e+02
5.184076752066612244e+02 -1.831883470807224512e+01 2.339983269367367029e+02
5.190666077733039856e+02 -1.836764305923134089e+01 2.342629161868244410e+02
5.197792868018150330e+02 -1.840047620330005884e+01 2.345525886211544275e+02
5.205226038098335266e+02 -1.843002140801399946e+01 2.348295571003109217e+02
5.212977584004402161e+02 -1.845930134225636721e+01 2.351146441493183374e+02
5.220544441938400269e+02 -1.848786289151757956e+01 2.353724400792270899e+02
5.228258014917373657e+02 -1.852119866665452719e+01 2.355825779233127832e+02
5.235714048147201538e+02 -1.854862206522375345e+01 2.358009770307689905e+02
5.243054352998733521e+02 -1.858149139676243067e+01 2.360287862811237574e+02
5.250818983912467957e+02 -1.862004470173269510e+01 2.362693330440670252e+02
5.258668422102928162e+02 -1.865576506499201059e+01 2.365349780712276697e+02
5.266350644826889038e+02 -1.869175549689680338e+01 2.367887430582195520e+02
5.273717718720436096e+02 -1.872885526809841394e+01 2.370541710052639246e+02
5.281246214509010315e+02 -1.875832023750990629e+01 2.373016783390194178e+02
5.287940725088119507e+02 -1.878955419827252626e+01 2.375430788192898035e+02
5.295074726343154907e+02 -1.882309839595109224e+01 2.378118226919323206e+02
5.303075730800628662e+02 -1.885295782890170813e+01 2.380503970179706812e+02
5.311200829148292542e+02 -1.888359579537063837e+01 2.383274056110531092e+02
5.318920354843139648e+02 -1.891356609296053648e+01 2.386052433643490076e+02
5.326252894401550293e+02 -1.894367369730025530e+01 2.389145360980182886e+02
5.333290930986404419e+02 -1.897440409567207098e+01 2.391918380651623011e+02
5.340598881244659424e+02 -1.900257732812315226e+01 2.394555569086223841e+02
5.348575335741043091e+02 -1.904472524765878916e+01 2.397088503036648035e+02
5.357092616558074951e+02 -1.909350541327148676e+01 2.399350542221218348e+02
5.365635250806808472e+02 -1.913367290887981653e+01 2.401508238706737757e+02
5.374459440708160400e+02 -1.917835119459778070e+01 2.403719167504459620e+02
5.382939929366111755e+02 -1.921592981461435556e+01 2.405907932911068201e+02
5.392016735672950745e+02 -1.925813980493694544e+01 2.408236499223858118e+02
5.401229010820388794e+02 -1.930173578206449747e+01 2.410543774161487818e+02
5.410327689647674561e+02 -1.934032323304563761e+01 2.413146107587963343e+02
5.418471964597702026e+02 -1.937766289059072733e+01 2.415528461132198572e+02
5.425486916303634644e+02 -1.940921635273844004e+01 2.418407315406948328e+02
5.433411790132522583e+02 -1.945502844545990229e+01 2.420992922578006983e+02
5.441283383369445801e+02 -1.950089204404503107e+01 2.423808089289814234e+02
5.447978416085243225e+02 -1.954681924823671579e+01 2.427159121427685022e+02
5.454043709635734558e+02 -1.959504283312708139e+01 2.430790308509021997e+02
5.459765425324440002e+02 -1.962990347389131784e+01 2.434190399739891291e+02
5.464494223594665527e+02 -1.965323505830019712e+01 2.438059286568313837e+02
5.469041266441345215e+02 -1.967874195892363787e+01 2.441448017451912165e+02
5.473658287525177002e+02 -1.970607666578143835e+01 2.445346594844013453e+02
5.478683139085769653e+02 -1.973729990515857935e+01 2.450035134647041559e+02
5.483695286512374878e+02 -1.976946845743805170e+01 2.453992792461067438e+02
5.489093132019042969e+02 -1.980088321957737207e+01 2.456989954207092524e+02
5.494105101227760315e+02 -1.983460942748934031e+01 2.460224571321159601e+02
5.498897719979286194e+02 -1.986825468484312296e+01 2.464385787341743708e+02
5.503069410324096680e+02 -1.989630461763590574e+01 2.467217739615589380e+02
5.508088447451591492e+02 -1.992951530497521162e+01 2.470081485901027918e+02
5.514167089462280273e+02 -1.996232112031430006e+01 2.472880875263363123e+02
5.520217280387878418e+02 -1.998910812009125948e+01 2.475383297596126795e+02
5.526298967599868774e+02 -2.001581200119107962e+01 2.477199433241039515e+02
5.532437831759452820e+02 -2.005331765022128820e+01 2.478514838609844446e+02
5.539107252955436707e+02 -2.009446847345679998e+01 2.480137649569660425e+02
5.545977457761764526e+02 -2.013978318776935339e+01 2.481741783414036036e+02
5.552505121231079102e+02 -2.017782859411090612e+01 2.483495322261005640e+02
5.558280358910560608e+02 -2.020597647968679667e+01 2.485028413925319910e+02
5.563751789331436157e+02 -2.023882750514894724e+01 2.486466667447239161e+02
5.569746427536010742e+02 -2.026770019065588713e+01 2.487787164244800806e+02
5.575462679266929626e+02 -2.030246071051806211e+01 2.489084577355533838e+02
5.580692543387413025e+02 -2.034003386925905943e+01 2.490482901129871607e+02
5.585064638853073120e+02 -2.037327545415610075e+01 2.492457762751728296e+02
5.589868412613868713e+02 -2.040689505916088820e+01 2.494504207763820887e+02
5.593958083391189575e+02 -2.043769718427211046e+01 2.496758127007633448e+02
5.597593275308609009e+02 -2.046759479399770498e+01 2.499569543991237879e+02
5.601169696450233459e+02 -2.049643610510975122e+01 2.502437023017555475e+02
5.604740145206451416e+02 -2.051801133435219526e+01 2.505081004593521357e+02
5.608011683225631714e+02 -2.053634528536349535e+01 2.507984828744083643e+02
5.610844534039497375e+02 -2.056333355884999037e+01 2.510955896470695734e+02
5.613511239886283875e+02 -2.059139344934374094e+01 2.513866323027759790e+02
5.616243934631347656e+02 -2.061623922828584909e+01 2.517040821406990290e+02
5.619372730255126953e+02 -2.064139844942837954e+01 2.520482980106025934e+02
5.622795382142066956e+02 -2.066783407982438803e+01 2.524016074035316706e+02
5.625783743262290955e+02 -2.069172097276896238e+01 2.527309964094310999e+02
5.629174821376800537e+02 -2.071832404378801584e+01 2.530541463587433100e+02
5.632518560290336609e+02 -2.074139337893575430e+01 2.534032065961509943e+02
5.635876387357711792e+02 -2.076078152190893888e+01 2.537734428737312555e+02
5.639425845146179199e+02 -2.077818910125643015e+01 2.541973770949989557e+02
5.642488150596618652e+02 -2.079531500022858381e+01 2.545859498176723719e+02
5.646227896809577942e+02 -2.081229326222091913e+01 2.549975059125572443e+02
5.649960526823997498e+02 -2.083882740419358015e+01 2.554178480003029108e+02
5.653355271816253662e+02 -2.086315066087990999e+01 2.558722342047840357e+02
5.657083250880241394e+02 -2.088915826659649611e+01 2.562920292410999537e+02
5.660453662276268005e+02 -2.091309698391705751e+01 2.566950610075145960e+02
5.663689407706260681e+02 -2.093291737791150808e+01 2.570803057942539454e+02
5.666937991380691528e+02 -2.095843748096376657e+01 2.574543360266834497e+02
5.669923958778381348e+02 -2.098712899815291166e+01 2.578449177239090204e+02
