-1.101101999999999984e-02 -1.712164000000000047e-02 9.617129999999999290e-01
-1.699528999999999970e-02 -3.304158000000000095e-02 1.924884999999999957e+00
-3.106702000000000075e-02 -6.341853000000000073e-02 2.888053999999999899e+00
-4.462738000000000121e-02 -9.503620999999999597e-02 3.848312000000000399e+00
-5.337241999999999681e-02 -1.222173000000000009e-01 4.806550999999999796e+00
-6.458548999999999540e-02 -1.448704999999999854e-01 5.738958000000000226e+00
-7.542791999999999553e-02 -1.535672999999999899e-01 6.676394999999999413e+00
-8.936428999999999900e-02 -1.678813999999999862e-01 7.606157000000000501e+00
-1.013034000000000018e-01 -1.791660999999999948e-01 8.535486000000000573e+00
-1.141317000000000026e-01 -1.865847999999999951e-01 9.465867999999998617e+00
-1.275573999999999875e-01 -1.916301000000000254e-01 1.038891999999999882e+01
-1.421945000000000014e-01 -1.997184999999999933e-01 1.133952000000000027e+01
-1.548812999999999995e-01 -2.155601000000000045e-01 1.222344999999999970e+01
-1.693122999999999712e-01 -2.354857999999999674e-01 1.313325000000000031e+01
-1.849062999999999957e-01 -2.602521999999999891e-01 1.404136000000000095e+01
-1.992846000000000062e-01 -2.760574000000000083e-01 1.494552000000000191e+01
-2.169482999999999828e-01 -2.851105999999999918e-01 1.584627000000000052e+01
-2.367130000000000067e-01 -2.933610000000000384e-01 1.674308999999999870e+01
-2.548521000000000258e-01 -2.982439000000000062e-01 1.763484000000000052e+01
-2.730779000000000400e-01 -3.044054999999999955e-01 1.852683999999999997e+01
-2.937432999999999850e-01 -3.138402000000000136e-01 1.941418999999999784e+01
-3.146034000000000330e-01 -3.236881999999999815e-01 2.029477999999999938e+01
-3.335669000000000550e-01 -3.220397999999999872e-01 2.116890000000000072e+01
-3.517749000000000015e-01 -3.205089000000000410e-01 2.203792999999999935e+01
-3.725489999999999635e-01 -3.172185000000000143e-01 2.290089000000000041e+01
-3.933684000000000069e-01 -3.159265999999999464e-01 2.375772999999999868e+01
-4.121035000000000115e-01 -3.140240999999999727e-01 2.461542999999999992e+01
-4.280327999999999355e-01 -3.057382999999999629e-01 2.544218000000000046e+01
-4.474023000000000305e-01 -2.988492000000000370e-01 2.626620999999999739e+01
-4.690774000000000332e-01 -2.930490000000000039e-01 2.708037000000000205e+01
-4.916229999999999767e-01 -2.934050999999999743e-01 2.787697000000000003e+01
-5.147234000000000531e-01 -2.982767000000000057e-01 2.866957000000000022e+01
-5.377286999999999484e-01 -3.030385999999999913e-01 2.945470999999999862e+01
-5.610501999999999434e-01 -3.024560999999999500e-01 3.022664999999999935e+01
-5.837096999999999980e-01 -2.893165999999999793e-01 3.099324999999999974e+01
-6.098826999999998888e-01 -2.849459999999999771e-01 3.175330999999999904e+01
-6.373473000000000610e-01 -2.859582000000000512e-01 3.249745000000000061e+01
-6.694970000000000088e-01 -2.913155000000000050e-01 3.323490000000000322e+01
-7.070281000000000482e-01 -2.980989000000000000e-01 3.396227999999999980e+01
-7.475971999999999618e-01 -3.011809000000000291e-01 3.470353000000000065e+01
-7.861230999999999636e-01 -3.012987000000000304e-01 3.539316999999999780e+01
-8.225011000000000960e-01 -2.935001999999999889e-01 3.608572999999999809e+01
-8.579745000000000843e-01 -2.845600999999999825e-01 3.677337999999999596e+01
-8.979841000000000628e-01 -2.829222000000000126e-01 3.744921000000000078e+01
-9.356939000000000783e-01 -2.753502999999999923e-01 3.811124000000000223e+01
-9.662440000000001028e-01 -2.643951999999999969e-01 3.876355000000000217e+01
-9.940684999999999105e-01 -2.590333000000000219e-01 3.940062999999999960e+01
-1.022966999999999960e+00 -2.546908999999999978e-01 4.003748000000000218e+01
-1.054570999999999925e+00 -2.561416000000000248e-01 4.068683000000000050e+01
-1.082779000000000158e+00 -2.559992999999999852e-01 4.129211000000000098e+01
-1.107346999999999859e+00 -2.542438999999999671e-01 4.189088999999999885e+01
-1.127462999999999882e+00 -2.504927000000000126e-01 4.247569000000000017e+01
-1.143224999999999936e+00 -2.472758999999999929e-01 4.304424999999999812e+01
-1.156522999999999968e+00 -2.461264999999999981e-01 4.359239000000000175e+01
-1.163695000000000146e+00 -2.463307000000000135e-01 4.411946999999999974e+01
-1.165310999999999986e+00 -2.460311000000000026e-01 4.462704999999999700e+01
-1.165281000000000011e+00 -2.401569000000000065e-01 4.511046999999999940e+01
-1.162119000000000124e+00 -2.348502000000000089e-01 4.557446999999999804e+01
-1.153911000000000131e+00 -2.368660999999999961e-01 4.601395000000000124e+01
-1.139704000000000050e+00 -2.380300999999999945e-01 4.643562000000000012e+01
-1.119110000000000049e+00 -2.395255999999999774e-01 4.683267000000000024e+01
-1.098157999999999967e+00 -2.391747000000000178e-01 4.720456000000000074e+01
-1.077741999999999978e+00 -2.387525000000000064e-01 4.756732000000000227e+01
-1.059487000000000068e+00 -2.404154000000000013e-01 4.787839999999999918e+01
-1.036132999999999971e+00 -2.443983999999999879e-01 4.817663999999999902e+01
-1.006262999999999908e+00 -2.532706000000000124e-01 4.845087999999999795e+01
-9.730963000000000251e-01 -2.607771999999999868e-01 4.871656000000000120e+01
-9.369556999999998359e-01 -2.675893000000000299e-01 4.897559000000000395e+01
-8.977461999999999387e-01 -2.734425000000000328e-01 4.923239000000000232e+01
-8.567415000000000447e-01 -2.805679999999999841e-01 4.948707999999999885e+01
-8.084309000000000633e-01 -2.860922000000000187e-01 4.974969999999999715e+01
-7.577116999999998770e-01 -2.915714000000000361e-01 4.998615000000000208e+01
-6.971579000000001081e-01 -2.967619000000000229e-01 5.023057999999999623e+01
-6.296550999999999121e-01 -3.022907999999999706e-01 5.047733000000000203e+01
-5.626253000000001059e-01 -3.067843000000000098e-01 5.070727000000000118e+01
-4.889210999999999419e-01 -3.117061999999999888e-01 5.094530000000000314e+01
-4.074937000000000142e-01 -3.179084999999999828e-01 5.118149000000000370e+01
-3.172191999999999790e-01 -3.255040999999999629e-01 5.142020000000000124e+01
-2.212448999999999943e-01 -3.340795999999999766e-01 5.165930000000000177e+01
-1.147140000000000104e-01 -3.439537000000000289e-01 5.190075000000000216e+01
2.735872000000000087e-04 -3.544958000000000276e-01 5.212982000000000227e+01
1.309526000000000023e-01 -3.642720999999999321e-01 5.235594999999999999e+01
2.760315999999999881e-01 -3.733939000000000563e-01 5.258044999999999902e+01
4.279778000000000193e-01 -3.824344999999999550e-01 5.280030999999999608e+01
5.907911000000000135e-01 -3.919067999999999996e-01 5.301900999999999442e+01
7.701079000000000674e-01 -4.025972999999999913e-01 5.324410999999999916e+01
9.652370000000001227e-01 -4.147600999999999649e-01 5.347279999999999944e+01
1.172293000000000029e+00 -4.302534000000000636e-01 5.369476999999999833e+01
1.401712000000000069e+00 -4.467404000000000375e-01 5.392680000000000007e+01
1.658261999999999903e+00 -4.647130999999999346e-01 5.415343000000000728e+01
1.946080000000000032e+00 -4.776399000000000616e-01 5.436894999999999811e+01
2.269728999999999886e+00 -4.777691000000000021e-01 5.458519000000000432e+01
2.612681000000000253e+00 -4.832194999999999685e-01 5.478988000000000369e+01
2.973762999999999934e+00 -4.792757999999999741e-01 5.498383000000000465e+01
3.359262999999999888e+00 -4.860891999999999991e-01 5.516956999999999312e+01
3.766144999999999854e+00 -4.913920999999999428e-01 5.533540999999999599e+01
4.198361000000000232e+00 -5.166195999999999566e-01 5.548395999999999617e+01
4.641416000000000430e+00 -5.396176999999999779e-01 5.561845000000000283e+01
5.103718999999999895e+00 -5.645923999999999943e-01 5.572143000000000512e+01
5.585536000000000278e+00 -5.957734999999999559e-01 5.580226999999999293e+01
6.088518999999999792e+00 -6.266795999999998923e-01 5.585616999999999877e+01
6.612371999999999694e+00 -6.532414000000000831e-01 5.590279999999999916e+01
7.126377000000000628e+00 -6.821308999999999845e-01 5.593789999999999907e+01
7.658630999999999744e+00 -7.242890000000000716e-01 5.595413000000000636e+01
8.209580000000000766e+00 -7.737851999999999508e-01 5.597135000000000105e+01
8.774943999999999633e+00 -8.137508000000001074e-01 5.597750999999999522e+01
9.351661000000000001e+00 -8.573790000000001132e-01 5.598323000000000604e+01
9.933246000000000464e+00 -9.020616000000000190e-01 5.598181999999999192e+01
1.053767000000000031e+01 -9.473739999999999384e-01 5.597984000000000293e+01
1.113753999999999955e+01 -9.965386999999998885e-01 5.597899999999999920e+01
1.175501000000000040e+01 -1.055254000000000136e+00 5.596303999999999945e+01
1.238276000000000110e+01 -1.117194000000000020e+00 5.592954000000000292e+01
1.302027000000000001e+01 -1.167977000000000043e+00 5.590304000000000428e+01
1.367307999999999879e+01 -1.217524000000000051e+00 5.588329999999999842e+01
1.433357000000000170e+01 -1.269537999999999833e+00 5.585851999999999862e+01
1.501321000000000083e+01 -1.317429000000000183e+00 5.582149000000000427e+01
1.569797999999999938e+01 -1.366117000000000026e+00 5.577900999999999954e+01
1.638717999999999719e+01 -1.417061000000000126e+00 5.574074000000000240e+01
1.708252000000000237e+01 -1.462354000000000154e+00 5.570318000000000325e+01
1.778472000000000008e+01 -1.502437000000000022e+00 5.567210000000000036e+01
1.850468000000000046e+01 -1.545745999999999842e+00 5.564300000000000068e+01
1.924155000000000015e+01 -1.593908000000000103e+00 5.561503000000000441e+01
1.997823999999999955e+01 -1.647724000000000188e+00 5.559026999999999674e+01
2.071281000000000105e+01 -1.696725000000000039e+00 5.556904000000000110e+01
2.143850000000000122e+01 -1.741686000000000067e+00 5.553688000000000358e+01
2.216713999999999984e+01 -1.787932000000000077e+00 5.551010999999999740e+01
2.290332000000000079e+01 -1.839075999999999933e+00 5.550536999999999210e+01
2.363215999999999894e+01 -1.895774999999999988e+00 5.550164000000000186e+01
2.437331000000000003e+01 -1.955800999999999901e+00 5.548454000000000264e+01
2.511163999999999774e+01 -2.008471000000000117e+00 5.546361999999999881e+01
2.583504999999999896e+01 -2.059391000000000194e+00 5.546180999999999983e+01
2.656805999999999912e+01 -2.113697000000000159e+00 5.547261999999999205e+01
2.730492000000000274e+01 -2.167613999999999930e+00 5.548963000000000534e+01
2.804412999999999911e+01 -2.226545999999999914e+00 5.549768000000000256e+01
2.877765000000000128e+01 -2.288672999999999735e+00 5.551026999999999845e+01
2.951232000000000255e+01 -2.343893000000000004e+00 5.552231999999999346e+01
3.024630000000000152e+01 -2.395400999999999669e+00 5.553620000000000090e+01
3.098559000000000196e+01 -2.445222000000000229e+00 5.554859000000000435e+01
3.172629999999999839e+01 -2.496112000000000108e+00 5.556188000000000216e+01
3.246495000000000175e+01 -2.537443000000000115e+00 5.558465999999999951e+01
3.320739999999999981e+01 -2.578227999999999742e+00 5.561348000000000269e+01
3.395100999999999658e+01 -2.620600999999999736e+00 5.563974999999999937e+01
3.469840999999999553e+01 -2.667715999999999976e+00 5.567315999999999576e+01
3.544252000000000180e+01 -2.711892999999999887e+00 5.570929999999999893e+01
3.619785000000000252e+01 -2.761384000000000061e+00 5.574855000000000160e+01
3.695092999999999961e+01 -2.812393000000000143e+00 5.578704000000000462e+01
3.770474000000000103e+01 -2.867554000000000158e+00 5.582659999999999911e+01
3.846574999999999989e+01 -2.922991999999999813e+00 5.586854999999999905e+01
3.923006999999999778e+01 -2.973413000000000306e+00 5.592106999999999317e+01
4.000220000000000198e+01 -3.024315000000000087e+00 5.597630999999999801e+01
4.077830000000000155e+01 -3.080931999999999782e+00 5.602494000000000085e+01
4.155550000000000210e+01 -3.135918999999999901e+00 5.607788000000000750e+01
4.233950999999999709e+01 -3.188773999999999997e+00 5.614130000000000109e+01
4.313030999999999437e+01 -3.244326000000000043e+00 5.620333000000000112e+01
4.393795000000000073e+01 -3.297180999999999695e+00 5.626971999999999241e+01
4.471372000000000213e+01 -3.352539000000000158e+00 5.634391000000000105e+01
4.550439999999999685e+01 -3.402580000000000382e+00 5.642296999999999230e+01
4.630755999999999517e+01 -3.461241000000000234e+00 5.650809999999999889e+01
4.712224000000000501e+01 -3.525276999999999550e+00 5.660533000000000214e+01
4.791411000000000087e+01 -3.592468000000000217e+00 5.670663000000000409e+01
4.872686999999999813e+01 -3.662244000000000277e+00 5.681191999999999354e+01
4.954068000000000183e+01 -3.727641999999999900e+00 5.692161999999999722e+01
5.035681999999999903e+01 -3.792894000000000432e+00 5.704096999999999440e+01
5.116787999999999670e+01 -3.850123999999999658e+00 5.716786999999999352e+01
5.198906999999999812e+01 -3.912549999999999972e+00 5.729725999999999431e+01
5.277379000000000531e+01 -3.968024999999999913e+00 5.742490000000000094e+01
5.356153000000000475e+01 -4.023163999999999518e+00 5.756033000000000754e+01
5.434318000000000382e+01 -4.082523000000000124e+00 5.769850999999999885e+01
5.510439000000000220e+01 -4.143701000000000079e+00 5.783751999999999782e+01
5.587053000000000225e+01 -4.204409000000000063e+00 5.797950000000000159e+01
5.664545999999999992e+01 -4.262119999999999465e+00 5.812033000000000271e+01
5.738910999999999518e+01 -4.318313999999999986e+00 5.826250999999999891e+01
5.813668000000000546e+01 -4.369151999999999703e+00 5.841356999999999289e+01
5.887601000000000084e+01 -4.420802000000000120e+00 5.856726999999999350e+01
5.959960999999999842e+01 -4.467621000000000286e+00 5.871611000000000047e+01
6.031244999999999834e+01 -4.516372000000000497e+00 5.886608999999999980e+01
6.101319000000000159e+01 -4.564529000000000281e+00 5.902108000000000487e+01
6.170436000000000121e+01 -4.614787000000000639e+00 5.917238000000000397e+01
6.238199000000000183e+01 -4.657586000000000226e+00 5.932090999999999781e+01
6.305593000000000359e+01 -4.706379000000000090e+00 5.946843000000000501e+01
6.372231000000000023e+01 -4.758758999999999517e+00 5.961689000000000505e+01
6.438160000000000593e+01 -4.814707000000000292e+00 5.976019000000000148e+01
6.503280999999999779e+01 -4.867829000000000406e+00 5.990218000000000131e+01
6.567175000000000296e+01 -4.913384999999999891e+00 6.003521999999999537e+01
6.630098999999999876e+01 -4.965399999999999814e+00 6.016765000000000185e+01
6.692208000000000823e+01 -5.018318999999999974e+00 6.029835999999999530e+01
6.754573000000000604e+01 -5.076711000000000418e+00 6.043224000000000018e+01
6.812018000000000484e+01 -5.130339000000000205e+00 6.055435999999999552e+01
6.872471999999999070e+01 -5.182058000000000497e+00 6.067791999999999319e+01
6.930306999999999107e+01 -5.231855000000000366e+00 6.080309000000000452e+01
6.988288000000000011e+01 -5.285896000000000150e+00 6.091928000000000765e+01
7.044995000000000118e+01 -5.342757999999999896e+00 6.103300000000000125e+01
7.100065999999999633e+01 -5.393054000000000237e+00 6.114039000000000357e+01
7.154538000000000864e+01 -5.440827999999999776e+00 6.124381999999999238e+01
7.208653999999999940e+01 -5.485364999999999824e+00 6.134673000000000798e+01
7.262286999999999182e+01 -5.532216000000000022e+00 6.145078000000000173e+01
7.315814000000000306e+01 -5.583134999999999515e+00 6.155451000000000050e+01
7.370114000000000942e+01 -5.630169999999999675e+00 6.165700999999999965e+01
7.424266999999998973e+01 -5.676448000000000604e+00 6.174949999999999761e+01
7.478759000000000867e+01 -5.720799999999999663e+00 6.184178000000000708e+01
7.533523999999999887e+01 -5.768172999999999995e+00 6.194474999999999909e+01
7.588674000000000319e+01 -5.817061999999999955e+00 6.205820999999999543e+01
7.643446999999999036e+01 -5.862448000000000548e+00 6.217120999999999498e+01
7.699259999999999593e+01 -5.912287000000000070e+00 6.229135000000000133e+01
7.756843000000000643e+01 -5.961148000000000557e+00 6.242394000000000176e+01
7.812868000000000279e+01 -6.008758000000000266e+00 6.255304999999999893e+01
7.869258999999999560e+01 -6.059871000000000230e+00 6.269194999999999851e+01
7.928501999999998873e+01 -6.107865000000000322e+00 6.284579999999999700e+01
7.985085999999999729e+01 -6.150778999999999996e+00 6.300501999999999470e+01
8.045340000000000202e+01 -6.192815000000000403e+00 6.317985000000000184e+01
8.104836999999999136e+01 -6.239008999999999361e+00 6.335684000000000538e+01
8.165467999999999904e+01 -6.285674000000000206e+00 6.354110999999999621e+01
8.226578999999999553e+01 -6.324962999999999447e+00 6.374049000000000120e+01
8.289508999999999617e+01 -6.371173000000000641e+00 6.394808000000000447e+01
8.353475999999999146e+01 -6.414737999999999829e+00 6.416679999999999495e+01
8.419402999999999793e+01 -6.458457000000000114e+00 6.439981000000000222e+01
8.486139000000000010e+01 -6.498606999999999800e+00 6.463734999999999786e+01
8.553875999999999635e+01 -6.545008999999999411e+00 6.488814000000000703e+01
8.622445000000000448e+01 -6.585583999999999882e+00 6.515376999999999441e+01
8.692745999999999640e+01 -6.605046999999999890e+00 6.542839999999999634e+01
8.763164999999999338e+01 -6.624344000000000676e+00 6.570333000000000823e+01
8.835786999999999125e+01 -6.646335999999999800e+00 6.599340999999999724e+01
8.907692000000000121e+01 -6.684072999999999709e+00 6.628896999999999196e+01
8.979243999999999915e+01 -6.725361000000000367e+00 6.659944000000000131e+01
9.050244999999999607e+01 -6.763694000000000095e+00 6.690708999999999662e+01
9.121810000000000684e+01 -6.813377000000000017e+00 6.722868000000001132e+01
9.192182999999999993e+01 -6.870738000000000234e+00 6.755931999999999960e+01
9.260904000000000735e+01 -6.914272000000000418e+00 6.790371000000000379e+01
9.328886999999998864e+01 -6.975178999999999796e+00 6.824748000000001014e+01
9.396129999999999427e+01 -7.034880000000000244e+00 6.858083000000000595e+01
9.463311999999999102e+01 -7.110019000000000311e+00 6.892013000000000034e+01
9.527545999999999538e+01 -7.183014000000000010e+00 6.924819999999999709e+01
9.592749000000000592e+01 -7.259678999999999327e+00 6.958240000000000691e+01
9.658341999999998961e+01 -7.329267999999999006e+00 6.991299000000000774e+01
9.720646999999999593e+01 -7.398532000000000330e+00 7.023613000000000284e+01
9.784560999999999353e+01 -7.469535999999999731e+00 7.056974999999999909e+01
9.843505000000000393e+01 -7.533158999999999494e+00 7.088389000000000806e+01
9.903309000000000140e+01 -7.592121000000000564e+00 7.119792999999999950e+01
9.962789999999999679e+01 -7.650211999999999790e+00 7.150888000000000488e+01
1.002121999999999957e+02 -7.709738999999999898e+00 7.181620999999999810e+01
1.007869000000000028e+02 -7.766661999999999288e+00 7.212548999999999921e+01
1.013529999999999944e+02 -7.823539999999999495e+00 7.243264999999999532e+01
1.019055000000000035e+02 -7.883339999999999570e+00 7.273581999999998970e+01
1.024446999999999974e+02 -7.943074000000000190e+00 7.303235999999999706e+01
1.029830000000000041e+02 -8.002375999999999934e+00 7.332849000000000217e+01
1.035114999999999981e+02 -8.053689999999999571e+00 7.362090000000000600e+01
1.040361000000000047e+02 -8.096619000000000455e+00 7.390980999999999312e+01
1.045504999999999995e+02 -8.139291999999999305e+00 7.419588000000000250e+01
1.050601000000000056e+02 -8.181955000000000311e+00 7.448234000000000776e+01
1.055639999999999930e+02 -8.223750000000000782e+00 7.476626000000000261e+01
1.060640999999999963e+02 -8.265058999999999045e+00 7.505403000000001157e+01
1.065649999999999977e+02 -8.308372000000000313e+00 7.534310999999999581e+01
1.070594999999999999e+02 -8.363101999999999592e+00 7.563420999999999594e+01
1.075403000000000020e+02 -8.418747999999999010e+00 7.592569000000000301e+01
1.080288999999999930e+02 -8.475875999999999522e+00 7.622883000000000209e+01
1.085079000000000065e+02 -8.530283000000000726e+00 7.653230999999999540e+01
1.089937999999999931e+02 -8.586121999999999588e+00 7.684080000000000155e+01
1.094846000000000004e+02 -8.642338999999999771e+00 7.716091999999999018e+01
1.099856000000000051e+02 -8.706455999999999307e+00 7.748994000000000426e+01
1.104963999999999942e+02 -8.763094999999999857e+00 7.782451000000000363e+01
1.110125000000000028e+02 -8.817849000000000714e+00 7.817109000000000663e+01
1.115366999999999962e+02 -8.867411000000000598e+00 7.851964999999999861e+01
1.120557000000000016e+02 -8.915373999999999910e+00 7.887613000000000341e+01
1.125828999999999951e+02 -8.963221000000000771e+00 7.924678000000000111e+01
1.131161000000000030e+02 -9.011644999999999683e+00 7.962765999999999167e+01
1.136685999999999979e+02 -9.057117999999999114e+00 8.001888000000001000e+01
1.142286000000000001e+02 -9.105367999999998574e+00 8.042588999999999544e+01
1.147933000000000021e+02 -9.158005000000001061e+00 8.084870999999999697e+01
1.153670999999999935e+02 -9.217042999999998543e+00 8.128450999999999738e+01
1.159475999999999942e+02 -9.273702000000000112e+00 8.172925999999999647e+01
1.165301000000000045e+02 -9.317811000000000732e+00 8.218890999999999281e+01
1.171090999999999980e+02 -9.366338000000000719e+00 8.266396999999999196e+01
1.177001000000000062e+02 -9.410224000000001254e+00 8.315108999999999639e+01
1.182985999999999933e+02 -9.457627999999999702e+00 8.365236000000000161e+01
1.189070999999999998e+02 -9.501458999999998767e+00 8.416416999999999859e+01
1.195229999999999961e+02 -9.549903000000000475e+00 8.468520999999999788e+01
1.201636000000000024e+02 -9.590647000000000588e+00 8.522386000000000195e+01
1.207811999999999983e+02 -9.635229999999999961e+00 8.574375999999999465e+01
1.214334000000000060e+02 -9.682936999999999017e+00 8.629265999999999792e+01
1.220849000000000046e+02 -9.728697000000000372e+00 8.685165000000000646e+01
1.227300000000000040e+02 -9.773963000000000179e+00 8.740500000000000114e+01
1.233777000000000044e+02 -9.820354000000000028e+00 8.797821000000000424e+01
1.240203000000000060e+02 -9.868055000000000021e+00 8.855483999999999867e+01
1.246768000000000001e+02 -9.916275000000000617e+00 8.916046999999998945e+01
1.253110999999999962e+02 -9.964396999999999949e+00 8.975361999999999796e+01
1.259635999999999996e+02 -1.001373000000000069e+01 9.035993000000000563e+01
1.266189999999999998e+02 -1.005780000000000030e+01 9.097675999999999874e+01
1.272755999999999972e+02 -1.010087000000000046e+01 9.159685999999999240e+01
1.279270999999999958e+02 -1.014276000000000089e+01 9.221818000000000382e+01
1.285815000000000055e+02 -1.018420000000000059e+01 9.284078000000000941e+01
1.292245000000000061e+02 -1.023341999999999885e+01 9.346389999999999532e+01
1.298788000000000125e+02 -1.028691000000000066e+01 9.410638000000000147e+01
1.305064999999999884e+02 -1.034070000000000000e+01 9.474425999999999704e+01
1.311491000000000042e+02 -1.039963000000000015e+01 9.540323000000000775e+01
1.317915999999999883e+02 -1.045599999999999952e+01 9.607041999999999859e+01
1.324271999999999991e+02 -1.050523000000000096e+01 9.674200000000000443e+01
1.330589999999999975e+02 -1.055248000000000097e+01 9.741925999999999419e+01
1.336846999999999923e+02 -1.060431999999999952e+01 9.810439000000000931e+01
1.343190999999999917e+02 -1.066003999999999863e+01 9.879630999999999119e+01
1.349539000000000044e+02 -1.071551000000000009e+01 9.948855999999999256e+01
1.356011000000000024e+02 -1.077139000000000024e+01 1.001962999999999937e+02
1.362214999999999918e+02 -1.081998000000000104e+01 1.008793000000000006e+02
1.368528000000000020e+02 -1.086978000000000044e+01 1.015789000000000044e+02
1.374842999999999904e+02 -1.091831999999999958e+01 1.022802999999999969e+02
1.381206999999999994e+02 -1.096868999999999872e+01 1.029852000000000061e+02
1.387684000000000140e+02 -1.101806999999999981e+01 1.037008000000000010e+02
1.393903999999999996e+02 -1.106528999999999918e+01 1.043826999999999998e+02
1.400212999999999965e+02 -1.111506999999999934e+01 1.050726999999999975e+02
1.406685999999999979e+02 -1.116409999999999947e+01 1.057715000000000032e+02
1.413095999999999890e+02 -1.121533999999999942e+01 1.064569999999999936e+02
1.419472000000000094e+02 -1.126171000000000078e+01 1.071333999999999946e+02
1.425932999999999993e+02 -1.130940000000000012e+01 1.078055999999999983e+02
1.432295000000000016e+02 -1.135965000000000025e+01 1.084647999999999968e+02
1.438589000000000055e+02 -1.141070000000000029e+01 1.091243999999999943e+02
1.444994000000000085e+02 -1.146260000000000012e+01 1.097839000000000027e+02
1.451537999999999897e+02 -1.152141000000000126e+01 1.104492000000000047e+02
1.457898999999999887e+02 -1.157854000000000028e+01 1.110956999999999937e+02
1.464483999999999924e+02 -1.163356999999999886e+01 1.117540000000000049e+02
1.470826000000000136e+02 -1.168263999999999925e+01 1.123782000000000068e+02
1.477333000000000141e+02 -1.173221000000000025e+01 1.130075999999999965e+02
1.483962999999999965e+02 -1.178415999999999997e+01 1.136393999999999949e+02
1.490521999999999991e+02 -1.183500000000000085e+01 1.142502999999999957e+02
1.497073000000000036e+02 -1.188351999999999897e+01 1.148426999999999936e+02
1.503762999999999863e+02 -1.192783000000000015e+01 1.154384000000000015e+02
1.510475999999999885e+02 -1.197578000000000031e+01 1.160371999999999986e+02
1.517272000000000105e+02 -1.202408999999999928e+01 1.166342000000000070e+02
1.524040999999999997e+02 -1.207203999999999944e+01 1.172223999999999933e+02
1.530860000000000127e+02 -1.212501000000000140e+01 1.178157999999999959e+02
1.537738999999999976e+02 -1.217933000000000021e+01 1.183991999999999933e+02
1.544786000000000001e+02 -1.223831000000000024e+01 1.189893000000000001e+02
1.551889999999999930e+02 -1.229899999999999949e+01 1.195661999999999949e+02
1.559127000000000010e+02 -1.236503000000000085e+01 1.201520000000000010e+02
1.566453999999999951e+02 -1.242646000000000051e+01 1.207245000000000061e+02
1.573838000000000079e+02 -1.247643000000000058e+01 1.212982999999999976e+02
1.581338000000000079e+02 -1.252578000000000102e+01 1.218680999999999983e+02
1.589057999999999993e+02 -1.258373999999999882e+01 1.224321999999999946e+02
1.596459999999999866e+02 -1.263933000000000106e+01 1.229715999999999951e+02
1.604008000000000038e+02 -1.270216000000000101e+01 1.235093999999999994e+02
1.611947000000000116e+02 -1.277761999999999887e+01 1.240635999999999939e+02
1.619637999999999920e+02 -1.285192999999999941e+01 1.245828000000000060e+02
1.627290999999999883e+02 -1.291939999999999955e+01 1.250909000000000049e+02
1.634987000000000137e+02 -1.298726000000000091e+01 1.256019000000000005e+02
1.642698000000000036e+02 -1.305527000000000015e+01 1.261137999999999977e+02
1.650416999999999916e+02 -1.312226000000000070e+01 1.266042000000000058e+02
1.658008000000000095e+02 -1.318288999999999866e+01 1.270919999999999987e+02
1.665531000000000006e+02 -1.323953999999999986e+01 1.275769999999999982e+02
1.672915000000000134e+02 -1.329977999999999838e+01 1.280524000000000058e+02
1.680468999999999937e+02 -1.336428999999999867e+01 1.285270999999999901e+02
1.687640000000000100e+02 -1.342431000000000019e+01 1.289791999999999916e+02
1.694764000000000124e+02 -1.348458999999999897e+01 1.294288999999999987e+02
1.701930999999999869e+02 -1.354898999999999987e+01 1.298816999999999950e+02
1.709121000000000095e+02 -1.361181000000000019e+01 1.303214999999999861e+02
1.716212999999999909e+02 -1.367121000000000031e+01 1.307524999999999977e+02
1.723205000000000098e+02 -1.372812999999999839e+01 1.311750000000000114e+02
1.730100999999999942e+02 -1.378410000000000046e+01 1.315930999999999926e+02
1.736861000000000104e+02 -1.384507999999999939e+01 1.320072999999999865e+02
1.743545000000000016e+02 -1.390627000000000102e+01 1.324182000000000130e+02
1.750349999999999966e+02 -1.396377999999999808e+01 1.328269999999999982e+02
1.756896999999999878e+02 -1.401825000000000010e+01 1.332184000000000026e+02
1.763531999999999869e+02 -1.407864999999999966e+01 1.336307999999999936e+02
1.770072000000000116e+02 -1.413400000000000034e+01 1.340303000000000111e+02
1.776519999999999868e+02 -1.418088999999999977e+01 1.344121000000000095e+02
1.782937000000000012e+02 -1.422292999999999807e+01 1.347778000000000134e+02
1.789313999999999965e+02 -1.426464999999999961e+01 1.351403999999999996e+02
1.795572999999999979e+02 -1.431261000000000116e+01 1.355047999999999888e+02
1.801748000000000047e+02 -1.436322000000000187e+01 1.358637999999999977e+02
1.807795000000000130e+02 -1.441257999999999839e+01 1.362165999999999997e+02
1.813913000000000011e+02 -1.445852000000000182e+01 1.365576000000000079e+02
1.819902999999999906e+02 -1.450312000000000090e+01 1.368908000000000129e+02
1.825811999999999955e+02 -1.454744999999999955e+01 1.372137999999999920e+02
1.831665000000000134e+02 -1.459096000000000082e+01 1.375326000000000022e+02
1.837467000000000041e+02 -1.463102999999999909e+01 1.378440999999999974e+02
1.843283000000000129e+02 -1.467151000000000138e+01 1.381495999999999924e+02
1.849104000000000099e+02 -1.471237000000000172e+01 1.384499999999999886e+02
1.855029000000000110e+02 -1.475510000000000055e+01 1.387526000000000010e+02
1.860966999999999985e+02 -1.479762999999999806e+01 1.390561999999999898e+02
1.867023000000000081e+02 -1.484501000000000026e+01 1.393564000000000078e+02
1.873166999999999973e+02 -1.489366000000000057e+01 1.396500000000000057e+02
1.879389999999999930e+02 -1.494258999999999915e+01 1.399420000000000073e+02
1.885639999999999930e+02 -1.499292000000000158e+01 1.402353999999999985e+02
1.891978000000000009e+02 -1.503907999999999845e+01 1.405266000000000020e+02
1.898399000000000001e+02 -1.508794999999999931e+01 1.408154999999999859e+02
1.904964999999999975e+02 -1.514578999999999986e+01 1.410980999999999881e+02
1.911666999999999916e+02 -1.520551000000000030e+01 1.413810000000000002e+02
1.918454999999999870e+02 -1.526382999999999868e+01 1.416544000000000096e+02
1.925394000000000005e+02 -1.532526000000000010e+01 1.419286999999999921e+02
1.932450000000000045e+02 -1.538822000000000045e+01 1.422044999999999959e+02
1.939627000000000123e+02 -1.545198999999999856e+01 1.424807999999999879e+02
1.946963000000000079e+02 -1.551367000000000118e+01 1.427543000000000006e+02
1.954600000000000080e+02 -1.557305000000000028e+01 1.430262999999999920e+02
1.962137999999999920e+02 -1.562683999999999962e+01 1.432937000000000012e+02
1.969858999999999867e+02 -1.568196000000000012e+01 1.435674999999999955e+02
1.977720999999999947e+02 -1.574032999999999838e+01 1.438335999999999899e+02
1.985592000000000041e+02 -1.579846000000000039e+01 1.440966999999999985e+02
1.993386000000000138e+02 -1.585427999999999926e+01 1.443499999999999943e+02
2.001451000000000136e+02 -1.592437000000000147e+01 1.446074000000000126e+02
2.009750999999999976e+02 -1.600532000000000110e+01 1.448678999999999917e+02
2.018243999999999971e+02 -1.608857000000000070e+01 1.451297000000000139e+02
2.026923999999999921e+02 -1.617597999999999914e+01 1.453976000000000113e+02
2.035315999999999974e+02 -1.626124000000000080e+01 1.456544000000000096e+02
2.043673000000000002e+02 -1.633868999999999971e+01 1.459079999999999870e+02
2.052495000000000118e+02 -1.642654999999999887e+01 1.461718999999999937e+02
2.061048000000000116e+02 -1.651608999999999838e+01 1.464227999999999952e+02
2.069818999999999960e+02 -1.660979999999999990e+01 1.466776000000000124e+02
2.078608999999999867e+02 -1.669857999999999976e+01 1.469259999999999877e+02
2.087470999999999890e+02 -1.678438999999999837e+01 1.471708000000000141e+02
2.096440000000000055e+02 -1.687389999999999901e+01 1.474068000000000040e+02
2.105492000000000132e+02 -1.696319000000000088e+01 1.476435999999999922e+02
2.114619999999999891e+02 -1.705442999999999998e+01 1.478806999999999903e+02
2.123811000000000035e+02 -1.714387999999999934e+01 1.481148000000000025e+02
2.133003999999999962e+02 -1.723376000000000019e+01 1.483481999999999914e+02
2.142272000000000105e+02 -1.732238999999999862e+01 1.485828999999999951e+02
2.151568000000000040e+02 -1.741108999999999796e+01 1.488145000000000095e+02
2.160841000000000065e+02 -1.750032000000000210e+01 1.490489000000000033e+02
2.170092999999999961e+02 -1.758912000000000120e+01 1.492778000000000134e+02
2.179343000000000075e+02 -1.767767999999999873e+01 1.495044000000000040e+02
2.188602999999999952e+02 -1.776862000000000208e+01 1.497262000000000057e+02
2.197937000000000012e+02 -1.785885999999999996e+01 1.499499000000000137e+02
2.207196999999999889e+02 -1.794622999999999990e+01 1.501656000000000120e+02
2.216448000000000036e+02 -1.803412999999999755e+01 1.503821000000000083e+02
2.225741999999999905e+02 -1.812037999999999727e+01 1.506004000000000076e+02
2.235074999999999932e+02 -1.820847000000000193e+01 1.508144000000000062e+02
2.244121000000000095e+02 -1.829363000000000028e+01 1.510218000000000131e+02
2.253276999999999930e+02 -1.838635000000000019e+01 1.512316999999999894e+02
2.262730999999999995e+02 -1.848079999999999856e+01 1.514464000000000112e+02
2.271675999999999931e+02 -1.856752000000000180e+01 1.516432000000000073e+02
2.281038000000000068e+02 -1.865507999999999811e+01 1.518449999999999989e+02
2.290055999999999869e+02 -1.873660999999999888e+01 1.520381999999999891e+02
2.299189000000000078e+02 -1.881652000000000058e+01 1.522302999999999997e+02
2.308377999999999872e+02 -1.889376000000000033e+01 1.524181000000000097e+02
2.317587000000000046e+02 -1.896992000000000189e+01 1.526031999999999869e+02
2.326895000000000095e+02 -1.904112000000000293e+01 1.527857999999999947e+02
2.336154999999999973e+02 -1.911494000000000071e+01 1.529645999999999901e+02
2.345304999999999893e+02 -1.918701000000000079e+01 1.531400999999999897e+02
2.354492999999999938e+02 -1.926117999999999952e+01 1.533131999999999948e+02
2.363787000000000091e+02 -1.933366000000000184e+01 1.534780000000000086e+02
2.372897000000000105e+02 -1.941010999999999953e+01 1.536417999999999893e+02
2.381998000000000104e+02 -1.949555000000000149e+01 1.538032000000000039e+02
2.391054000000000030e+02 -1.957929999999999993e+01 1.539590000000000032e+02
2.400191000000000088e+02 -1.966443999999999903e+01 1.541100000000000136e+02
2.409342000000000041e+02 -1.975257000000000218e+01 1.542564000000000135e+02
2.418499999999999943e+02 -1.983999000000000024e+01 1.543982000000000028e+02
2.427627999999999986e+02 -1.992377999999999716e+01 1.545354000000000099e+02
2.436688000000000045e+02 -2.000433999999999912e+01 1.546683999999999912e+02
2.445757000000000119e+02 -2.008387999999999707e+01 1.547978999999999985e+02
2.454742999999999995e+02 -2.016398999999999830e+01 1.549235999999999933e+02
2.463684000000000083e+02 -2.024531999999999954e+01 1.550412000000000035e+02
2.472733000000000061e+02 -2.032349999999999923e+01 1.551445999999999970e+02
2.481739000000000033e+02 -2.040379000000000076e+01 1.552523999999999944e+02
2.490697999999999865e+02 -2.048203999999999780e+01 1.553582000000000107e+02
2.499549000000000092e+02 -2.055748999999999782e+01 1.554526999999999930e+02
2.508344999999999914e+02 -2.063459999999999894e+01 1.555424999999999898e+02
2.517258999999999958e+02 -2.071972000000000236e+01 1.556328000000000031e+02
2.526209000000000060e+02 -2.080614999999999881e+01 1.557214999999999918e+02
2.535135999999999967e+02 -2.089449000000000112e+01 1.558057000000000016e+02
2.544024000000000001e+02 -2.098216999999999999e+01 1.558813000000000102e+02
2.552821000000000140e+02 -2.106516000000000233e+01 1.559558000000000106e+02
2.561621000000000095e+02 -2.114493999999999829e+01 1.560254999999999939e+02
2.570427999999999997e+02 -2.122381000000000029e+01 1.560896999999999935e+02
2.579198999999999842e+02 -2.130232000000000170e+01 1.561451000000000136e+02
2.587907000000000153e+02 -2.137549999999999883e+01 1.561853999999999871e+02
2.596600999999999999e+02 -2.144204999999999828e+01 1.562239999999999895e+02
2.605269999999999868e+02 -2.151116000000000028e+01 1.562580000000000098e+02
2.613989000000000260e+02 -2.158417999999999992e+01 1.562882999999999925e+02
2.622717000000000098e+02 -2.165347000000000222e+01 1.563157999999999959e+02
2.631403000000000247e+02 -2.172635999999999967e+01 1.563324000000000069e+02
2.640059999999999718e+02 -2.179663000000000039e+01 1.563451000000000022e+02
2.648657000000000039e+02 -2.186707000000000178e+01 1.563568999999999960e+02
2.657294999999999732e+02 -2.194115000000000038e+01 1.563616000000000099e+02
2.665944999999999823e+02 -2.201709999999999923e+01 1.563599000000000103e+02
2.674594000000000165e+02 -2.209328000000000003e+01 1.563596000000000004e+02
2.683206000000000131e+02 -2.216749000000000080e+01 1.563531000000000120e+02
2.691825999999999794e+02 -2.224239999999999995e+01 1.563490999999999929e+02
2.700394999999999754e+02 -2.231693999999999889e+01 1.563437000000000126e+02
2.708933999999999855e+02 -2.239231000000000193e+01 1.563409000000000049e+02
2.717438999999999965e+02 -2.246937000000000140e+01 1.563340000000000032e+02
2.725881999999999721e+02 -2.255274999999999963e+01 1.563300000000000125e+02
2.734366999999999734e+02 -2.263729000000000013e+01 1.563283000000000129e+02
2.742405999999999722e+02 -2.271743000000000023e+01 1.563275999999999897e+02
2.750561999999999898e+02 -2.279801000000000144e+01 1.563300999999999874e+02
2.758616000000000099e+02 -2.287782999999999944e+01 1.563360999999999876e+02
2.766655999999999835e+02 -2.295476999999999990e+01 1.563454999999999870e+02
2.774483999999999924e+02 -2.302961000000000169e+01 1.563596000000000004e+02
2.782237999999999829e+02 -2.310165999999999897e+01 1.563778000000000077e+02
2.789861999999999966e+02 -2.317204999999999870e+01 1.564028999999999883e+02
2.797382000000000062e+02 -2.323842999999999748e+01 1.564294999999999902e+02
2.804805999999999813e+02 -2.330167999999999751e+01 1.564550000000000125e+02
2.812201999999999771e+02 -2.336730999999999980e+01 1.564848000000000070e+02
2.819381999999999948e+02 -2.343188999999999922e+01 1.565201999999999884e+02
2.826514999999999986e+02 -2.349596999999999980e+01 1.565600000000000023e+02
2.833383000000000038e+02 -2.355163999999999902e+01 1.565937000000000126e+02
2.840120999999999754e+02 -2.361049999999999827e+01 1.566339999999999861e+02
2.846752999999999929e+02 -2.366959999999999908e+01 1.566760999999999910e+02
2.853276000000000181e+02 -2.372680000000000078e+01 1.567165999999999997e+02
2.859669999999999845e+02 -2.378127999999999886e+01 1.567615999999999872e+02
2.865937000000000126e+02 -2.383445999999999998e+01 1.568069000000000131e+02
2.872092000000000098e+02 -2.389017000000000124e+01 1.568523000000000138e+02
2.878107999999999720e+02 -2.394343999999999895e+01 1.568983000000000061e+02
2.884105999999999881e+02 -2.399582000000000193e+01 1.569430999999999869e+02
2.889746000000000095e+02 -2.404626000000000019e+01 1.569918000000000120e+02
2.895493000000000166e+02 -2.410168999999999784e+01 1.570415999999999883e+02
2.901098999999999819e+02 -2.415117000000000047e+01 1.570886000000000138e+02
2.906603999999999814e+02 -2.419669000000000025e+01 1.571341999999999928e+02
2.911990000000000123e+02 -2.424004000000000048e+01 1.571803999999999917e+02
2.917280999999999835e+02 -2.428193999999999875e+01 1.572288000000000068e+02
2.922488000000000170e+02 -2.432192999999999827e+01 1.572771999999999935e+02
2.927595999999999776e+02 -2.436116000000000170e+01 1.573241999999999905e+02
2.932586999999999762e+02 -2.440493999999999986e+01 1.573721999999999923e+02
2.937527000000000044e+02 -2.444767000000000223e+01 1.574213000000000022e+02
2.942373999999999796e+02 -2.449147999999999925e+01 1.574678000000000111e+02
2.947246000000000095e+02 -2.453745999999999938e+01 1.575174000000000092e+02
2.952096000000000231e+02 -2.458495999999999881e+01 1.575670000000000073e+02
2.957019999999999982e+02 -2.463307000000000002e+01 1.576169999999999902e+02
2.961992999999999938e+02 -2.467823999999999884e+01 1.576689000000000078e+02
2.967013000000000034e+02 -2.472332999999999714e+01 1.577196999999999889e+02
2.972090000000000032e+02 -2.477055000000000007e+01 1.577653999999999996e+02
2.977198999999999955e+02 -2.482169000000000025e+01 1.578091000000000008e+02
2.982402999999999906e+02 -2.487487999999999744e+01 1.578477000000000032e+02
2.987678999999999974e+02 -2.492373999999999867e+01 1.578893999999999949e+02
2.993113999999999919e+02 -2.496956000000000131e+01 1.579363999999999919e+02
2.998663999999999987e+02 -2.502054000000000045e+01 1.579800999999999931e+02
3.004327999999999861e+02 -2.508500000000000085e+01 1.580168999999999926e+02
3.010133000000000152e+02 -2.515045999999999893e+01 1.580467999999999904e+02
3.015987999999999829e+02 -2.521321000000000012e+01 1.580882000000000005e+02
3.021893000000000029e+02 -2.527482999999999791e+01 1.581416000000000111e+02
3.027896000000000072e+02 -2.533868000000000009e+01 1.581930000000000121e+02
3.034094999999999800e+02 -2.540268999999999977e+01 1.582314000000000078e+02
3.040384999999999991e+02 -2.546722000000000108e+01 1.582677999999999940e+02
3.046811000000000149e+02 -2.553203999999999851e+01 1.583095999999999890e+02
3.053328000000000202e+02 -2.559815000000000040e+01 1.583588000000000022e+02
3.059952000000000112e+02 -2.566221000000000174e+01 1.584056999999999960e+02
3.066660999999999717e+02 -2.572466999999999970e+01 1.584466999999999928e+02
3.073491000000000213e+02 -2.579503000000000057e+01 1.584838000000000022e+02
3.080486999999999966e+02 -2.586821000000000126e+01 1.585319000000000074e+02
3.087475999999999772e+02 -2.594125999999999976e+01 1.585801999999999907e+02
3.094569000000000187e+02 -2.601685000000000159e+01 1.586244000000000085e+02
3.101745000000000232e+02 -2.609606000000000137e+01 1.586611000000000047e+02
3.108971999999999980e+02 -2.617480000000000118e+01 1.586982000000000141e+02
3.116329000000000065e+02 -2.625447999999999737e+01 1.587385999999999910e+02
3.123813999999999851e+02 -2.634090999999999738e+01 1.587710999999999899e+02
3.131397000000000048e+02 -2.643175000000000097e+01 1.588017999999999859e+02
3.139051999999999794e+02 -2.652052999999999727e+01 1.588337999999999965e+02
3.146761999999999944e+02 -2.660789000000000115e+01 1.588676000000000101e+02
3.154535999999999945e+02 -2.669380999999999915e+01 1.589033000000000015e+02
3.162405999999999722e+02 -2.678024999999999878e+01 1.589387000000000114e+02
3.170373000000000161e+02 -2.687072000000000216e+01 1.589755000000000109e+02
3.178435999999999808e+02 -2.696317999999999770e+01 1.590133999999999901e+02
3.186530999999999949e+02 -2.705549000000000248e+01 1.590532000000000039e+02
3.194778999999999769e+02 -2.714547999999999917e+01 1.590966999999999985e+02
3.203018000000000143e+02 -2.723537999999999926e+01 1.591400999999999897e+02
3.211390999999999849e+02 -2.732655000000000101e+01 1.591854999999999905e+02
3.219832999999999856e+02 -2.741809999999999903e+01 1.592316999999999894e+02
3.228344000000000165e+02 -2.750857999999999848e+01 1.592815999999999974e+02
3.236908999999999992e+02 -2.759900999999999627e+01 1.593323000000000036e+02
3.245566999999999780e+02 -2.768935999999999709e+01 1.593854000000000042e+02
3.254350000000000023e+02 -2.778207000000000093e+01 1.594431999999999903e+02
3.263133000000000266e+02 -2.787480000000000047e+01 1.595010000000000048e+02
3.271990000000000123e+02 -2.796790999999999627e+01 1.595617000000000019e+02
3.280932000000000244e+02 -2.806282999999999817e+01 1.596223999999999990e+02
3.289882999999999811e+02 -2.815785999999999945e+01 1.596885000000000048e+02
3.298879999999999768e+02 -2.825775000000000148e+01 1.597631000000000085e+02
3.307889999999999873e+02 -2.835860999999999876e+01 1.598372999999999990e+02
3.316970000000000027e+02 -2.845992000000000033e+01 1.599145000000000039e+02
3.326064999999999827e+02 -2.856250000000000000e+01 1.599925000000000068e+02
3.335179999999999723e+02 -2.866639000000000337e+01 1.600735999999999990e+02
3.344313000000000216e+02 -2.877189000000000263e+01 1.601588999999999885e+02
3.353462000000000103e+02 -2.887347999999999715e+01 1.602423000000000002e+02
3.362588999999999828e+02 -2.897212000000000032e+01 1.603276999999999930e+02
3.371754000000000246e+02 -2.907107999999999848e+01 1.604125999999999976e+02
3.380878000000000156e+02 -2.917312000000000083e+01 1.605021999999999878e+02
3.389981000000000222e+02 -2.927515999999999607e+01 1.605871999999999957e+02
3.399060999999999808e+02 -2.937509000000000370e+01 1.606702999999999975e+02
3.408082999999999743e+02 -2.947692999999999941e+01 1.607512999999999863e+02
3.417121999999999957e+02 -2.957782000000000266e+01 1.608344999999999914e+02
3.426161000000000172e+02 -2.968019999999999925e+01 1.609115999999999929e+02
3.435205000000000268e+02 -2.978017999999999788e+01 1.609891000000000076e+02
3.444236000000000217e+02 -2.987755999999999901e+01 1.610668000000000006e+02
3.453276000000000181e+02 -2.997769000000000261e+01 1.611449000000000069e+02
3.462235000000000014e+02 -3.007709000000000188e+01 1.612272000000000105e+02
3.471166999999999803e+02 -3.017752999999999730e+01 1.613076000000000079e+02
3.480099000000000160e+02 -3.027574000000000254e+01 1.613911999999999978e+02
3.489064999999999941e+02 -3.037547999999999959e+01 1.614740999999999929e+02
3.498059000000000083e+02 -3.047412999999999883e+01 1.615563999999999965e+02
3.506976999999999975e+02 -3.056953000000000031e+01 1.616370000000000005e+02
3.515901000000000067e+02 -3.066500999999999877e+01 1.617177000000000078e+02
3.524825000000000159e+02 -3.076034999999999897e+01 1.617983000000000118e+02
3.533784999999999741e+02 -3.086049999999999827e+01 1.618839999999999861e+02
3.542730999999999995e+02 -3.096096999999999966e+01 1.619694000000000074e+02
3.551700000000000159e+02 -3.105569000000000202e+01 1.620526999999999873e+02
3.560658000000000243e+02 -3.114982000000000184e+01 1.621440000000000055e+02
3.569660000000000082e+02 -3.124424000000000134e+01 1.622399000000000058e+02
3.578634000000000128e+02 -3.134267999999999788e+01 1.623463999999999885e+02
3.587644000000000233e+02 -3.143232000000000070e+01 1.624482000000000141e+02
3.596666000000000167e+02 -3.152202999999999733e+01 1.625501999999999896e+02
3.605742999999999938e+02 -3.160985000000000156e+01 1.626543000000000063e+02
3.614762999999999806e+02 -3.169957999999999743e+01 1.627694999999999936e+02
3.623756999999999948e+02 -3.179175999999999647e+01 1.628962999999999965e+02
3.632721999999999980e+02 -3.188455999999999690e+01 1.630347999999999900e+02
3.641687000000000012e+02 -3.197735999999999734e+01 1.631733000000000118e+02
3.650627999999999815e+02 -3.207263999999999982e+01 1.633230000000000075e+02
3.659547000000000025e+02 -3.216864000000000345e+01 1.634848000000000070e+02
3.668412000000000148e+02 -3.226554000000000144e+01 1.636594000000000051e+02
3.677269999999999754e+02 -3.236547999999999803e+01 1.638507999999999925e+02
3.686005000000000109e+02 -3.246696000000000026e+01 1.640490000000000066e+02
3.694766999999999939e+02 -3.256385000000000218e+01 1.642601999999999975e+02
3.703485999999999763e+02 -3.265823999999999927e+01 1.644754000000000076e+02
3.712200000000000273e+02 -3.275253000000000014e+01 1.646956000000000131e+02
3.720932000000000244e+02 -3.284870999999999697e+01 1.649156000000000120e+02
3.729644000000000119e+02 -3.294964999999999833e+01 1.651387000000000000e+02
3.738419000000000096e+02 -3.304904000000000508e+01 1.653619999999999948e+02
3.747198000000000206e+02 -3.314732999999999663e+01 1.655911000000000115e+02
3.755998000000000161e+02 -3.324710999999999927e+01 1.658266999999999882e+02
3.764771999999999821e+02 -3.334844000000000364e+01 1.660669000000000040e+02
3.773568000000000211e+02 -3.345185999999999638e+01 1.663146000000000129e+02
3.782298999999999864e+02 -3.355204000000000519e+01 1.665661000000000058e+02
3.790955999999999904e+02 -3.365147000000000332e+01 1.668283999999999878e+02
3.799483999999999924e+02 -3.375067999999999557e+01 1.670928000000000111e+02
3.808018000000000143e+02 -3.385005999999999915e+01 1.673574999999999875e+02
3.816460000000000150e+02 -3.394946999999999804e+01 1.676218000000000075e+02
3.824796999999999798e+02 -3.405165999999999826e+01 1.678984000000000094e+02
3.833183999999999969e+02 -3.415042000000000399e+01 1.681717999999999904e+02
3.841564999999999941e+02 -3.424855000000000160e+01 1.684493999999999971e+02
3.849855000000000018e+02 -3.434892999999999574e+01 1.687308999999999912e+02
3.858081999999999994e+02 -3.444909000000000532e+01 1.690139000000000067e+02
3.866213000000000193e+02 -3.454404000000000252e+01 1.692932000000000130e+02
3.874349000000000274e+02 -3.463900000000000290e+01 1.695725999999999942e+02
3.882465000000000259e+02 -3.473778000000000077e+01 1.698564000000000078e+02
3.890518000000000143e+02 -3.483650999999999698e+01 1.701379000000000019e+02
3.898584999999999923e+02 -3.493536999999999892e+01 1.704198000000000093e+02
3.906508000000000038e+02 -3.503120999999999441e+01 1.706949999999999932e+02
3.914404999999999859e+02 -3.512142999999999660e+01 1.709678000000000111e+02
3.922273000000000138e+02 -3.521056000000000097e+01 1.712375000000000114e+02
3.930147999999999797e+02 -3.529819000000000528e+01 1.715035000000000025e+02
3.938158000000000243e+02 -3.537807999999999709e+01 1.717624000000000137e+02
3.946157000000000039e+02 -3.545945999999999998e+01 1.720195999999999970e+02
3.954044000000000096e+02 -3.554301999999999850e+01 1.722840999999999951e+02
3.961902000000000044e+02 -3.562299000000000149e+01 1.725389999999999873e+02
3.969791000000000167e+02 -3.570992000000000388e+01 1.727964000000000055e+02
3.977803999999999860e+02 -3.579993999999999943e+01 1.730637000000000114e+02
3.985862000000000194e+02 -3.589105999999999597e+01 1.733316000000000088e+02
3.993940000000000055e+02 -3.598738000000000170e+01 1.736025999999999954e+02
4.002053999999999974e+02 -3.608162000000000091e+01 1.738739999999999952e+02
4.010419999999999732e+02 -3.617290999999999457e+01 1.741459999999999866e+02
4.018570000000000277e+02 -3.626142999999999716e+01 1.744113999999999862e+02
4.027259000000000242e+02 -3.635992000000000246e+01 1.746993999999999971e+02
4.035400000000000205e+02 -3.645649999999999835e+01 1.749704000000000121e+02
4.043865999999999872e+02 -3.655987000000000364e+01 1.752515999999999963e+02
4.052386999999999944e+02 -3.665818000000000154e+01 1.755297999999999945e+02
4.060994000000000028e+02 -3.676127000000000322e+01 1.758119000000000085e+02
4.069522000000000048e+02 -3.686062000000000438e+01 1.760920000000000130e+02
4.078104000000000156e+02 -3.696059999999999945e+01 1.763695999999999913e+02
4.086653000000000020e+02 -3.705715999999999610e+01 1.766545000000000130e+02
4.095217000000000098e+02 -3.714867000000000274e+01 1.769473000000000127e+02
4.103808000000000220e+02 -3.723727000000000231e+01 1.772462999999999909e+02
4.112375000000000114e+02 -3.732339999999999947e+01 1.775322999999999922e+02
4.120932999999999993e+02 -3.740675000000000239e+01 1.778160000000000025e+02
4.129440999999999917e+02 -3.749169000000000551e+01 1.780918000000000063e+02
4.138009000000000128e+02 -3.757269999999999754e+01 1.783624000000000080e+02
4.146582000000000221e+02 -3.766187999999999647e+01 1.786362000000000023e+02
4.155020999999999844e+02 -3.774911999999999779e+01 1.789072999999999922e+02
4.163430999999999926e+02 -3.783261999999999858e+01 1.791783000000000072e+02
4.171677000000000248e+02 -3.791664000000000101e+01 1.794501999999999953e+02
4.179870000000000232e+02 -3.800097000000000236e+01 1.797220000000000084e+02
4.187968999999999937e+02 -3.808221999999999952e+01 1.799864000000000033e+02
4.196091000000000122e+02 -3.815827000000000169e+01 1.802455999999999960e+02
4.204006999999999721e+02 -3.823306999999999789e+01 1.804989999999999952e+02
4.211854000000000156e+02 -3.830595999999999890e+01 1.807477000000000089e+02
4.219594000000000165e+02 -3.837483999999999895e+01 1.809889000000000010e+02
4.227235000000000014e+02 -3.844427000000000305e+01 1.812296000000000049e+02
4.234737000000000080e+02 -3.852223000000000042e+01 1.814720000000000084e+02
4.242250999999999976e+02 -3.860018000000000171e+01 1.817146999999999935e+02
4.249705999999999904e+02 -3.868180000000000263e+01 1.819531000000000063e+02
4.257139000000000237e+02 -3.876538000000000039e+01 1.821915999999999940e+02
4.264553000000000225e+02 -3.884575999999999851e+01 1.824274000000000058e+02
4.271913000000000125e+02 -3.891859999999999786e+01 1.826546999999999912e+02
4.279166999999999916e+02 -3.898930000000000007e+01 1.828781999999999925e+02
4.286390000000000100e+02 -3.906081999999999965e+01 1.831043999999999983e+02
4.293648999999999774e+02 -3.913224000000000302e+01 1.833307000000000073e+02
4.300878000000000156e+02 -3.920176000000000016e+01 1.835566000000000031e+02
4.308054999999999950e+02 -3.926661000000000001e+01 1.837827000000000055e+02
4.315423999999999864e+02 -3.932909000000000077e+01 1.840150999999999897e+02
4.322520999999999844e+02 -3.938551999999999964e+01 1.842420999999999935e+02
4.329778000000000020e+02 -3.944565999999999661e+01 1.844755000000000109e+02
4.337096999999999980e+02 -3.951540999999999570e+01 1.847060999999999922e+02
4.344438000000000102e+02 -3.958606999999999942e+01 1.849369000000000085e+02
4.351772000000000276e+02 -3.965559999999999974e+01 1.851675999999999931e+02
4.358944000000000187e+02 -3.972677999999999798e+01 1.853968000000000131e+02
4.365932999999999993e+02 -3.980189000000000021e+01 1.856246999999999900e+02
4.372950000000000159e+02 -3.987997999999999621e+01 1.858583000000000141e+02
4.379870000000000232e+02 -3.996184000000000225e+01 1.860947999999999922e+02
4.386578000000000088e+02 -4.003697999999999979e+01 1.863220000000000027e+02
4.393183000000000220e+02 -4.011520999999999759e+01 1.865498000000000047e+02
4.399764999999999873e+02 -4.019335000000000235e+01 1.867753999999999905e+02
4.406293999999999755e+02 -4.026688000000000045e+01 1.869989999999999952e+02
4.412583000000000197e+02 -4.033300999999999448e+01 1.872107000000000028e+02
4.418894999999999982e+02 -4.039939999999999998e+01 1.874232000000000085e+02
4.425242000000000075e+02 -4.046909999999999741e+01 1.876385999999999967e+02
4.431116000000000099e+02 -4.053170000000000073e+01 1.878377999999999872e+02
4.437096999999999980e+02 -4.058992999999999540e+01 1.880413000000000068e+02
4.443113999999999919e+02 -4.065104999999999791e+01 1.882466000000000008e+02
4.448709999999999809e+02 -4.071269000000000204e+01 1.884403000000000077e+02
4.454492999999999938e+02 -4.077680999999999756e+01 1.886415000000000077e+02
4.459827000000000226e+02 -4.083615000000000350e+01 1.888272000000000048e+02
4.465258000000000038e+02 -4.089360999999999535e+01 1.890156000000000063e+02
4.470563000000000216e+02 -4.094722000000000151e+01 1.892012000000000000e+02
4.475776999999999930e+02 -4.100285000000000224e+01 1.893847000000000094e+02
4.480907000000000266e+02 -4.105680000000000263e+01 1.895643000000000029e+02
4.485905000000000200e+02 -4.111097000000000179e+01 1.897399000000000058e+02
4.490822000000000003e+02 -4.116507000000000005e+01 1.899127000000000010e+02
4.495511000000000195e+02 -4.122240999999999644e+01 1.900814000000000021e+02
4.500149999999999864e+02 -4.127839999999999776e+01 1.902493000000000052e+02
4.504737000000000080e+02 -4.133399000000000001e+01 1.904149999999999920e+02
4.509162000000000035e+02 -4.138481999999999772e+01 1.905698999999999899e+02
4.513527000000000271e+02 -4.143115999999999843e+01 1.907214999999999918e+02
4.517762999999999920e+02 -4.147777999999999565e+01 1.908713999999999942e+02
4.521892000000000280e+02 -4.152320000000000277e+01 1.910192000000000121e+02
4.525960999999999785e+02 -4.157027000000000072e+01 1.911612000000000080e+02
4.529753000000000043e+02 -4.161612000000000222e+01 1.912925999999999931e+02
4.533476999999999748e+02 -4.166273999999999944e+01 1.914236999999999966e+02
4.537101999999999862e+02 -4.170389000000000124e+01 1.915501999999999896e+02
4.540561000000000149e+02 -4.174707000000000079e+01 1.916725000000000136e+02
4.544021000000000186e+02 -4.179023000000000110e+01 1.917949000000000126e+02
4.547312000000000012e+02 -4.183460000000000178e+01 1.919113999999999862e+02
4.550471000000000004e+02 -4.187895999999999930e+01 1.920289999999999964e+02
4.553537000000000035e+02 -4.191510000000000247e+01 1.921420999999999992e+02
4.556532000000000266e+02 -4.194951999999999970e+01 1.922468000000000075e+02
4.559458000000000197e+02 -4.197617000000000331e+01 1.923442000000000007e+02
4.562262000000000057e+02 -4.200704000000000349e+01 1.924408999999999992e+02
4.565052999999999770e+02 -4.203354999999999819e+01 1.925337000000000103e+02
4.567801999999999794e+02 -4.206007000000000318e+01 1.926304000000000087e+02
4.570498999999999796e+02 -4.208984000000000236e+01 1.927284999999999968e+02
4.573192999999999984e+02 -4.211959999999999837e+01 1.928262000000000000e+02
4.575849000000000046e+02 -4.214874000000000365e+01 1.929215000000000089e+02
4.578478000000000065e+02 -4.217832999999999544e+01 1.930158000000000129e+02
4.581098999999999819e+02 -4.220107000000000141e+01 1.931115000000000066e+02
4.583727000000000089e+02 -4.222297999999999973e+01 1.932068999999999903e+02
4.586338999999999828e+02 -4.224587000000000359e+01 1.933069000000000131e+02
4.588965999999999781e+02 -4.227315000000000111e+01 1.934108999999999980e+02
4.591567000000000007e+02 -4.230207000000000050e+01 1.935219999999999914e+02
4.594284000000000106e+02 -4.232981999999999800e+01 1.936403999999999996e+02
4.596976999999999975e+02 -4.235795999999999850e+01 1.937600999999999942e+02
4.599698999999999955e+02 -4.238822000000000401e+01 1.938837000000000046e+02
4.602493999999999801e+02 -4.241640999999999906e+01 1.940183000000000106e+02
4.605317000000000007e+02 -4.244519000000000375e+01 1.941658999999999935e+02
4.608163999999999874e+02 -4.246997000000000355e+01 1.943197999999999865e+02
4.610905000000000200e+02 -4.249464000000000397e+01 1.944719000000000051e+02
4.613702999999999861e+02 -4.252156000000000091e+01 1.946317999999999984e+02
4.616462000000000216e+02 -4.255214000000000141e+01 1.947973000000000070e+02
4.619028000000000134e+02 -4.258029000000000508e+01 1.949670000000000130e+02
4.621585999999999785e+02 -4.260070000000000334e+01 1.951399000000000115e+02
4.624096000000000117e+02 -4.262019999999999698e+01 1.953093000000000075e+02
4.626557999999999993e+02 -4.264180000000000348e+01 1.954678000000000111e+02
4.628996000000000208e+02 -4.266192999999999813e+01 1.956127999999999929e+02
4.631354000000000042e+02 -4.268334999999999724e+01 1.957437999999999931e+02
4.633754999999999882e+02 -4.269452000000000425e+01 1.958646999999999991e+02
4.635862000000000194e+02 -4.270010999999999513e+01 1.959619999999999891e+02
4.638525999999999954e+02 -4.271945999999999799e+01 1.960754000000000019e+02
4.641010999999999740e+02 -4.273705999999999960e+01 1.961766000000000076e+02
4.643543000000000234e+02 -4.275046999999999997e+01 1.962735999999999876e+02
4.646035999999999717e+02 -4.276344999999999885e+01 1.963641000000000076e+02
4.648704000000000178e+02 -4.278445999999999572e+01 1.964576999999999884e+02
4.651394000000000233e+02 -4.281190000000000140e+01 1.965508000000000095e+02
4.654024999999999750e+02 -4.283861999999999881e+01 1.966346000000000060e+02
4.656750999999999863e+02 -4.287317000000000178e+01 1.967173999999999978e+02
4.659485999999999990e+02 -4.290390999999999622e+01 1.967998000000000047e+02
4.662105999999999995e+02 -4.293431999999999960e+01 1.968704999999999927e+02
4.664741999999999962e+02 -4.297107000000000454e+01 1.969408999999999992e+02
4.667139999999999986e+02 -4.300328999999999979e+01 1.970063000000000102e+02
4.669526000000000181e+02 -4.303319000000000472e+01 1.970726999999999975e+02
4.671913999999999874e+02 -4.305471000000000004e+01 1.971423000000000059e+02
4.674096999999999866e+02 -4.307618000000000080e+01 1.972090000000000032e+02
4.676175999999999817e+02 -4.309855999999999909e+01 1.972758000000000038e+02
4.678226000000000226e+02 -4.312384999999999735e+01 1.973492999999999995e+02
4.680045999999999822e+02 -4.315131999999999834e+01 1.974269999999999925e+02
4.681668999999999983e+02 -4.318328999999999951e+01 1.974970999999999890e+02
4.683294999999999959e+02 -4.320344999999999658e+01 1.975723000000000127e+02
4.684909999999999854e+02 -4.322370999999999697e+01 1.976433000000000106e+02
4.686283000000000243e+02 -4.324139000000000266e+01 1.976915999999999940e+02
4.687633999999999901e+02 -4.325909999999999656e+01 1.977387999999999977e+02
4.688842000000000212e+02 -4.327329000000000292e+01 1.977882999999999925e+02
4.689923999999999751e+02 -4.328473999999999933e+01 1.978524999999999920e+02
4.690948000000000206e+02 -4.329184999999999661e+01 1.979181000000000097e+02
4.692040000000000077e+02 -4.329579000000000377e+01 1.979842999999999904e+02
4.692991000000000099e+02 -4.329832999999999998e+01 1.980352000000000032e+02
4.693867000000000189e+02 -4.330684000000000111e+01 1.980824000000000069e+02
4.694730000000000132e+02 -4.331315000000000026e+01 1.981348000000000127e+02
4.695559000000000083e+02 -4.331632000000000460e+01 1.981810000000000116e+02
4.696340999999999894e+02 -4.331351000000000084e+01 1.982242999999999995e+02
4.697087000000000216e+02 -4.332229000000000241e+01 1.982622000000000071e+02
4.697717000000000098e+02 -4.333559999999999945e+01 1.983028999999999940e+02
4.698181000000000154e+02 -4.334418000000000148e+01 1.983491999999999962e+02
4.698577999999999975e+02 -4.334935000000000116e+01 1.984001000000000090e+02
4.698944000000000187e+02 -4.335195999999999827e+01 1.984423999999999921e+02
4.699366999999999734e+02 -4.335745000000000005e+01 1.984781000000000120e+02
4.699846000000000004e+02 -4.336012999999999806e+01 1.985050999999999988e+02
4.700301000000000045e+02 -4.336563999999999908e+01 1.985343000000000018e+02
4.700663999999999874e+02 -4.337479000000000440e+01 1.985661000000000058e+02
4.700932000000000244e+02 -4.338689999999999714e+01 1.986000999999999976e+02
4.701173000000000002e+02 -4.338980000000000103e+01 1.986340999999999894e+02
4.701424000000000092e+02 -4.339187000000000438e+01 1.986644000000000005e+02
