0.000000000000000000e+00 0.000000000000000000e+00 0.000000000000000000e+00
7.822485268115997314e-02 -7.685641758143901825e-03 1.640582084655761719e-02
-5.719678848981857300e-02 4.734992980957031250e-04 4.059290885925292969e-02
-2.031364291906356812e-02 -1.162135973572731018e-02 -2.519130706787109375e-02
-1.366589963436126709e-02 5.224267020821571350e-03 1.870058774948120117e-01
-1.881681382656097412e-03 1.066319644451141357e-03 3.822851181030273438e-02
1.686595380306243896e-02 -3.667425364255905151e-03 -8.116960525512695312e-03
1.752470433712005615e-02 4.624053835868835449e-03 -2.393007278442382812e-03
-2.820196747779846191e-02 -5.084276199340820312e-04 1.422417163848876953e-02
9.654313325881958008e-04 -7.301416248083114624e-03 4.038691520690917969e-02
-2.608111500740051270e-02 -6.269419565796852112e-03 -4.690265655517578125e-02
2.552531659603118896e-02 9.892424568533897400e-03 6.175208091735839844e-02
4.835703969001770020e-02 6.799437105655670166e-04 1.925003528594970703e-02
-1.843646168708801270e-02 -6.620651111006736755e-03 9.755349159240722656e-02
2.202780544757843018e-02 -9.945932775735855103e-03 -2.621245384216308594e-02
-3.775352239608764648e-02 9.866356849670410156e-03 1.821565628051757812e-02
-3.023950755596160889e-02 6.419496610760688782e-03 -1.574443578720092773e-01
6.815002113580703735e-02 6.801326759159564972e-03 8.248305320739746094e-02
-6.480965018272399902e-02 5.134870298206806183e-03 -5.344629287719726562e-03
1.684339717030525208e-02 5.737107247114181519e-03 -2.542376518249511719e-02
1.092877238988876343e-03 -1.934165135025978088e-03 -2.439475059509277344e-02
1.905231177806854248e-02 -6.098343059420585632e-03 -1.085829734802246094e-02
5.795763060450553894e-02 -1.328232698142528534e-03 5.825281143188476562e-03
6.174452602863311768e-03 -8.354131132364273071e-04 -7.968986034393310547e-02
-2.911447361111640930e-02 -5.650056526064872742e-03 1.175916194915771484e-02
2.781670540571212769e-03 -3.625749610364437103e-03 3.133177757263183594e-03
-3.668222576379776001e-02 -3.139926120638847351e-03 1.619386672973632812e-02
-1.287056505680084229e-02 -1.049246639013290405e-03 -4.189252853393554688e-03
-3.705680370330810547e-03 -1.064458861947059631e-03 -1.865637302398681641e-02
1.393506675958633423e-02 -3.806928172707557678e-03 5.758774280548095703e-02
-3.066368401050567627e-03 2.919681370258331299e-03 3.196656703948974609e-02
-1.864440739154815674e-03 -5.479205399751663208e-03 -2.391839027404785156e-02
-5.584724247455596924e-03 7.233846932649612427e-03 5.161154270172119141e-02
-5.158834159374237061e-03 3.166228532791137695e-03 -2.224254608154296875e-02
-3.134175762534141541e-02 -3.408970311284065247e-03 -1.211106777191162109e-02
2.970054745674133301e-03 -2.654271200299263000e-03 -3.288567066192626953e-02
1.990700885653495789e-02 -1.007821410894393921e-03 1.567149162292480469e-02
1.300905644893646240e-02 3.536380827426910400e-04 -1.515078544616699219e-02
-2.290842682123184204e-02 7.711397483944892883e-03 1.655936241149902344e-03
8.306808769702911377e-03 -6.382727995514869690e-03 1.429200172424316406e-03
-1.472920179367065430e-03 1.718662679195404053e-05 -2.874612808227539062e-03
-7.092528045177459717e-03 1.833463087677955627e-03 -3.512322902679443359e-02
-4.767797887325286865e-03 3.641454502940177917e-03 -1.694953441619873047e-02
-3.545850515365600586e-03 5.970783531665802002e-03 -4.436254501342773438e-03
-1.866906881332397461e-03 -5.258116871118545532e-03 3.156805038452148438e-02
6.787560880184173584e-03 -1.173514872789382935e-03 2.168250083923339844e-02
3.184802830219268799e-03 3.419468179345130920e-03 -2.621185779571533203e-02
1.724312454462051392e-02 -3.515969961881637573e-03 6.437420845031738281e-03
3.136694431304931641e-05 -1.217957586050033569e-03 -1.789140701293945312e-02
1.186327636241912842e-02 1.698562875390052795e-03 1.809358596801757812e-02
-1.995819807052612305e-02 -1.619832590222358704e-03 3.751540184020996094e-02
-8.795909583568572998e-03 -3.810426220297813416e-03 1.808977127075195312e-02
9.295202791690826416e-03 -4.336504265666007996e-03 6.902813911437988281e-03
-9.903386235237121582e-04 3.235327079892158508e-03 9.835124015808105469e-03
5.369618535041809082e-03 -7.967391982674598694e-03 1.778328418731689453e-02
3.109909594058990479e-02 3.024414181709289551e-03 -1.559662818908691406e-02
-1.033411920070648193e-02 8.975870907306671143e-03 1.625192165374755859e-02
-1.146566122770309448e-02 -1.829486340284347534e-03 -3.581917285919189453e-02
-1.574309915304183960e-02 -3.023909404873847961e-03 -3.037214279174804688e-03
-6.077922880649566650e-03 1.273570582270622253e-03 -1.152169704437255859e-02
-8.801825344562530518e-03 -1.998063176870346069e-03 -2.482557296752929688e-02
-4.609443247318267822e-03 1.405395567417144775e-03 4.516720771789550781e-03
1.805369555950164795e-02 -5.482286214828491211e-04 3.466165065765380859e-02
-2.079358696937561035e-02 -3.475826233625411987e-03 -1.156568527221679688e-02
1.983954012393951416e-02 2.393467351794242859e-03 4.876673221588134766e-02
7.535398006439208984e-03 5.479987710714340210e-03 -4.825353622436523438e-03
1.615557819604873657e-03 -3.898330032825469971e-03 -1.181662082672119141e-02
1.096453890204429626e-02 6.596744060516357422e-04 2.128362655639648438e-03
1.333475112915039062e-03 8.984431624412536621e-04 -3.729248046875000000e-02
-2.062679082155227661e-02 -3.846567124128341675e-04 4.618251323699951172e-02
4.596933722496032715e-04 -7.966484874486923218e-03 -6.624639034271240234e-02
-2.300914376974105835e-03 -1.666225492954254150e-03 -5.299568176269531250e-03
-1.698882132768630981e-02 -3.898903727531433105e-03 4.277586936950683594e-02
-1.999560743570327759e-03 1.049074344336986542e-02 -1.739871501922607422e-02
3.639252483844757080e-02 -2.783592790365219116e-03 3.135657310485839844e-02
-1.807149872183799744e-02 5.049308761954307556e-03 -2.555406093597412109e-02
-3.403563052415847778e-03 5.081094801425933838e-03 1.827883720397949219e-02
1.224448531866073608e-02 1.184316352009773254e-03 -9.977340698242187500e-03
9.248480200767517090e-04 3.705465234816074371e-03 -1.692366600036621094e-02
7.444377988576889038e-03 -8.851001039147377014e-04 -1.793062686920166016e-02
-8.044708520174026489e-03 -6.907312199473381042e-03 2.416598796844482422e-02
-9.241700172424316406e-03 6.887281313538551331e-03 -3.017783164978027344e-03
-7.896214723587036133e-03 -1.318902894854545593e-02 2.139449119567871094e-02
1.475881785154342651e-02 1.803893595933914185e-03 -9.503841400146484375e-03
-1.235383376479148865e-02 -4.126744344830513000e-03 -1.719355583190917969e-02
2.057983353734016418e-02 4.898574203252792358e-03 8.547544479370117188e-03
-2.501219511032104492e-03 -8.685775101184844971e-03 2.935755252838134766e-02
-6.606955081224441528e-03 9.925948455929756165e-03 -3.797626495361328125e-02
-3.676216676831245422e-02 -5.926767364144325256e-03 3.839135169982910156e-02
2.972328662872314453e-02 -1.446263492107391357e-02 -1.392102241516113281e-02
-3.692422062158584595e-02 1.685952953994274139e-02 2.820706367492675781e-02
2.816280722618103027e-02 -1.903191767632961273e-02 3.628385066986083984e-02
-1.295406371355056763e-02 1.859318651258945465e-02 -8.958244323730468750e-02
1.584830880165100098e-02 3.458701074123382568e-03 3.576040267944335938e-03
-9.814776480197906494e-03 -1.378435455262660980e-02 5.632376670837402344e-02
-4.582628607749938965e-03 2.842781320214271545e-02 -1.101549863815307617e-01
-2.767033874988555908e-03 -1.341061946004629135e-02 5.271637439727783203e-02
-9.686574339866638184e-03 6.522614508867263794e-03 -4.402124881744384766e-02
2.481187134981155396e-02 -1.241732388734817505e-04 2.062511444091796875e-02
-8.015677332878112793e-03 1.198351383209228516e-03 -8.912801742553710938e-03
3.928198665380477905e-02 -2.515571191906929016e-03 -2.007889747619628906e-02
-9.963922202587127686e-03 -7.335359230637550354e-03 2.740800380706787109e-02
-1.182205975055694580e-03 -3.297924995422363281e-03 -6.115639209747314453e-02
1.100212335586547852e-02 9.500220417976379395e-03 -4.872882366180419922e-02
-1.832503080368041992e-02 -1.688109710812568665e-03 2.704083919525146484e-02
6.870925426483154297e-04 -5.156863480806350708e-04 2.114784717559814453e-02
-6.161645054817199707e-03 4.455782473087310791e-04 3.211629390716552734e-02
-1.311153173446655273e-03 -3.775224089622497559e-03 -1.194918155670166016e-02
3.610831499099731445e-02 -1.554735004901885986e-03 3.382492065429687500e-02
-2.282743155956268311e-02 -5.377789959311485291e-03 9.145975112915039062e-03
1.310965418815612793e-02 4.616232588887214661e-03 -8.224701881408691406e-02
-3.800676763057708740e-02 -1.898335851728916168e-02 1.147812604904174805e-01
3.152731060981750488e-02 1.135091483592987061e-02 -4.634130001068115234e-02
-1.488254219293594360e-02 1.341514661908149719e-02 -2.304279804229736328e-02
-2.899459749460220337e-02 1.228744257241487503e-02 3.355610370635986328e-02
1.596107333898544312e-02 2.652511931955814362e-03 3.382086753845214844e-03
-2.306509017944335938e-02 -6.569199264049530029e-03 -3.303062915802001953e-02
1.011453568935394287e-02 7.509626448154449463e-04 3.437924385070800781e-02
2.388736605644226074e-02 -1.819264143705368042e-03 -2.187752723693847656e-02
-6.389692425727844238e-03 3.635809756815433502e-03 9.091734886169433594e-03
1.614145934581756592e-03 1.857251860201358795e-03 -5.830168724060058594e-02
1.886399090290069580e-02 -1.007614657282829285e-02 2.586412429809570312e-02
6.513610482215881348e-03 7.827617228031158447e-04 2.096366882324218750e-02
-5.856156349182128906e-04 -2.829940989613533020e-03 3.377616405487060547e-02
2.866955101490020752e-02 2.453507855534553528e-03 2.200329303741455078e-02
-3.026410937309265137e-03 4.832539707422256470e-04 -4.078924655914306641e-02
-1.012791693210601807e-02 -9.407121688127517700e-03 2.166366577148437500e-02
1.745536923408508301e-02 4.398807883262634277e-03 -1.293468475341796875e-02
-1.924405246973037720e-02 -3.197176381945610046e-03 5.805659294128417969e-02
1.528602838516235352e-02 6.476223468780517578e-03 -1.449680328369140625e-02
-1.997740566730499268e-02 -4.785899072885513306e-03 -3.964483737945556641e-02
-1.158438622951507568e-02 5.320310592651367188e-03 -1.960754394531250000e-03
2.142742276191711426e-03 -8.044477552175521851e-03 2.292954921722412109e-02
-2.589160948991775513e-02 -3.240820020437240601e-03 -5.651831626892089844e-03
-8.283674716949462891e-03 -1.567941159009933472e-03 -9.411692619323730469e-03
1.035556197166442871e-02 -2.690877765417098999e-03 3.861689567565917969e-02
-8.249856531620025635e-03 1.837536692619323730e-03 5.007743835449218750e-02
1.367246359586715698e-02 -3.967449069023132324e-03 -7.137060165405273438e-03
1.268418133258819580e-02 -1.212283968925476074e-04 -2.419090270996093750e-02
-2.425462007522583008e-04 1.048818230628967285e-03 -2.818238735198974609e-02
4.689015448093414307e-03 1.910194754600524902e-03 3.013944625854492188e-02
-3.767397254705429077e-02 3.176443278789520264e-04 3.787338733673095703e-02
1.878022402524948120e-02 1.188389956951141357e-03 -4.559063911437988281e-02
-2.271146327257156372e-02 1.243073493242263794e-03 -3.868103027343750000e-03
3.483565896749496460e-02 2.440268173813819885e-03 2.927875518798828125e-02
2.025655657052993774e-02 2.372400835156440735e-03 5.777239799499511719e-03
-8.271619677543640137e-03 1.023290306329727173e-02 2.209746837615966797e-02
-1.006033271551132202e-02 -1.112436503171920776e-02 2.996587753295898438e-02
-2.081909030675888062e-02 -6.915692239999771118e-03 2.434074878692626953e-02
2.069833874702453613e-02 1.157187297940254211e-02 -2.488887310028076172e-02
1.852355897426605225e-03 2.714360132813453674e-03 6.241321563720703125e-03
3.331177681684494019e-02 1.733545213937759399e-04 -6.104981899261474609e-02
-2.418673038482666016e-02 -8.385069668292999268e-04 5.474722385406494141e-02
7.836960256099700928e-03 6.500087678432464600e-03 -5.840730667114257812e-02
-3.165438771247863770e-02 3.475513309240341187e-03 9.499955177307128906e-02
1.404096931219100952e-02 5.817376077175140381e-03 -5.763041973114013672e-02
-1.195701956748962402e-02 -2.784688025712966919e-03 8.433580398559570312e-03
-8.039161562919616699e-03 -1.168205030262470245e-02 -3.026735782623291016e-02
-4.976131021976470947e-03 -4.881087690591812134e-03 2.744007110595703125e-02
-1.775722950696945190e-02 5.439702421426773071e-03 -8.677005767822265625e-03
2.767223864793777466e-02 6.155221723020076752e-03 -8.583426475524902344e-03
-2.699568867683410645e-02 -3.452965058386325836e-03 -6.032824516296386719e-02
1.628765463829040527e-02 6.787478923797607422e-06 -3.097391128540039062e-02
3.612264990806579590e-04 -3.067320212721824646e-03 4.879152774810791016e-02
-1.491099596023559570e-03 -6.532501429319381714e-04 3.315961360931396484e-02
-1.201261579990386963e-02 -4.415165632963180542e-03 3.293001651763916016e-02
-9.149178862571716309e-03 -3.955345600843429565e-04 2.214550971984863281e-03
-6.395943462848663330e-03 1.742187887430191040e-03 -1.048684120178222656e-02
-2.476431429386138916e-03 7.180530577898025513e-03 4.705190658569335938e-03
3.361320495605468750e-02 -3.636527806520462036e-03 -1.341807842254638672e-02
-1.815838366746902466e-02 2.076613903045654297e-02 -3.292226791381835938e-02
5.448277294635772705e-02 -1.863741688430309296e-02 -2.140104770660400391e-02
-3.833591192960739136e-02 -2.206116914749145508e-03 1.795387268066406250e-02
6.689921021461486816e-03 5.094641819596290588e-03 3.103709220886230469e-02
-4.537589848041534424e-03 1.092101261019706726e-02 4.089832305908203125e-03
1.314956694841384888e-02 7.721435278654098511e-03 -2.490639686584472656e-02
1.087354123592376709e-02 -1.368742436170578003e-02 -3.334951400756835938e-02
-6.484128534793853760e-03 4.037145525217056274e-03 3.308951854705810547e-02
-5.819946527481079102e-04 -8.123792707920074463e-03 -2.240800857543945312e-02
-5.436494946479797363e-03 -4.950478672981262207e-03 3.736960887908935547e-02
1.558773964643478394e-02 -8.492447435855865479e-03 -2.072930335998535156e-02
-9.809002280235290527e-03 -4.399975761771202087e-03 2.789080142974853516e-02
-3.199651837348937988e-03 7.649362087249755859e-04 -3.687679767608642578e-02
5.368620157241821289e-03 -1.036949455738067627e-03 -3.164362907409667969e-02
-1.149699091911315918e-02 5.099797621369361877e-03 9.312880039215087891e-02
5.559921264648437500e-04 -6.195398047566413879e-03 4.075646400451660156e-03
1.377046108245849609e-03 3.232596442103385925e-03 3.235292434692382812e-02
-8.096687495708465576e-03 6.151907145977020264e-04 -1.574504375457763672e-02
7.493127137422561646e-03 -3.628024831414222717e-03 3.221201896667480469e-02
1.842506602406501770e-02 9.578326717019081116e-03 -2.660870552062988281e-02
-1.192533224821090698e-02 -3.500543534755706787e-03 2.594947814941406250e-03
3.016117960214614868e-03 6.732931360602378845e-03 -4.910349845886230469e-03
-4.125304520130157471e-03 -3.877032548189163208e-03 -6.132483482360839844e-03
1.173596829175949097e-02 2.510398626327514648e-04 -3.852117061614990234e-02
-1.776239275932312012e-02 -3.836981952190399170e-03 -1.794016361236572266e-02
7.726792246103286743e-03 2.657273784279823303e-03 1.018643379211425781e-02
1.499943435192108154e-02 4.921536892652511597e-04 -2.400994300842285156e-03
-2.429183200001716614e-02 1.768257468938827515e-03 -6.979465484619140625e-03
2.092751115560531616e-02 3.674048930406570435e-03 -2.997779846191406250e-02
-1.386654749512672424e-02 -1.072756946086883545e-03 1.130664348602294922e-02
-4.721790552139282227e-03 3.607179969549179077e-03 -5.146956443786621094e-02
1.227671653032302856e-02 -4.319760948419570923e-03 -6.138205528259277344e-03
2.300182729959487915e-02 -3.198342397809028625e-03 3.134036064147949219e-02
-2.088776975870132446e-02 -2.091931179165840149e-03 1.706075668334960938e-02
3.873854875564575195e-04 7.625011727213859558e-03 -1.488602161407470703e-02
2.570912241935729980e-03 2.573512494564056396e-03 4.563498497009277344e-02
-1.448722928762435913e-02 -3.886971622705459595e-03 -3.304517269134521484e-02
-1.836939156055450439e-02 -6.504621356725692749e-03 -1.536762714385986328e-02
3.762733936309814453e-02 4.240360110998153687e-03 -5.569279193878173828e-02
-1.896348595619201660e-02 4.478707909584045410e-03 -5.567514896392822266e-02
1.872996240854263306e-02 2.791525796055793762e-03 9.350848197937011719e-02
-2.871240675449371338e-02 3.381552174687385559e-03 -3.024339675903320312e-04
2.670165151357650757e-02 -5.321316421031951904e-04 2.603530883789062500e-02
1.882232725620269775e-02 -4.814453423023223877e-04 7.569122314453125000e-02
-2.059429883956909180e-02 -9.705759584903717041e-03 -1.201593875885009766e-02
-2.925711870193481445e-02 1.406525447964668274e-02 -1.556634902954101562e-03
3.595300763845443726e-02 -1.261730119585990906e-02 -9.735107421875000000e-03
7.865540683269500732e-03 -9.852275252342224121e-04 -1.298308372497558594e-02
-8.815877139568328857e-03 3.969065845012664795e-03 -2.225553989410400391e-02
-1.395054161548614502e-03 -2.729075029492378235e-03 1.331901550292968750e-02
2.132470160722732544e-02 -1.023697480559349060e-02 1.277209520339965820e-01
-1.703525334596633911e-02 2.501051872968673706e-03 -3.233623504638671875e-02
-1.423608511686325073e-02 -5.677174776792526245e-04 -1.900398731231689453e-02
7.947251200675964355e-03 1.339104212820529938e-02 -1.019339561462402344e-01
2.496760338544845581e-03 4.422446712851524353e-03 8.499026298522949219e-02
2.163156494498252869e-02 -3.895943053066730499e-03 -1.267474889755249023e-01
-2.771604806184768677e-02 -9.140095673501491547e-03 1.312471628189086914e-01
1.910157501697540283e-03 -9.414853528141975403e-03 -4.776525497436523438e-02
1.563233882188796997e-02 2.407461404800415039e-03 1.129245758056640625e-02
-3.408276289701461792e-02 4.155695438385009766e-03 1.924574375152587891e-02
-1.078896224498748779e-03 -5.437850952148437500e-03 2.576386928558349609e-02
1.881122589111328125e-04 9.165557101368904114e-03 -3.720963001251220703e-02
-2.278335392475128174e-02 1.834830269217491150e-03 1.742100715637207031e-02
3.283836692571640015e-02 -5.298331379890441895e-04 -2.270340919494628906e-03
-1.202822476625442505e-02 -1.951610669493675232e-03 4.717242717742919922e-02
5.061641335487365723e-03 -4.370838403701782227e-03 -7.766413688659667969e-02
-9.194411337375640869e-03 4.799423739314079285e-03 -4.482698440551757812e-02
-4.758626222610473633e-03 5.980381742119789124e-03 -2.181553840637207031e-02
3.999585658311843872e-02 -8.699780330061912537e-03 7.276892662048339844e-03
-2.052412182092666626e-02 3.090009093284606934e-03 -4.624497890472412109e-02
-3.610337525606155396e-02 -8.414965122938156128e-04 1.154335737228393555e-01
2.647953480482101440e-02 1.133125834167003632e-02 -4.578816890716552734e-02
1.878797262907028198e-02 -2.505389973521232605e-03 -1.835596561431884766e-02
-4.254769533872604370e-02 3.519747406244277954e-03 -2.279126644134521484e-02
-1.621250063180923462e-02 -2.426035143435001373e-02 8.196985721588134766e-02
1.344341784715652466e-02 7.972121238708496094e-05 2.272963523864746094e-02
-7.012337446212768555e-04 1.257122866809368134e-02 -4.902470111846923828e-02
4.660114645957946777e-03 -2.736959606409072876e-03 -1.759052276611328125e-03
1.782668381929397583e-02 -5.680309608578681946e-03 9.114503860473632812e-03
1.782128214836120605e-02 7.093815132975578308e-03 2.197456359863281250e-02
-4.807146638631820679e-02 3.358349204063415527e-04 -1.195013523101806641e-02
3.221854567527770996e-02 5.030035972595214844e-03 4.862344264984130859e-02
2.864833921194076538e-03 -1.118538528680801392e-02 -1.924681663513183594e-02
-1.401757821440696716e-02 1.093269884586334229e-02 1.203629970550537109e-01
-4.349295794963836670e-02 5.932278931140899658e-03 6.276726722717285156e-02
3.950446844100952148e-04 6.944835186004638672e-03 -1.059807538986206055e-01
-2.201133221387863159e-02 -5.744982510805130005e-03 4.190909862518310547e-02
9.043920040130615234e-02 -6.695147603750228882e-03 -1.751828193664550781e-01
-5.198363214731216431e-02 1.391433645039796829e-02 -3.023064136505126953e-02
1.638181507587432861e-03 -2.211160957813262939e-02 -4.563319683074951172e-02
-7.376275956630706787e-03 -4.446702077984809875e-03 9.645152091979980469e-02
3.780149668455123901e-02 1.353202201426029205e-02 -5.321109294891357422e-02
-8.591409772634506226e-03 -9.334597736597061157e-03 3.717851638793945312e-02
1.281241700053215027e-02 1.233403757214546204e-02 -1.677620410919189453e-02
-7.704894989728927612e-03 6.217323243618011475e-04 -3.592121601104736328e-02
6.612241268157958984e-04 -8.315585553646087646e-03 -3.697931766510009766e-02
-3.002030774950981140e-02 -1.632358878850936890e-03 -7.277488708496093750e-03
3.183869272470474243e-02 -9.629754349589347839e-03 7.421529293060302734e-02
-5.776364356279373169e-03 6.114602088928222656e-03 -7.537364959716796875e-03
-1.202637329697608948e-02 7.120594382286071777e-03 1.014077663421630859e-02
