5.142662674188613892e-02 7.712508086115121841e-03 4.584044516086578369e-01 5.571161396801471710e-03 2.111712217330932617e+00 1.246670842170715332e+00
1.951808631420135498e-01 3.055108189582824707e-01 9.956396818161010742e-01 1.875089015811681747e-03 2.182848215103149414e+00 5.028780937194824219e+00
4.553780257701873779e-01 1.212670564651489258e+00 1.834862828254699707e+00 1.516897417604923248e-02 2.255082607269287109e+00 1.117371940612792969e+01
8.130057454109191895e-01 2.626829624176025391e+00 2.910054683685302734e+00 2.141002565622329712e-02 2.328736066818237305e+00 2.010217857360839844e+01
1.252277016639709473e+00 4.470341205596923828e+00 4.180997371673583984e+00 2.304032817482948303e-02 2.401592016220092773e+00 3.135922431945800781e+01
1.864805340766906738e+00 7.131389617919921875e+00 5.917658805847167969e+00 1.999463699758052826e-02 2.487295627593994141e+00 4.763415527343750000e+01
2.618808746337890625e+00 1.049839591979980469e+01 8.013375282287597656e+00 1.655623130500316620e-02 2.576983690261840820e+00 6.792183685302734375e+01
3.509270191192626953e+00 1.459063434600830078e+01 1.044515705108642578e+01 1.776081137359142303e-02 2.668624877929687500e+00 9.164546966552734375e+01
4.546041011810302734e+00 1.946829986572265625e+01 1.322936534881591797e+01 2.380761690437793732e-02 2.762259960174560547e+00 1.188580856323242188e+02
5.697379112243652344e+00 2.488274002075195312e+01 1.630751228332519531e+01 2.177025191485881805e-02 2.857262372970581055e+00 1.499536132812500000e+02
7.014768123626708984e+00 3.114405250549316406e+01 1.981680679321289062e+01 2.037948369979858398e-02 2.957253217697143555e+00 1.857558746337890625e+02
8.386030197143554688e+00 3.762844085693359375e+01 2.346652412414550781e+01 1.294973213225603104e-02 3.054555177688598633e+00 2.240038604736328125e+02
9.985945701599121094e+00 4.532067108154296875e+01 2.768246269226074219e+01 1.159651484340429306e-02 3.158815622329711914e+00 2.678144531250000000e+02
1.182462596893310547e+01 5.439630126953125000e+01 3.247206878662109375e+01 2.217155694961547852e-02 3.268651008605957031e+00 3.162026977539062500e+02
1.390958690643310547e+01 6.467926788330078125e+01 3.792435073852539062e+01 2.972459606826305389e-02 3.387456417083740234e+00 3.723463439941406250e+02
1.616506576538085938e+01 7.597140502929687500e+01 4.379591751098632812e+01 4.822695627808570862e-02 3.507971525192260742e+00 4.320027465820312500e+02
1.854550743103027344e+01 8.775292205810546875e+01 4.999540710449218750e+01 5.185266211628913879e-02 3.629550933837890625e+00 4.968902282714843750e+02
2.078105545043945312e+01 9.868231201171875000e+01 5.578951263427734375e+01 4.248372837901115417e-02 3.738245487213134766e+00 5.589039306640625000e+02
2.343428421020507812e+01 1.120628204345703125e+02 6.258548736572265625e+01 6.236211955547332764e-02 3.858686208724975586e+00 6.286264648437500000e+02
2.608714675903320312e+01 1.251091613769531250e+02 6.941932678222656250e+01 5.228080973029136658e-02 3.976756572723388672e+00 7.021768188476562500e+02
2.887952804565429688e+01 1.389524230957031250e+02 7.656091308593750000e+01 4.986763373017311096e-02 4.094992160797119141e+00 7.783699340820312500e+02
3.176862525939941406e+01 1.533058166503906250e+02 8.393270111083984375e+01 4.821948334574699402e-02 4.213006019592285156e+00 8.570725097656250000e+02
3.482220458984375000e+01 1.686396179199218750e+02 9.170014190673828125e+01 5.560754239559173584e-02 4.333190441131591797e+00 9.389104614257812500e+02
3.819212722778320312e+01 1.860031280517578125e+02 1.001909027099609375e+02 9.565366059541702271e-02 4.459005355834960938e+00 1.024829467773437500e+03
4.155910110473632812e+01 2.034639587402343750e+02 1.086219406127929688e+02 1.517831683158874512e-01 4.579762935638427734e+00 1.109235717773437500e+03
4.500244140625000000e+01 2.211633300781250000e+02 1.172870407104492188e+02 1.955298781394958496e-01 4.701869010925292969e+00 1.197815917968750000e+03
4.859710311889648438e+01 2.397042999267578125e+02 1.263286972045898438e+02 2.481530308723449707e-01 4.826280117034912109e+00 1.290029541015625000e+03
5.224622726440429688e+01 2.582689819335937500e+02 1.355648651123046875e+02 2.687896192073822021e-01 4.951837539672851562e+00 1.386885009765625000e+03
5.597171020507812500e+01 2.771347656250000000e+02 1.450075378417968750e+02 2.769940197467803955e-01 5.077890396118164062e+00 1.486933715820312500e+03
5.976217269897460938e+01 2.963132324218750000e+02 1.546098785400390625e+02 2.818015217781066895e-01 5.203552246093750000e+00 1.588996704101562500e+03
6.388321685791015625e+01 3.173226623535156250e+02 1.650552825927734375e+02 3.017860949039459229e-01 5.337562561035156250e+00 1.699156738281250000e+03
6.822256469726562500e+01 3.394257202148437500e+02 1.760550689697265625e+02 3.181590139865875244e-01 5.476064682006835938e+00 1.815703857421875000e+03
7.262338256835937500e+01 3.618575134277343750e+02 1.872174530029296875e+02 3.342103362083435059e-01 5.614192008972167969e+00 1.934046752929687500e+03
7.730001831054687500e+01 3.856329956054687500e+02 1.990783691406250000e+02 3.421646654605865479e-01 5.758433818817138672e+00 2.060752197265625000e+03
8.203419494628906250e+01 4.096501770019531250e+02 2.110680999755859375e+02 3.437627255916595459e-01 5.901631832122802734e+00 2.189403076171875000e+03
8.673348999023437500e+01 4.331698303222656250e+02 2.230334472656250000e+02 3.108452558517456055e-01 6.043471336364746094e+00 2.320823486328125000e+03
9.146674346923828125e+01 4.568930664062500000e+02 2.350729675292968750e+02 2.834694385528564453e-01 6.183909416198730469e+00 2.452847900390625000e+03
9.646761322021484375e+01 4.822027893066406250e+02 2.477582855224609375e+02 2.776874899864196777e-01 6.329076766967773438e+00 2.590097167968750000e+03
1.016098022460937500e+02 5.083873901367187500e+02 2.607612609863281250e+02 2.855430841445922852e-01 6.475161552429199219e+00 2.729502929687500000e+03
1.067889862060546875e+02 5.344684448242187500e+02 2.738698425292968750e+02 2.681154608726501465e-01 6.620893001556396484e+00 2.872723876953125000e+03
1.121369552612304688e+02 5.615325317382812500e+02 2.874119262695312500e+02 2.606738507747650146e-01 6.769492149353027344e+00 3.019782226562500000e+03
1.175976486206054688e+02 5.891547851562500000e+02 3.012371215820312500e+02 2.518966794013977051e-01 6.919313430786132812e+00 3.170191162109375000e+03
1.230198745727539062e+02 6.164818115234375000e+02 3.149515380859375000e+02 2.363746464252471924e-01 7.066130161285400391e+00 3.320235839843750000e+03
1.284769744873046875e+02 6.439048461914062500e+02 3.287353820800781250e+02 2.164642810821533203e-01 7.211908340454101562e+00 3.471755859375000000e+03
1.340216064453125000e+02 6.716945190429687500e+02 3.427134704589843750e+02 1.934134215116500854e-01 7.357913017272949219e+00 3.626102050781250000e+03
1.397962341308593750e+02 7.006445312500000000e+02 3.573159790039062500e+02 1.707240343093872070e-01 7.509361267089843750e+00 3.787685791015625000e+03
1.458188934326171875e+02 7.309507446289062500e+02 3.725430603027343750e+02 1.546967476606369019e-01 7.665518283843994141e+00 3.955496093750000000e+03
1.518791809082031250e+02 7.614724121093750000e+02 3.878210449218750000e+02 1.414977312088012695e-01 7.820114612579345703e+00 4.123584472656250000e+03
1.581867980957031250e+02 7.935189208984375000e+02 4.036954040527343750e+02 1.417993009090423584e-01 7.978655815124511719e+00 4.296008789062500000e+03
1.645430297851562500e+02 8.258241577148437500e+02 4.196826782226562500e+02 1.424024552106857300e-01 8.136712074279785156e+00 4.469599609375000000e+03
1.711788482666015625e+02 8.597364501953125000e+02 4.363385925292968750e+02 1.516237258911132812e-01 8.299328804016113281e+00 4.649056640625000000e+03
1.779930877685546875e+02 8.942707519531250000e+02 4.535269775390625000e+02 1.457454711198806763e-01 8.466767311096191406e+00 4.837246582031250000e+03
1.849654846191406250e+02 9.294932861328125000e+02 4.711693725585937500e+02 1.339867562055587769e-01 8.637780189514160156e+00 5.031742675781250000e+03
1.921590728759765625e+02 9.660128784179687500e+02 4.893707275390625000e+02 1.297370940446853638e-01 8.812506675720214844e+00 5.231076171875000000e+03
1.995348052978515625e+02 1.003434265136718750e+03 5.080207824707031250e+02 1.244034469127655029e-01 8.989871978759765625e+00 5.435707031250000000e+03
2.071633758544921875e+02 1.042280273437500000e+03 5.273506469726562500e+02 1.237783581018447876e-01 9.172467231750488281e+00 5.646951660156250000e+03
2.150700836181640625e+02 1.083069824218750000e+03 5.472559204101562500e+02 1.452471613883972168e-01 9.357174873352050781e+00 5.859807128906250000e+03
2.231480255126953125e+02 1.124534545898437500e+03 5.675762939453125000e+02 1.587826460599899292e-01 9.544164657592773438e+00 6.079073730468750000e+03
2.311055755615234375e+02 1.165204589843750000e+03 5.876112670898437500e+02 1.641613692045211792e-01 9.727436065673828125e+00 6.296750488281250000e+03
2.390706024169921875e+02 1.205654174804687500e+03 6.077302246093750000e+02 1.575570106506347656e-01 9.910982131958007812e+00 6.517801757812500000e+03
2.470660247802734375e+02 1.246139282226562500e+03 6.279280395507812500e+02 1.463705003261566162e-01 1.009403800964355469e+01 6.740786621093750000e+03
2.549898529052734375e+02 1.286099365234375000e+03 6.479685058593750000e+02 1.296861618757247925e-01 1.027479743957519531e+01 6.963434570312500000e+03
2.630314636230468750e+02 1.326557373046875000e+03 6.683148193359375000e+02 1.107729002833366394e-01 1.045723724365234375e+01 7.190454589843750000e+03
2.715295410156250000e+02 1.369692016601562500e+03 6.897794799804687500e+02 1.044186875224113464e-01 1.064776802062988281e+01 7.427027832031250000e+03
2.799318237304687500e+02 1.411947509765625000e+03 7.110895996093750000e+02 8.625896275043487549e-02 1.083686733245849609e+01 7.665462402343750000e+03
2.889044189453125000e+02 1.457491577148437500e+03 7.337893676757812500e+02 8.007735759019851685e-02 1.103609561920166016e+01 7.916238281250000000e+03
2.980576171875000000e+02 1.504076782226562500e+03 7.568728637695312500e+02 7.768021523952484131e-02 1.123658943176269531e+01 8.170136718750000000e+03
3.072900390625000000e+02 1.551125244140625000e+03 7.801665039062500000e+02 7.664006948471069336e-02 1.143772411346435547e+01 8.425914062500000000e+03
3.167669677734375000e+02 1.599653686523437500e+03 8.040304565429687500e+02 8.158004283905029297e-02 1.164190959930419922e+01 8.686014648437500000e+03
3.261692199707031250e+02 1.647830566406250000e+03 8.276596069335937500e+02 8.752412348985671997e-02 1.184245681762695312e+01 8.943059570312500000e+03
3.358247375488281250e+02 1.696878662109375000e+03 8.520451049804687500e+02 8.149363845586776733e-02 1.204963684082031250e+01 9.212671875000000000e+03
3.451904602050781250e+02 1.744497070312500000e+03 8.757034301757812500e+02 7.701212167739868164e-02 1.224961280822753906e+01 9.473543945312500000e+03
3.546285095214843750e+02 1.792445922851562500e+03 8.995609741210937500e+02 7.162982970476150513e-02 1.245039367675781250e+01 9.737038085937500000e+03
3.643185119628906250e+02 1.841333618164062500e+03 9.241910400390625000e+02 5.827770382165908813e-02 1.265806865692138672e+01 1.001268847656250000e+04
3.740226135253906250e+02 1.890163085937500000e+03 9.487673339843750000e+02 4.471069201827049255e-02 1.286346912384033203e+01 1.028860644531250000e+04
3.843887634277343750e+02 1.943225463867187500e+03 9.749121704101562500e+02 4.733600839972496033e-02 1.307924079895019531e+01 1.057465136718750000e+04
3.945651855468750000e+02 1.994867187500000000e+03 1.000589111328125000e+03 4.210083186626434326e-02 1.329049587249755859e+01 1.085931250000000000e+04
4.049778442382812500e+02 2.047601562500000000e+03 1.026847656250000000e+03 3.548714891076087952e-02 1.350540256500244141e+01 1.115155175781250000e+04
4.155731201171875000e+02 2.101546875000000000e+03 1.053493041992187500e+03 3.366977348923683167e-02 1.372155189514160156e+01 1.144553222656250000e+04
4.262003784179687500e+02 2.155652587890625000e+03 1.080163452148437500e+03 3.203550353646278381e-02 1.393641281127929688e+01 1.173966406250000000e+04
4.369032592773437500e+02 2.210330078125000000e+03 1.106977416992187500e+03 3.315966948866844177e-02 1.415092945098876953e+01 1.203362207031250000e+04
4.478239746093750000e+02 2.265984375000000000e+03 1.134455200195312500e+03 3.181269019842147827e-02 1.437094306945800781e+01 1.233660546875000000e+04
4.587785644531250000e+02 2.321529296875000000e+03 1.161992553710937500e+03 2.699436992406845093e-02 1.459041213989257812e+01 1.264264648437500000e+04
4.699221801757812500e+02 2.377937744140625000e+03 1.190180541992187500e+03 2.093333564698696136e-02 1.481574440002441406e+01 1.295737890625000000e+04
4.812804260253906250e+02 2.435803466796875000e+03 1.218814575195312500e+03 1.941788196563720703e-02 1.504258823394775391e+01 1.327377832031250000e+04
4.925095520019531250e+02 2.492717041015625000e+03 1.247201904296875000e+03 1.506585348397493362e-02 1.526746654510498047e+01 1.359006250000000000e+04
5.041557617187500000e+02 2.552265869140625000e+03 1.276505249023437500e+03 1.573283970355987549e-02 1.549706554412841797e+01 1.391200781250000000e+04
5.161240844726562500e+02 2.613475097656250000e+03 1.306742309570312500e+03 1.613057591021060944e-02 1.573410415649414062e+01 1.424474609375000000e+04
5.278828735351562500e+02 2.673354736328125000e+03 1.336348388671875000e+03 1.453799568116664886e-02 1.596457004547119141e+01 1.457224707031250000e+04
5.396754150390625000e+02 2.732458740234375000e+03 1.366317871093750000e+03 6.198523566126823425e-03 1.619998550415039062e+01 1.491287011718750000e+04
5.517795410156250000e+02 2.794073974609375000e+03 1.397056030273437500e+03 4.744991194456815720e-03 1.643974876403808594e+01 1.525410449218750000e+04
5.638775024414062500e+02 2.854491455078125000e+03 1.427830200195312500e+03 3.767393936868757010e-04 1.668002700805664062e+01 1.560610351562500000e+04
5.766785888671875000e+02 2.919441162109375000e+03 1.460468139648437500e+03 6.661276188424380962e-07 1.693391418457031250e+01 1.597133496093750000e+04
5.887696533203125000e+02 2.980212646484375000e+03 1.491104248046875000e+03 1.102245645597577095e-03 1.717010116577148438e+01 1.631792773437500000e+04
6.012025756835937500e+02 3.043142333984375000e+03 1.522487182617187500e+03 2.732027787715196609e-03 1.740994453430175781e+01 1.666910156250000000e+04
6.141039428710937500e+02 3.108306152343750000e+03 1.555309204101562500e+03 6.231265608221292496e-03 1.766213989257812500e+01 1.703874609375000000e+04
6.262018432617187500e+02 3.168947753906250000e+03 1.585713500976562500e+03 1.308818534016609192e-02 1.789216232299804688e+01 1.738334960937500000e+04
6.388148803710937500e+02 3.232250732421875000e+03 1.617629150390625000e+03 2.267447672784328461e-02 1.813460731506347656e+01 1.774547070312500000e+04
6.510680541992187500e+02 3.293339599609375000e+03 1.648571777343750000e+03 3.885909542441368103e-02 1.836869430541992188e+01 1.809951562500000000e+04
6.639139404296875000e+02 3.358192871093750000e+03 1.680896484375000000e+03 4.814059287309646606e-02 1.861099243164062500e+01 1.846258398437500000e+04
6.767120971679687500e+02 3.422534667968750000e+03 1.713119995117187500e+03 6.235212087631225586e-02 1.885212707519531250e+01 1.882683789062500000e+04
6.899207153320312500e+02 3.490192382812500000e+03 1.746159912109375000e+03 5.795385316014289856e-02 1.909608650207519531e+01 1.918907617187500000e+04
7.033692016601562500e+02 3.558849853515625000e+03 1.779968627929687500e+03 5.781561136245727539e-02 1.934650802612304688e+01 1.956247070312500000e+04
7.163634643554687500e+02 3.625169921875000000e+03 1.812600463867187500e+03 5.772346630692481995e-02 1.958733367919921875e+01 1.992235937500000000e+04
7.291830444335937500e+02 3.690852539062500000e+03 1.844559692382812500e+03 5.316800251603126526e-02 1.982045745849609375e+01 2.027164843750000000e+04
7.421362304687500000e+02 3.756659179687500000e+03 1.877006469726562500e+03 5.704687163233757019e-02 2.005812263488769531e+01 2.063173046875000000e+04
7.554102783203125000e+02 3.824135498046875000e+03 1.910284545898437500e+03 6.076066941022872925e-02 2.030140686035156250e+01 2.100107226562500000e+04
7.690297851562500000e+02 3.893179931640625000e+03 1.944500000000000000e+03 6.788954138755798340e-02 2.055154800415039062e+01 2.138300585937500000e+04
7.826305541992187500e+02 3.962115722656250000e+03 1.978703491210937500e+03 7.569138705730438232e-02 2.080125427246093750e+01 2.176492578125000000e+04
7.971430053710937500e+02 4.036930419921875000e+03 2.015044189453125000e+03 6.458218395709991455e-02 2.106379890441894531e+01 2.216016796875000000e+04
8.115670776367187500e+02 4.110603027343750000e+03 2.051371582031250000e+03 6.487057358026504517e-02 2.132768630981445312e+01 2.256179492187500000e+04
8.254933471679687500e+02 4.182107910156250000e+03 2.086203125000000000e+03 5.883733555674552917e-02 2.157792472839355469e+01 2.294222265625000000e+04
8.401280517578125000e+02 4.256173828125000000e+03 2.123427001953125000e+03 7.037993520498275757e-02 2.185031318664550781e+01 2.336091406250000000e+04
8.548771972656250000e+02 4.331774414062500000e+03 2.160548828125000000e+03 6.691668927669525146e-02 2.211756324768066406e+01 2.376902343750000000e+04
8.693524169921875000e+02 4.405323730468750000e+03 2.196875732421875000e+03 7.235047966241836548e-02 2.237797546386718750e+01 2.417343164062500000e+04
8.839245605468750000e+02 4.478229003906250000e+03 2.233519775390625000e+03 9.628752619028091431e-02 2.264120483398437500e+01 2.459161914062500000e+04
8.988800659179687500e+02 4.553610351562500000e+03 2.270995361328125000e+03 1.131763309240341187e-01 2.290835380554199219e+01 2.501440820312500000e+04
9.132802734375000000e+02 4.625384277343750000e+03 2.307258300781250000e+03 1.472975611686706543e-01 2.316823387145996094e+01 2.543044726562500000e+04
9.282988281250000000e+02 4.700655273437500000e+03 2.345045654296875000e+03 1.777532249689102173e-01 2.343788146972656250e+01 2.586086718750000000e+04
9.435414428710937500e+02 4.777932128906250000e+03 2.383235107421875000e+03 1.895905584096908569e-01 2.370797729492187500e+01 2.628782031250000000e+04
9.589239501953125000e+02 4.855646972656250000e+03 2.421777832031250000e+03 2.081696242094039917e-01 2.398013496398925781e+01 2.672119335937500000e+04
9.738336791992187500e+02 4.930964355468750000e+03 2.459012939453125000e+03 2.259766310453414917e-01 2.424155807495117188e+01 2.713903320312500000e+04
9.893843994140625000e+02 5.010365722656250000e+03 2.497897705078125000e+03 2.249598950147628784e-01 2.451390457153320312e+01 2.756870703125000000e+04
1.005383605957031250e+03 5.092299804687500000e+03 2.537880859375000000e+03 2.182095497846603394e-01 2.479297828674316406e+01 2.800867968750000000e+04
1.021865966796875000e+03 5.176734863281250000e+03 2.579165039062500000e+03 2.118449509143829346e-01 2.508116149902343750e+01 2.846350390625000000e+04
1.039156250000000000e+03 5.266376953125000000e+03 2.622280029296875000e+03 1.813205778598785400e-01 2.537933540344238281e+01 2.892930859375000000e+04
1.056093017578125000e+03 5.354106445312500000e+03 2.664452880859375000e+03 1.553260982036590576e-01 2.566995620727539062e+01 2.938503515625000000e+04
1.073231933593750000e+03 5.442620117187500000e+03 2.707358886718750000e+03 1.375241726636886597e-01 2.596695899963378906e+01 2.985187304687500000e+04
1.090640380859375000e+03 5.533153320312500000e+03 2.750733642578125000e+03 1.096184402704238892e-01 2.626461791992187500e+01 3.031783203125000000e+04
1.108547973632812500e+03 5.625569824218750000e+03 2.795624755859375000e+03 9.618679434061050415e-02 2.657451438903808594e+01 3.080770507812500000e+04
1.126687988281250000e+03 5.719718750000000000e+03 2.840874023437500000e+03 7.574590295553207397e-02 2.688419532775878906e+01 3.129627539062500000e+04
1.144191528320312500e+03 5.809887695312500000e+03 2.884668212890625000e+03 6.695962697267532349e-02 2.718474960327148438e+01 3.177479296875000000e+04
1.161640258789062500e+03 5.899256347656250000e+03 2.928325195312500000e+03 6.486614048480987549e-02 2.748402976989746094e+01 3.225620117187500000e+04
1.179502075195312500e+03 5.990943359375000000e+03 2.973152587890625000e+03 6.111014634370803833e-02 2.779170989990234375e+01 3.274954492187500000e+04
1.197012084960937500e+03 6.079812500000000000e+03 3.017321777343750000e+03 7.000090926885604858e-02 2.809658241271972656e+01 3.324470703125000000e+04
1.214400878906250000e+03 6.167733398437500000e+03 3.061257080078125000e+03 8.395857363939285278e-02 2.840006065368652344e+01 3.374018359375000000e+04
1.232539428710937500e+03 6.259958984375000000e+03 3.107102539062500000e+03 9.274681657552719116e-02 2.871590805053710938e+01 3.425351562500000000e+04
1.251292358398437500e+03 6.354970703125000000e+03 3.154608398437500000e+03 1.076994612812995911e-01 2.904350471496582031e+01 3.478926171875000000e+04
1.270311035156250000e+03 6.451955566406250000e+03 3.202732421875000000e+03 1.139674335718154907e-01 2.937397575378417969e+01 3.532650781250000000e+04
1.289384521484375000e+03 6.549754882812500000e+03 3.250864501953125000e+03 1.117454394698143005e-01 2.970261764526367188e+01 3.585876953125000000e+04
1.308250610351562500e+03 6.646462890625000000e+03 3.298415283203125000e+03 1.096949055790901184e-01 3.002624130249023438e+01 3.638433593750000000e+04
1.327712524414062500e+03 6.746419433593750000e+03 3.347450927734375000e+03 1.050259843468666077e-01 3.035914039611816406e+01 3.692514843750000000e+04
1.347161376953125000e+03 6.844696777343750000e+03 3.396804199218750000e+03 1.255969405174255371e-01 3.069705200195312500e+01 3.748460156250000000e+04
1.366495849609375000e+03 6.943163085937500000e+03 3.445635009765625000e+03 1.340201795101165771e-01 3.102869033813476562e+01 3.803055859375000000e+04
1.385533569335937500e+03 7.039091308593750000e+03 3.493874511718750000e+03 1.602694541215896606e-01 3.135746192932128906e+01 3.857898046875000000e+04
1.405688964843750000e+03 7.142240722656250000e+03 3.544660156250000000e+03 1.607622504234313965e-01 3.169993400573730469e+01 3.914271875000000000e+04
1.426422851562500000e+03 7.249235351562500000e+03 3.596712158203125000e+03 1.460190266370773315e-01 3.204841232299804688e+01 3.971273046875000000e+04
1.447484008789062500e+03 7.357422851562500000e+03 3.649526611328125000e+03 1.394668966531753540e-01 3.240108489990234375e+01 4.029555859375000000e+04
1.468881469726562500e+03 7.467047363281250000e+03 3.703495361328125000e+03 1.390535235404968262e-01 3.276337432861328125e+01 4.089482812500000000e+04
1.490365966796875000e+03 7.576279296875000000e+03 3.758010742187500000e+03 1.534889191389083862e-01 3.313160324096679688e+01 4.150851171875000000e+04
1.512082275390625000e+03 7.687473632812500000e+03 3.812710205078125000e+03 1.538062989711761475e-01 3.349695968627929688e+01 4.211640234375000000e+04
1.534081665039062500e+03 7.800175781250000000e+03 3.868071289062500000e+03 1.531341820955276489e-01 3.386570358276367188e+01 4.273124218750000000e+04
1.556017822265625000e+03 7.914087890625000000e+03 3.922886962890625000e+03 1.275913119316101074e-01 3.422650909423828125e+01 4.332521875000000000e+04
1.578412231445312500e+03 8.029271484375000000e+03 3.979161621093750000e+03 1.205359473824501038e-01 3.459922409057617188e+01 4.394614062500000000e+04
1.600329956054687500e+03 8.142285156250000000e+03 4.033957519531250000e+03 1.090102046728134155e-01 3.495935058593750000e+01 4.454691015625000000e+04
1.623136962890625000e+03 8.258345703125000000e+03 4.091366943359375000e+03 1.194886043667793274e-01 3.533966064453125000e+01 4.519183984375000000e+04
1.645583496093750000e+03 8.373129882812500000e+03 4.147546875000000000e+03 1.210893467068672180e-01 3.570861816406250000e+01 4.581680859375000000e+04
1.668069824218750000e+03 8.487579101562500000e+03 4.203986816406250000e+03 1.307612657546997070e-01 3.608016586303710938e+01 4.644973437500000000e+04
1.690089843750000000e+03 8.599409179687500000e+03 4.259470214843750000e+03 1.449949443340301514e-01 3.644667053222656250e+01 4.707418750000000000e+04
1.712532470703125000e+03 8.713230468750000000e+03 4.316194824218750000e+03 1.633776575326919556e-01 3.682217407226562500e+01 4.771478906250000000e+04
1.734678100585937500e+03 8.824565429687500000e+03 4.372222167968750000e+03 1.989172101020812988e-01 3.719339752197265625e+01 4.835589453125000000e+04
1.757396850585937500e+03 8.940083984375000000e+03 4.429321289062500000e+03 2.131010890007019043e-01 3.756771850585937500e+01 4.899733984375000000e+04
1.778854125976562500e+03 9.047828125000000000e+03 4.483438964843750000e+03 2.527388334274291992e-01 3.792420578002929688e+01 4.961646875000000000e+04
1.800309814453125000e+03 9.156339843750000000e+03 4.537349121093750000e+03 2.783011198043823242e-01 3.827694320678710938e+01 5.022567578125000000e+04
1.822604370117187500e+03 9.269222656250000000e+03 4.593509765625000000e+03 3.045318722724914551e-01 3.864488601684570312e+01 5.086047656250000000e+04
1.845492309570312500e+03 9.385080078125000000e+03 4.651254394531250000e+03 3.337806165218353271e-01 3.902326583862304688e+01 5.151420312500000000e+04
1.868757934570312500e+03 9.502321289062500000e+03 4.710201171875000000e+03 3.781366646289825439e-01 3.941106033325195312e+01 5.218713671875000000e+04
1.892018066406250000e+03 9.619058593750000000e+03 4.769234863281250000e+03 4.370124936103820801e-01 3.979991912841796875e+01 5.286548046875000000e+04
1.915141113281250000e+03 9.734708984375000000e+03 4.827938476562500000e+03 5.094018578529357910e-01 4.018641281127929688e+01 5.354338671875000000e+04
1.938451660156250000e+03 9.851051757812500000e+03 4.887020507812500000e+03 5.931549072265625000e-01 4.057423782348632812e+01 5.422767578125000000e+04
1.962370605468750000e+03 9.972288085937500000e+03 4.947361816406250000e+03 6.284575462341308594e-01 4.096682357788085938e+01 5.491000781250000000e+04
1.985637939453125000e+03 1.008888671875000000e+04 5.005782714843750000e+03 7.000703215599060059e-01 4.134508895874023438e+01 5.558093359375000000e+04
2.009767089843750000e+03 1.021303222656250000e+04 5.066155761718750000e+03 6.781679391860961914e-01 4.173237228393554688e+01 5.624601171875000000e+04
2.033517822265625000e+03 1.033325976562500000e+04 5.126018066406250000e+03 7.187261581420898438e-01 4.212008285522460938e+01 5.692368750000000000e+04
2.058047851562500000e+03 1.045776171875000000e+04 5.187744628906250000e+03 7.510738372802734375e-01 4.251843261718750000e+01 5.762009765625000000e+04
2.082734130859375000e+03 1.058263281250000000e+04 5.249707519531250000e+03 7.956128120422363281e-01 4.291683959960937500e+01 5.832253125000000000e+04
2.107482910156250000e+03 1.070839843750000000e+04 5.311497558593750000e+03 8.200243711471557617e-01 4.331094741821289062e+01 5.901702734375000000e+04
2.132029052734375000e+03 1.083391113281250000e+04 5.372860351562500000e+03 8.203191161155700684e-01 4.370208740234375000e+01 5.969969140625000000e+04
2.157121337890625000e+03 1.096181933593750000e+04 5.435644042968750000e+03 8.340134024620056152e-01 4.410240173339843750e+01 6.040236328125000000e+04
2.181957275390625000e+03 1.108850390625000000e+04 5.497898925781250000e+03 8.458179831504821777e-01 4.449968338012695312e+01 6.109827343750000000e+04
2.207401367187500000e+03 1.121809863281250000e+04 5.561908203125000000e+03 8.665193915367126465e-01 4.490946960449218750e+01 6.181672656250000000e+04
2.232962646484375000e+03 1.134929394531250000e+04 5.626181152343750000e+03 8.556664586067199707e-01 4.531972122192382812e+01 6.252920703125000000e+04
2.258894531250000000e+03 1.148192773437500000e+04 5.691630371093750000e+03 8.616416454315185547e-01 4.573896789550781250e+01 6.325978125000000000e+04
2.284304931640625000e+03 1.161168847656250000e+04 5.755708496093750000e+03 8.732005357742309570e-01 4.614871978759765625e+01 6.397613671875000000e+04
2.309448730468750000e+03 1.174039550781250000e+04 5.819015136718750000e+03 8.741657137870788574e-01 4.655229568481445312e+01 6.468049609375000000e+04
2.336038818359375000e+03 1.187581152343750000e+04 5.886176269531250000e+03 8.994963765144348145e-01 4.698168945312500000e+01 6.543592187500000000e+04
2.362837158203125000e+03 1.201242675781250000e+04 5.953993652343750000e+03 9.220777153968811035e-01 4.741560745239257812e+01 6.619794531250000000e+04
2.390375244140625000e+03 1.215286425781250000e+04 6.023660156250000000e+03 9.439356923103332520e-01 4.786062240600585938e+01 6.698092187500000000e+04
2.417627685546875000e+03 1.229135742187500000e+04 6.092650878906250000e+03 9.817700982093811035e-01 4.830141067504882812e+01 6.776039062500000000e+04
2.445734619140625000e+03 1.243473535156250000e+04 6.163867187500000000e+03 1.004640698432922363e+00 4.875597381591796875e+01 6.856115625000000000e+04
2.474011718750000000e+03 1.257988378906250000e+04 6.235058593750000000e+03 9.944203495979309082e-01 4.920620346069335938e+01 6.935245312500000000e+04
2.502206542968750000e+03 1.272397851562500000e+04 6.306251464843750000e+03 1.006448149681091309e+00 4.965776824951171875e+01 7.014979687500000000e+04
2.530574218750000000e+03 1.286901855468750000e+04 6.377695312500000000e+03 1.014965772628784180e+00 5.010907363891601562e+01 7.094892968750000000e+04
2.558882568359375000e+03 1.301357812500000000e+04 6.449104003906250000e+03 1.030191302299499512e+00 5.056059265136718750e+01 7.174941406250000000e+04
2.586952636718750000e+03 1.315760644531250000e+04 6.519695312500000000e+03 1.021511077880859375e+00 5.100459671020507812e+01 7.253377343750000000e+04
2.614427246093750000e+03 1.329757226562500000e+04 6.589022949218750000e+03 1.046685576438903809e+00 5.144245147705078125e+01 7.331289843750000000e+04
2.642420166015625000e+03 1.344062500000000000e+04 6.659537109375000000e+03 1.057604432106018066e+00 5.188619232177734375e+01 7.410158593750000000e+04
2.670878906250000000e+03 1.358696093750000000e+04 6.731040039062500000e+03 1.038434028625488281e+00 5.233400726318359375e+01 7.489315625000000000e+04
2.698793457031250000e+03 1.372899609375000000e+04 6.801386718750000000e+03 1.068838834762573242e+00 5.277632141113281250e+01 7.568513281250000000e+04
2.726832519531250000e+03 1.387288476562500000e+04 6.871668945312500000e+03 1.057750105857849121e+00 5.321456909179687500e+01 7.646471875000000000e+04
2.754881835937500000e+03 1.401598925781250000e+04 6.942177734375000000e+03 1.074713826179504395e+00 5.365565109252929688e+01 7.725459375000000000e+04
2.782043457031250000e+03 1.415416210937500000e+04 7.010304687500000000e+03 1.101961731910705566e+00 5.408069992065429688e+01 7.801993750000000000e+04
2.809509033203125000e+03 1.429473730468750000e+04 7.079133789062500000e+03 1.102367281913757324e+00 5.450886917114257812e+01 7.878569531250000000e+04
2.838231445312500000e+03 1.444326367187500000e+04 7.151005859375000000e+03 1.055013895034790039e+00 5.495394897460937500e+01 7.957267968750000000e+04
2.866887939453125000e+03 1.459020800781250000e+04 7.223036621093750000e+03 1.049855589866638184e+00 5.540254974365234375e+01 8.037330468750000000e+04
2.895459472656250000e+03 1.473659667968750000e+04 7.294638183593750000e+03 1.046622633934020996e+00 5.584657669067382812e+01 8.116939843750000000e+04
2.925092285156250000e+03 1.488856835937500000e+04 7.368929199218750000e+03 1.039859652519226074e+00 5.630691909790039062e+01 8.199524218750000000e+04
2.953880126953125000e+03 1.503534277343750000e+04 7.441268554687500000e+03 1.060292005538940430e+00 5.675647735595703125e+01 8.280652343750000000e+04
2.982032714843750000e+03 1.517779003906250000e+04 7.512332519531250000e+03 1.116155862808227539e+00 5.720047378540039062e+01 8.361322656250000000e+04
3.010237060546875000e+03 1.532282324218750000e+04 7.582858886718750000e+03 1.095221519470214844e+00 5.763508224487304688e+01 8.439147656250000000e+04
3.037062988281250000e+03 1.545943847656250000e+04 7.649894531250000000e+03 1.114406943321228027e+00 5.804822158813476562e+01 8.514107031250000000e+04
3.066271484375000000e+03 1.560949121093750000e+04 7.722863281250000000e+03 1.097385883331298828e+00 5.849662780761718750e+01 8.594824218750000000e+04
3.094897460937500000e+03 1.575461621093750000e+04 7.794621582031250000e+03 1.141354560852050781e+00 5.893983840942382812e+01 8.675908593750000000e+04
3.124835693359375000e+03 1.590823925781250000e+04 7.869437011718750000e+03 1.129834651947021484e+00 5.939905166625976562e+01 8.758890625000000000e+04
3.156864013671875000e+03 1.607387207031250000e+04 7.949477539062500000e+03 1.080591440200805664e+00 5.988907623291015625e+01 8.846735937500000000e+04
3.188242431640625000e+03 1.623500585937500000e+04 8.028325195312500000e+03 1.070191025733947754e+00 6.037498092651367188e+01 8.934330468750000000e+04
3.219045166015625000e+03 1.639096093750000000e+04 8.105738769531250000e+03 1.125377178192138672e+00 6.085293197631835938e+01 9.022239062500000000e+04
3.250690673828125000e+03 1.655389062500000000e+04 8.185113769531250000e+03 1.101300597190856934e+00 6.134005737304687500e+01 9.110016406250000000e+04
3.282440917968750000e+03 1.671791015625000000e+04 8.264638671875000000e+03 1.060872435569763184e+00 6.182675933837890625e+01 9.197433593750000000e+04
3.313689208984375000e+03 1.687868750000000000e+04 8.342857421875000000e+03 1.039917588233947754e+00 6.230499267578125000e+01 9.283915625000000000e+04
3.345299804687500000e+03 1.704129882812500000e+04 8.422099609375000000e+03 1.021165132522583008e+00 6.278991699218750000e+01 9.371621875000000000e+04
3.380127685546875000e+03 1.722215234375000000e+04 8.509743164062500000e+03 9.592892527580261230e-01 6.332716369628906250e+01 9.467548437500000000e+04
3.414043212890625000e+03 1.739711328125000000e+04 8.595156250000000000e+03 9.318736195564270020e-01 6.385129165649414062e+01 9.561980468750000000e+04
3.447357666015625000e+03 1.756803515625000000e+04 8.679207031250000000e+03 9.311370849609375000e-01 6.436820220947265625e+01 9.655717968750000000e+04
3.479049804687500000e+03 1.773085156250000000e+04 8.758481445312500000e+03 9.185791611671447754e-01 6.485069274902343750e+01 9.743560156250000000e+04
3.512706054687500000e+03 1.790387890625000000e+04 8.842774414062500000e+03 9.041852355003356934e-01 6.536370849609375000e+01 9.837084375000000000e+04
3.544508789062500000e+03 1.806894531250000000e+04 8.921886718750000000e+03 8.470562100410461426e-01 6.584062194824218750e+01 9.923128906250000000e+04
3.578340576171875000e+03 1.824274414062500000e+04 9.007027343750000000e+03 8.399229049682617188e-01 6.636093139648437500e+01 1.001782031250000000e+05
3.611355957031250000e+03 1.841267187500000000e+04 9.090195312500000000e+03 8.256543278694152832e-01 6.686936187744140625e+01 1.010996796875000000e+05
3.645199707031250000e+03 1.858792968750000000e+04 9.175219726562500000e+03 7.849188446998596191e-01 6.738662719726562500e+01 1.020324218750000000e+05
3.678674804687500000e+03 1.875879492187500000e+04 9.259701171875000000e+03 8.058672547340393066e-01 6.790391540527343750e+01 1.029817421875000000e+05
3.712781982421875000e+03 1.893295507812500000e+04 9.345996093750000000e+03 8.276043534278869629e-01 6.843343353271484375e+01 1.039520703125000000e+05
3.746316650390625000e+03 1.910396679687500000e+04 9.430518554687500000e+03 8.518348932266235352e-01 6.894955444335937500e+01 1.049028203125000000e+05
3.779735351562500000e+03 1.927270117187500000e+04 9.515045898437500000e+03 9.198032021522521973e-01 6.946818542480468750e+01 1.058691875000000000e+05
3.814183349609375000e+03 1.944910546875000000e+04 9.601750000000000000e+03 9.268575310707092285e-01 6.999557495117187500e+01 1.068384296875000000e+05
3.849436523437500000e+03 1.962882031250000000e+04 9.690814453125000000e+03 9.569839835166931152e-01 7.053964996337890625e+01 1.078428671875000000e+05
3.883318359375000000e+03 1.980192578125000000e+04 9.776262695312500000e+03 9.749514460563659668e-01 7.106008148193359375e+01 1.088012500000000000e+05
3.916145019531250000e+03 1.996880078125000000e+04 9.858932617187500000e+03 1.012283086776733398e+00 7.156296539306640625e+01 1.097343671875000000e+05
3.948531005859375000e+03 2.013291406250000000e+04 9.940346679687500000e+03 1.061787128448486328e+00 7.205706787109375000e+01 1.106569296875000000e+05
3.982324218750000000e+03 2.030741992187500000e+04 1.002500976562500000e+04 1.027874827384948730e+00 7.256712341308593750e+01 1.115881953125000000e+05
4.014675781250000000e+03 2.047290039062500000e+04 1.010610546875000000e+04 1.035711288452148438e+00 7.305641174316406250e+01 1.124926250000000000e+05
4.048616455078125000e+03 2.064390429687500000e+04 1.019203222656250000e+04 1.118952512741088867e+00 7.358144378662109375e+01 1.134780234375000000e+05
4.082531494140625000e+03 2.081648046875000000e+04 1.027711328125000000e+04 1.152491092681884766e+00 7.409478759765625000e+01 1.144365781250000000e+05
4.116728515625000000e+03 2.099195312500000000e+04 1.036264843750000000e+04 1.145340204238891602e+00 7.460821533203125000e+01 1.153868125000000000e+05
4.149320800781250000e+03 2.115587500000000000e+04 1.044457421875000000e+04 1.230314612388610840e+00 7.510405731201171875e+01 1.163255625000000000e+05
4.183249023437500000e+03 2.132599023437500000e+04 1.053097265625000000e+04 1.346487045288085938e+00 7.563439941406250000e+01 1.173245625000000000e+05
4.218222656250000000e+03 2.150248437500000000e+04 1.061989160156250000e+04 1.436473488807678223e+00 7.617831420898437500e+01 1.183432890625000000e+05
4.252294433593750000e+03 2.167394531250000000e+04 1.070606640625000000e+04 1.535828471183776855e+00 7.670228576660156250e+01 1.193324609375000000e+05
4.286585937500000000e+03 2.184696093750000000e+04 1.079281054687500000e+04 1.625422835350036621e+00 7.722934722900390625e+01 1.203246171875000000e+05
4.321731445312500000e+03 2.202583789062500000e+04 1.088162890625000000e+04 1.669456958770751953e+00 7.776733398437500000e+01 1.213272343750000000e+05
4.358097167968750000e+03 2.221221093750000000e+04 1.097314257812500000e+04 1.672175765037536621e+00 7.831793212890625000e+01 1.223490156250000000e+05
4.392877441406250000e+03 2.238668554687500000e+04 1.106130761718750000e+04 1.799475908279418945e+00 7.885423278808593750e+01 1.233668906250000000e+05
4.429924316406250000e+03 2.257518164062500000e+04 1.115471484375000000e+04 1.847860217094421387e+00 7.941731262207031250e+01 1.244228515625000000e+05
4.466708984375000000e+03 2.276281445312500000e+04 1.124768457031250000e+04 1.883228659629821777e+00 7.997869873046875000e+01 1.254699921875000000e+05
4.506046386718750000e+03 2.296222851562500000e+04 1.134732226562500000e+04 1.965377926826477051e+00 8.058175659179687500e+01 1.266063125000000000e+05
4.545686523437500000e+03 2.315963281250000000e+04 1.144838085937500000e+04 2.178379058837890625e+00 8.119897460937500000e+01 1.277922421875000000e+05
4.583095214843750000e+03 2.334533203125000000e+04 1.154331152343750000e+04 2.402477025985717773e+00 8.177588653564453125e+01 1.289080859375000000e+05
4.620910644531250000e+03 2.353149804687500000e+04 1.163988964843750000e+04 2.706004619598388672e+00 8.236714935302734375e+01 1.300590000000000000e+05
4.657583496093750000e+03 2.371906054687500000e+04 1.173194433593750000e+04 2.717236042022705078e+00 8.291678619384765625e+01 1.310888593750000000e+05
4.692130859375000000e+03 2.389119921875000000e+04 1.181892382812500000e+04 2.907906055450439453e+00 8.343979644775390625e+01 1.321009062500000000e+05
4.725659179687500000e+03 2.405868554687500000e+04 1.190379882812500000e+04 3.084103822708129883e+00 8.395307159423828125e+01 1.330843125000000000e+05
4.761326171875000000e+03 2.423670703125000000e+04 1.199461328125000000e+04 3.291509866714477539e+00 8.450512695312500000e+01 1.341416718750000000e+05
4.797147460937500000e+03 2.441820703125000000e+04 1.208469042968750000e+04 3.375223875045776367e+00 8.504375457763671875e+01 1.351638281250000000e+05
4.833659179687500000e+03 2.460277148437500000e+04 1.217702636718750000e+04 3.486236095428466797e+00 8.559916687011718750e+01 1.362173750000000000e+05
4.870394042968750000e+03 2.478921289062500000e+04 1.226931640625000000e+04 3.559351444244384766e+00 8.614956665039062500e+01 1.372623125000000000e+05
4.906154296875000000e+03 2.496997460937500000e+04 1.235915332031250000e+04 3.661580085754394531e+00 8.668535614013671875e+01 1.382847031250000000e+05
4.941129394531250000e+03 2.514695312500000000e+04 1.244712304687500000e+04 3.755609989166259766e+00 8.721068572998046875e+01 1.392837812500000000e+05
4.975070312500000000e+03 2.531615820312500000e+04 1.253296875000000000e+04 3.966428995132446289e+00 8.772740936279296875e+01 1.402812187500000000e+05
5.011910156250000000e+03 2.550310546875000000e+04 1.262614843750000000e+04 4.051053524017333984e+00 8.828626251220703125e+01 1.413376718750000000e+05
5.048547363281250000e+03 2.568837109375000000e+04 1.271870214843750000e+04 4.163989067077636719e+00 8.884053039550781250e+01 1.423923437500000000e+05
