0.000000000000000000e+00 0.000000000000000000e+00 0.000000000000000000e+00
9.651400148868559056e-03 -4.386762157082557678e-04 1.091891407966613547e+00
9.752765297889709473e-02 -8.562994189560413361e-03 2.200188636779784712e+00
1.282071173191070557e-01 -1.621381286531686783e-02 3.349078774452209029e+00
1.385729387402534485e-01 -3.548599127680063248e-02 4.472777605056762695e+00
1.352728605270385742e-01 -4.953390266746282578e-02 5.783482313156127930e+00
1.300911009311676025e-01 -6.251549441367387772e-02 7.132415533065795898e+00
1.417752951383590698e-01 -7.916451152414083481e-02 8.473231792449951172e+00
1.709841936826705933e-01 -9.118947479873895645e-02 9.811655044555664062e+00
1.719911247491836548e-01 -1.037228656932711601e-01 1.116430246829986572e+01
1.739634871482849121e-01 -1.235576728358864784e-01 1.255733680725097656e+01
1.498547345399856567e-01 -1.496618995442986488e-01 1.390346848964691162e+01
1.512712985277175903e-01 -1.658737016841769218e-01 1.531135225296020508e+01
2.010449022054672241e-01 -1.814055601134896278e-01 1.673848605155944824e+01
2.323820441961288452e-01 -2.035580696538090706e-01 1.826317334175109863e+01
2.857469916343688965e-01 -2.356565119698643684e-01 1.976164817810058594e+01
3.013584166765213013e-01 -2.578885974362492561e-01 2.127833867073059082e+01
2.867303341627120972e-01 -2.737011862918734550e-01 2.263758480548858643e+01
3.402522727847099304e-01 -2.827124483883380890e-01 2.407931399345397949e+01
3.289645574986934662e-01 -2.865888401865959167e-01 2.551569855213165283e+01
3.345202393829822540e-01 -2.847281247377395630e-01 2.692665934562683105e+01
3.411687985062599182e-01 -2.848015744239091873e-01 2.831322538852691650e+01
3.668696694076061249e-01 -2.909733671694993973e-01 2.968893313407897949e+01
4.505281709134578705e-01 -2.984733926132321358e-01 3.107046616077423096e+01
5.403611250221729279e-01 -3.068088311702013016e-01 3.237230932712554932e+01
6.010796055197715759e-01 -3.207943262532353401e-01 3.368591165542602539e+01
6.645797565579414368e-01 -3.384055709466338158e-01 3.500264716148376465e+01
6.913976818323135376e-01 -3.591567417606711388e-01 3.633557653427124023e+01
7.053450420498847961e-01 -3.809571592137217522e-01 3.766431665420532227e+01
7.155867218971252441e-01 -4.038220355287194252e-01 3.897440040111541748e+01
7.397634685039520264e-01 -4.304938400164246559e-01 4.034207189083099365e+01
7.608738467097282410e-01 -4.542459631338715553e-01 4.174170994758605957e+01
7.801197841763496399e-01 -4.834772916510701180e-01 4.311742961406707764e+01
7.937809973955154419e-01 -5.054747732356190681e-01 4.454476082324981689e+01
8.022833764553070068e-01 -5.243060262873768806e-01 4.594984948635101318e+01
7.794439978897571564e-01 -5.465462496504187584e-01 4.734282708168029785e+01
7.595746740698814392e-01 -5.714407442137598991e-01 4.870291900634765625e+01
7.596123591065406799e-01 -5.973430601879954338e-01 5.007868242263793945e+01
7.726591005921363831e-01 -6.228917380794882774e-01 5.143929505348205566e+01
7.627974152565002441e-01 -6.407290184870362282e-01 5.280156362056732178e+01
7.612425386905670166e-01 -6.649490268900990486e-01 5.416526138782501221e+01
7.582147419452667236e-01 -6.891518486663699150e-01 5.552608454227447510e+01
7.480944171547889709e-01 -7.115212073549628258e-01 5.685178446769714355e+01
7.332062944769859314e-01 -7.302491115406155586e-01 5.816053485870361328e+01
7.147723212838172913e-01 -7.430062321946024895e-01 5.946484899520874023e+01
6.944714412093162537e-01 -7.610214697197079659e-01 6.080073118209838867e+01
6.809581220149993896e-01 -7.802102221176028252e-01 6.215829586982727051e+01
6.706296056509017944e-01 -7.959795063361525536e-01 6.348964869976043701e+01
6.775442138314247131e-01 -8.152647605165839195e-01 6.482743895053863525e+01
6.844901889562606812e-01 -8.357679722830653191e-01 6.614733779430389404e+01
7.032994404435157776e-01 -8.545726211741566658e-01 6.748533022403717041e+01
7.021504938602447510e-01 -8.749971026554703712e-01 6.886083805561065674e+01
6.922056376934051514e-01 -8.992320103570818901e-01 7.025443565845489502e+01
6.915559843182563782e-01 -9.278034223243594170e-01 7.165493607521057129e+01
6.899159923195838928e-01 -9.531395072117447853e-01 7.306527161598205566e+01
6.936456188559532166e-01 -9.864429840818047523e-01 7.449339044094085693e+01
7.284743413329124451e-01 -1.016722046770155430e+00 7.590591263771057129e+01
7.529689446091651917e-01 -1.038025238551199436e+00 7.733468675613403320e+01
7.659978866577148438e-01 -1.061157916672527790e+00 7.872764170169830322e+01
7.632837295532226562e-01 -1.087314504198729992e+00 8.011755943298339844e+01
7.544916495680809021e-01 -1.112197521142661572e+00 8.149595546722412109e+01
7.368977442383766174e-01 -1.139078601263463497e+00 8.284952592849731445e+01
7.146943956613540649e-01 -1.164554285816848278e+00 8.420761311054229736e+01
7.105447426438331604e-01 -1.190578198991715908e+00 8.560036194324493408e+01
6.856015026569366455e-01 -1.220077938400208950e+00 8.698154509067535400e+01
6.804978027939796448e-01 -1.247184210456907749e+00 8.841149497032165527e+01
6.829295009374618530e-01 -1.268810494802892208e+00 8.983661949634552002e+01
6.869767569005489349e-01 -1.294335109181702137e+00 9.124992740154266357e+01
7.019885517656803131e-01 -1.319200049154460430e+00 9.266536366939544678e+01
7.183338217437267303e-01 -1.343166545964777470e+00 9.404350745677947998e+01
7.140523009002208710e-01 -1.367517699487507343e+00 9.546783375740051270e+01
7.102304734289646149e-01 -1.399835337884724140e+00 9.682591366767883301e+01
7.041077315807342529e-01 -1.433819201774895191e+00 9.817869400978088379e+01
6.809961684048175812e-01 -1.471701969392597675e+00 9.957425022125244141e+01
6.558850444853305817e-01 -1.499093993566930294e+00 1.009524077177047729e+02
6.671664454042911530e-01 -1.529269610531628132e+00 1.023619217872619629e+02
6.603763476014137268e-01 -1.554395918734371662e+00 1.037458817958831787e+02
6.501826867461204529e-01 -1.574441132135689259e+00 1.051481206417083740e+02
6.522335112094879150e-01 -1.593302029184997082e+00 1.065403821468353271e+02
6.552091836929321289e-01 -1.608457460999488831e+00 1.079157199859619141e+02
6.656292341649532318e-01 -1.624497992917895317e+00 1.092731271982192993e+02
6.680045761168003082e-01 -1.647445837035775185e+00 1.106547003984451294e+02
6.611382178962230682e-01 -1.663506399840116501e+00 1.120332558155059814e+02
6.463756449520587921e-01 -1.692755991593003273e+00 1.134332057237625122e+02
6.463718898594379425e-01 -1.720201689749956131e+00 1.148236517906188965e+02
6.340143010020256042e-01 -1.751774132251739502e+00 1.161969043016433716e+02
6.422365456819534302e-01 -1.778448000550270081e+00 1.175787043571472168e+02
6.479575708508491516e-01 -1.813807643949985504e+00 1.189898619651794434e+02
6.470716409385204315e-01 -1.839241338893771172e+00 1.203630433082580566e+02
6.094235442578792572e-01 -1.870601801201701164e+00 1.217746160030364990e+02
6.014987342059612274e-01 -1.916424898430705070e+00 1.231722676753997803e+02
5.566497035324573517e-01 -1.945388466119766235e+00 1.245981264114379883e+02
5.399634800851345062e-01 -1.993383951485157013e+00 1.260602689981460571e+02
5.103231929242610931e-01 -2.022786250337958336e+00 1.274328291416168213e+02
4.965312145650386810e-01 -2.048729848116636276e+00 1.288089653253555298e+02
4.729244597256183624e-01 -2.088457800447940826e+00 1.302414252758026123e+02
4.447350762784481049e-01 -2.099757940508425236e+00 1.315637302398681641e+02
4.137786589562892914e-01 -2.124468700028955936e+00 1.329387515783309937e+02
3.731356672942638397e-01 -2.142656845040619373e+00 1.342697516679763794e+02
3.573045469820499420e-01 -2.160969163291156292e+00 1.356213768720626831e+02
3.334577493369579315e-01 -2.178083130158483982e+00 1.369640892744064331e+02
3.488929383456707001e-01 -2.197712668217718601e+00 1.382867227792739868e+02
3.543642051517963409e-01 -2.224677565507590771e+00 1.396367642879486084e+02
3.586532659828662872e-01 -2.254940387792885303e+00 1.409256494045257568e+02
3.739444501698017120e-01 -2.275702989660203457e+00 1.421658056974411011e+02
3.709106035530567169e-01 -2.298153701238334179e+00 1.434330028295516968e+02
3.685638494789600372e-01 -2.321120099164545536e+00 1.447213478088378906e+02
3.600554503500461578e-01 -2.343640918843448162e+00 1.460418090820312500e+02
3.502358980476856232e-01 -2.369936962611973286e+00 1.473503211736679077e+02
3.765246607363224030e-01 -2.397787741385400295e+00 1.486926581859588623e+02
3.799859918653964996e-01 -2.431016310118138790e+00 1.500441411733627319e+02
3.965569771826267242e-01 -2.459628646261990070e+00 1.513133771419525146e+02
3.751211948692798615e-01 -2.507224340923130512e+00 1.526973943710327148e+02
3.852127231657505035e-01 -2.543469120748341084e+00 1.540350703001022339e+02
3.804217092692852020e-01 -2.566298753954470158e+00 1.553497034311294556e+02
3.466360978782176971e-01 -2.576840944588184357e+00 1.566978926658630371e+02
3.288115598261356354e-01 -2.584730623289942741e+00 1.580494639873504639e+02
2.879219315946102142e-01 -2.599189501255750656e+00 1.593680046796798706e+02
2.571468390524387360e-01 -2.612897416576743126e+00 1.607209246158599854e+02
2.502591125667095184e-01 -2.628424596041440964e+00 1.620519670248031616e+02
2.369816936552524567e-01 -2.640315965749323368e+00 1.633921011686325073e+02
2.253184206783771515e-01 -2.650350083597004414e+00 1.646739336252212524e+02
2.325191386044025421e-01 -2.670460348017513752e+00 1.659816302061080933e+02
2.462334670126438141e-01 -2.689787850715219975e+00 1.673102904558181763e+02
2.593621797859668732e-01 -2.711945294402539730e+00 1.686727268695831299e+02
3.011604435741901398e-01 -2.731649230234324932e+00 1.700571665763854980e+02
3.399322964251041412e-01 -2.750869912095367908e+00 1.714008170366287231e+02
3.685762323439121246e-01 -2.779497715644538403e+00 1.727661311626434326e+02
4.146755374968051910e-01 -2.803726711310446262e+00 1.741185106039047241e+02
4.415307901799678802e-01 -2.831152883358299732e+00 1.755289466381072998e+02
4.836720712482929230e-01 -2.852102831937372684e+00 1.769248858690261841e+02
5.058359466493129730e-01 -2.877838679589331150e+00 1.782811802625656128e+02
5.164154358208179474e-01 -2.898254216648638248e+00 1.796355139017105103e+02
5.291376672685146332e-01 -2.926714231260120869e+00 1.810127770900726318e+02
5.159682892262935638e-01 -2.958415065892040730e+00 1.823843884468078613e+02
4.945152364671230316e-01 -2.991683841682970524e+00 1.837465881109237671e+02
4.834177456796169281e-01 -3.027643495239317417e+00 1.851474046707153320e+02
4.640703983604907990e-01 -3.061765612103044987e+00 1.865982986688613892e+02
4.583955146372318268e-01 -3.099855178035795689e+00 1.880420556068420410e+02
4.654048122465610504e-01 -3.138065972365438938e+00 1.894616216421127319e+02
4.721715636551380157e-01 -3.175227948464453220e+00 1.908530052900314331e+02
4.836273305118083954e-01 -3.210479729808866978e+00 1.922745283842086792e+02
4.574091248214244843e-01 -3.245413866825401783e+00 1.937339248657226562e+02
4.499711431562900543e-01 -3.279159613884985447e+00 1.951477307081222534e+02
4.198216982185840607e-01 -3.311662287451326847e+00 1.965576684474945068e+02
4.245079122483730316e-01 -3.341724692843854427e+00 1.979968849420547485e+02
4.494506828486919403e-01 -3.369414697401225567e+00 1.994418786764144897e+02
4.661218337714672089e-01 -3.386871798895299435e+00 2.009089698791503906e+02
4.727326519787311554e-01 -3.415453265421092510e+00 2.024060269594192505e+02
4.585243798792362213e-01 -3.450950424186885357e+00 2.039274247884750366e+02
4.650144465267658234e-01 -3.474875709973275661e+00 2.054239337444305420e+02
4.733568690717220306e-01 -3.496086635626852512e+00 2.069266840219497681e+02
5.150110684335231781e-01 -3.517124206759035587e+00 2.083683844804763794e+02
5.324785374104976654e-01 -3.539000284858047962e+00 2.098648321628570557e+02
5.577829666435718536e-01 -3.554376275278627872e+00 2.113028725385665894e+02
5.514330081641674042e-01 -3.566276752389967442e+00 2.128359124660491943e+02
5.591240189969539642e-01 -3.572359853424131870e+00 2.143113219738006592e+02
5.548580102622509003e-01 -3.581227642484009266e+00 2.157951650619506836e+02
5.425528399646282196e-01 -3.601777481846511364e+00 2.172487407922744751e+02
5.252715386450290680e-01 -3.627208408899605274e+00 2.187297565937042236e+02
4.902330078184604645e-01 -3.647199633531272411e+00 2.202020953893661499e+02
4.828667156398296356e-01 -3.661035636439919472e+00 2.216658507585525513e+02
4.485047347843647003e-01 -3.678324604406952858e+00 2.230692778825759888e+02
4.304304085671901703e-01 -3.695606784895062447e+00 2.244417310953140259e+02
4.127173088490962982e-01 -3.715956285595893860e+00 2.258629758358001709e+02
3.935131095349788666e-01 -3.736959036439657211e+00 2.273173801898956299e+02
3.622962944209575653e-01 -3.762376952916383743e+00 2.288047145605087280e+02
3.219303004443645477e-01 -3.788190403953194618e+00 2.302942634820938110e+02
2.751683630049228668e-01 -3.812261667102575302e+00 2.317733255624771118e+02
2.259299941360950470e-01 -3.829152399674057961e+00 2.332570928335189819e+02
2.103048302233219147e-01 -3.849679660052061081e+00 2.347274420261383057e+02
1.765212826430797577e-01 -3.849440781399607658e+00 2.361648689508438110e+02
1.972205080091953278e-01 -3.867839319631457329e+00 2.375808948278427124e+02
1.795838214457035065e-01 -3.888443974778056145e+00 2.390148745775222778e+02
1.686370559036731720e-01 -3.903953988105058670e+00 2.404798914194107056e+02
1.531527005136013031e-01 -3.908542988821864128e+00 2.419489980936050415e+02
1.508179120719432831e-01 -3.905410554260015488e+00 2.433931983709335327e+02
1.593566648662090302e-01 -3.915965544059872627e+00 2.448040491342544556e+02
1.614112891256809235e-01 -3.922483388334512711e+00 2.462479894161224365e+02
1.628839187324047089e-01 -3.937125025317072868e+00 2.476695216894149780e+02
1.589200533926486969e-01 -3.956717140972614288e+00 2.491284235715866089e+02
1.705439276993274689e-01 -3.984801704064011574e+00 2.505665961503982544e+02
1.723587997257709503e-01 -4.017286242917180061e+00 2.520326595306396484e+02
1.709740199148654938e-01 -4.049005845561623573e+00 2.534618461132049561e+02
1.749578602612018585e-01 -4.081762397661805153e+00 2.548593890666961670e+02
1.674447096884250641e-01 -4.109419152140617371e+00 2.563500608205795288e+02
1.604875512421131134e-01 -4.143271304666996002e+00 2.578448082208633423e+02
1.549074389040470123e-01 -4.173890860751271248e+00 2.593719085454940796e+02
1.412306390702724457e-01 -4.203895226120948792e+00 2.608832638263702393e+02
1.350469663739204407e-01 -4.237527616322040558e+00 2.624268311262130737e+02
1.472883597016334534e-01 -4.261581679806113243e+00 2.639437897205352783e+02
1.476044207811355591e-01 -4.289136286824941635e+00 2.654633432626724243e+02
1.509365998208522797e-01 -4.309957962483167648e+00 2.669779864549636841e+02
1.501434743404388428e-01 -4.334656670689582825e+00 2.684864971637725830e+02
1.610863171517848969e-01 -4.359104339033365250e+00 2.699564867019653320e+02
1.542667672038078308e-01 -4.387388989329338074e+00 2.714085360765457153e+02
1.551740095019340515e-01 -4.413016365841031075e+00 2.728707718849182129e+02
1.710806861519813538e-01 -4.438151588663458824e+00 2.743306066989898682e+02
1.626955308020114899e-01 -4.461518554016947746e+00 2.757834620475769043e+02
1.752378866076469421e-01 -4.481211470440030098e+00 2.772063395977020264e+02
1.739136949181556702e-01 -4.501977143809199333e+00 2.786405237913131714e+02
1.678677126765251160e-01 -4.519135637208819389e+00 2.800232384204864502e+02
1.740984469652175903e-01 -4.540613891556859016e+00 2.813998148441314697e+02
2.033310085535049438e-01 -4.565290488302707672e+00 2.828077316284179688e+02
2.116758003830909729e-01 -4.592059016227722168e+00 2.842327091693878174e+02
2.204079777002334595e-01 -4.611202532425522804e+00 2.856428006887435913e+02
2.317110672593116760e-01 -4.627772536128759384e+00 2.870985271930694580e+02
2.285269275307655334e-01 -4.648229511454701424e+00 2.885212085247039795e+02
2.069733962416648865e-01 -4.675191108137369156e+00 2.899285222291946411e+02
2.230472043156623840e-01 -4.697912344709038734e+00 2.912801431417465210e+02
2.201575264334678650e-01 -4.716154873371124268e+00 2.925760889053344727e+02
2.359978109598159790e-01 -4.731605876237154007e+00 2.939655431509017944e+02
2.231256887316703796e-01 -4.743675326928496361e+00 2.953546949625015259e+02
2.369552180171012878e-01 -4.756276909261941910e+00 2.967698820829391479e+02
2.696070745587348938e-01 -4.769359936937689781e+00 2.982607604265213013e+02
2.816646322607994080e-01 -4.792148724198341370e+00 2.997396228313446045e+02
2.644650712609291077e-01 -4.800872256979346275e+00 3.012169286012649536e+02
2.832185178995132446e-01 -4.822213090956211090e+00 3.026844992637634277e+02
3.098375052213668823e-01 -4.844539152458310127e+00 3.041390868425369263e+02
3.276406154036521912e-01 -4.862896148115396500e+00 3.055714188814163208e+02
3.440486714243888855e-01 -4.883982218801975250e+00 3.070170699357986450e+02
3.817814290523529053e-01 -4.915305264294147491e+00 3.085904419422149658e+02
4.024789333343505859e-01 -4.944127257913351059e+00 3.101314777135848999e+02
4.089403524994850159e-01 -4.973516969010233879e+00 3.116535094976425171e+02
4.233490228652954102e-01 -4.989515637978911400e+00 3.130736073255538940e+02
4.402544535696506500e-01 -5.001091860234737396e+00 3.145786954164505005e+02
4.787914492189884186e-01 -5.016564025543630123e+00 3.159570360183715820e+02
4.896123968064785004e-01 -5.041176286526024342e+00 3.174666237831115723e+02
5.023435018956661224e-01 -5.075203401036560535e+00 3.189284462928771973e+02
5.307069458067417145e-01 -5.106823054142296314e+00 3.204015612602233887e+02
5.249876268208026886e-01 -5.134287011809647083e+00 3.218939219713211060e+02
5.181894116103649139e-01 -5.167188820429146290e+00 3.234120465517044067e+02
5.115793086588382721e-01 -5.190925071947276592e+00 3.248929615020751953e+02
4.821858517825603485e-01 -5.212826493196189404e+00 3.263912974596023560e+02
4.856307618319988251e-01 -5.235257747583091259e+00 3.278873630762100220e+02
4.770474471151828766e-01 -5.259640612639486790e+00 3.294306011199951172e+02
4.735257737338542938e-01 -5.288394316099584103e+00 3.308961750268936157e+02
4.608096890151500702e-01 -5.312348595820367336e+00 3.323169219493865967e+02
4.433349780738353729e-01 -5.330322493799030781e+00 3.337158533334732056e+02
4.658561237156391144e-01 -5.356996172107756138e+00 3.351220616102218628e+02
4.678531475365161896e-01 -5.380579841323196888e+00 3.364820249080657959e+02
4.337467961013317108e-01 -5.405005007050931454e+00 3.379574217796325684e+02
4.261199794709682465e-01 -5.418098914436995983e+00 3.393870304822921753e+02
4.372811354696750641e-01 -5.433698211796581745e+00 3.407982832193374634e+02
4.058945961296558380e-01 -5.445777761749923229e+00 3.421867446899414062e+02
3.582955561578273773e-01 -5.482117663137614727e+00 3.436571760177612305e+02
3.241399340331554413e-01 -5.518377843312919140e+00 3.451503369808197021e+02
2.892830781638622284e-01 -5.542066794820129871e+00 3.465944732427597046e+02
2.590863369405269623e-01 -5.568492705933749676e+00 3.480368504524230957e+02
2.467162795364856720e-01 -5.600598926655948162e+00 3.494883421659469604e+02
2.521675042808055878e-01 -5.625611332245171070e+00 3.509618084430694580e+02
2.095472626388072968e-01 -5.650287902913987637e+00 3.524233245849609375e+02
1.991455666720867157e-01 -5.669934437610208988e+00 3.539334641695022583e+02
1.916087046265602112e-01 -5.700766357593238354e+00 3.554243569374084473e+02
1.700542643666267395e-01 -5.720665578730404377e+00 3.570356127023696899e+02
1.050068661570549011e-01 -5.734632520936429501e+00 3.587096357345581055e+02
4.035451263189315796e-02 -5.741654627956449986e+00 3.602776780128479004e+02
-4.630917310714720292e-02 -5.754421717487275600e+00 3.618876293897628784e+02
-4.253365844488142533e-02 -5.773883954621851444e+00 3.633223979473114014e+02
-9.074177592992782593e-02 -5.779431855306029320e+00 3.647269358634948730e+02
-1.373117119073867798e-01 -5.807091366499662399e+00 3.660858405828475952e+02
-1.912579238414764404e-01 -5.839197579771280289e+00 3.675411968231201172e+02
-2.074026390910148621e-01 -5.857771771028637886e+00 3.689433419704437256e+02
-2.321387641131877899e-01 -5.885680560022592545e+00 3.703826656341552734e+02
-2.440624721348285675e-01 -5.901255311444401741e+00 3.718052130937576294e+02
-2.636910751461982727e-01 -5.916208330541849136e+00 3.731918393373489380e+02
-2.826584540307521820e-01 -5.939476935192942619e+00 3.745414862632751465e+02
-3.316461406648159027e-01 -5.964377898722887039e+00 3.758838557004928589e+02
-3.487951345741748810e-01 -5.998908616602420807e+00 3.773004404306411743e+02
-3.717204928398132324e-01 -6.027324732393026352e+00 3.787094877958297729e+02
