1.289128000000000062e-03 -1.821615999999999860e-02 1.310643000000000002e+00
4.448326000000000276e-04 -4.203318000000000332e-02 2.625299000000000049e+00
2.037581000000000114e-03 -6.302800999999999543e-02 3.941730000000000178e+00
2.777892000000000122e-03 -8.483760999999999386e-02 5.261016999999999832e+00
4.157927999999999971e-03 -1.014677999999999969e-01 6.581638000000000766e+00
7.571021999999999301e-03 -1.165874000000000077e-01 7.908775000000000333e+00
8.323818000000000189e-03 -1.328035000000000188e-01 9.238961999999999009e+00
7.728338999999999868e-03 -1.497648999999999786e-01 1.056963000000000008e+01
6.780918000000000362e-03 -1.634547000000000083e-01 1.190426000000000073e+01
3.419394999999999987e-03 -1.767479999999999885e-01 1.324207999999999963e+01
-1.862182000000000203e-03 -1.959202000000000166e-01 1.458047999999999966e+01
-5.851755000000000151e-03 -2.177602000000000426e-01 1.593066000000000138e+01
-4.267715000000000050e-03 -2.364139999999999853e-01 1.728222000000000236e+01
4.827890000000000154e-04 -2.537475000000000147e-01 1.863468999999999909e+01
5.006085999999999869e-03 -2.699100999999999861e-01 1.998669999999999902e+01
4.134685999999999396e-03 -2.931092000000000142e-01 2.134127000000000152e+01
-7.654744999999999909e-04 -3.222297000000000078e-01 2.270574999999999832e+01
-7.369324000000000013e-03 -3.468119000000000063e-01 2.407209999999999894e+01
-9.719264000000000028e-03 -3.687424000000000257e-01 2.544867999999999952e+01
-5.061180999999999666e-03 -3.871399000000000368e-01 2.682029999999999959e+01
1.962273000000000055e-03 -4.099385000000000390e-01 2.819472000000000023e+01
5.281593000000000225e-03 -4.328976999999999964e-01 2.957012000000000285e+01
7.939023999999999387e-03 -4.591179000000000232e-01 3.094984000000000179e+01
6.827075999999999631e-03 -4.850132999999999805e-01 3.233530999999999977e+01
8.305166999999998717e-03 -5.122366999999999893e-01 3.371779999999999688e+01
1.017340000000000085e-02 -5.431159999999999322e-01 3.511082999999999998e+01
1.211940000000000066e-02 -5.746233000000000590e-01 3.650789000000000328e+01
1.511477999999999954e-02 -5.999005999999998950e-01 3.790588999999999942e+01
1.696850999999999915e-02 -6.238525999999999794e-01 3.930155999999999494e+01
1.942949000000000065e-02 -6.437119999999999509e-01 4.070437000000000438e+01
1.916344000000000034e-02 -6.707246000000000041e-01 4.211099999999999710e+01
2.134430999999999828e-02 -6.941319999999999713e-01 4.351858000000000004e+01
2.622363999999999945e-02 -7.178581000000000545e-01 4.492820999999999998e+01
3.086035999999999987e-02 -7.390250000000000430e-01 4.634127000000000152e+01
3.408031000000000255e-02 -7.610314999999999719e-01 4.775704000000000349e+01
3.359220999999999735e-02 -7.839855999999999492e-01 4.917962999999999596e+01
3.175531999999999661e-02 -8.056349999999999900e-01 5.060217999999999705e+01
2.895794999999999966e-02 -8.265408000000000754e-01 5.202830999999999761e+01
2.536976999999999982e-02 -8.453835999999999018e-01 5.345715999999999468e+01
2.082938000000000150e-02 -8.668315999999999244e-01 5.488464000000000453e+01
1.680869999999999934e-02 -8.868799999999998906e-01 5.631660000000000110e+01
1.322910000000000058e-02 -9.072441999999999451e-01 5.774549999999999983e+01
1.007535000000000028e-02 -9.249469000000001273e-01 5.917365000000000208e+01
6.524254999999999638e-03 -9.446035000000000403e-01 6.060318000000000183e+01
2.764210000000000018e-03 -9.647484000000000615e-01 6.202794999999999703e+01
-1.308242999999999949e-03 -9.878100000000000769e-01 6.345198000000000604e+01
-2.873604000000000089e-03 -1.008175000000000043e+00 6.487187000000000126e+01
-5.953934000000000136e-03 -1.029700000000000060e+00 6.628940000000000055e+01
-1.002030999999999929e-02 -1.050202999999999998e+00 6.770310999999999524e+01
-1.936440000000000036e-02 -1.076074999999999893e+00 6.911593000000000586e+01
-2.702275000000000163e-02 -1.097831000000000001e+00 7.053000000000000114e+01
-3.513441999999999954e-02 -1.118230999999999975e+00 7.193977999999999895e+01
-4.214650000000000341e-02 -1.135987000000000080e+00 7.333986000000000161e+01
-4.677589000000000052e-02 -1.153310999999999975e+00 7.474245000000000516e+01
-5.327678000000000275e-02 -1.177226000000000106e+00 7.614449999999999363e+01
-5.458510999999999919e-02 -1.197942000000000062e+00 7.754079000000000121e+01
-5.287324999999999664e-02 -1.218034999999999979e+00 7.893496000000000379e+01
-4.954250000000000320e-02 -1.236654999999999838e+00 8.032545000000000357e+01
-4.883211999999999969e-02 -1.258287000000000155e+00 8.171094999999999686e+01
-4.838806999999999831e-02 -1.278675999999999924e+00 8.309721000000000402e+01
-5.269072999999999812e-02 -1.300030999999999937e+00 8.448366999999998939e+01
-6.072004000000000290e-02 -1.320245000000000113e+00 8.586561999999999273e+01
-7.518041999999999780e-02 -1.343695000000000084e+00 8.725015000000000498e+01
-8.437619999999999842e-02 -1.362981999999999916e+00 8.862909000000000503e+01
-9.813228999999999702e-02 -1.382639999999999869e+00 9.000634000000000867e+01
-1.110474999999999934e-01 -1.399780999999999942e+00 9.137524000000000513e+01
-1.283351000000000075e-01 -1.418058999999999958e+00 9.274128000000000327e+01
-1.454602999999999868e-01 -1.435964000000000018e+00 9.410339000000000453e+01
-1.697047999999999890e-01 -1.456189999999999873e+00 9.546075999999999340e+01
-1.913408999999999804e-01 -1.476212999999999997e+00 9.681381999999999266e+01
-2.120313999999999810e-01 -1.496477999999999975e+00 9.816545000000000698e+01
-2.344055999999999917e-01 -1.517682999999999893e+00 9.951512999999999920e+01
-2.485715000000000008e-01 -1.534999000000000002e+00 1.008602999999999952e+02
-2.694020999999999777e-01 -1.556018000000000123e+00 1.022053999999999974e+02
-2.867600999999999623e-01 -1.575246999999999842e+00 1.035459000000000032e+02
-3.053255999999999748e-01 -1.596045999999999854e+00 1.048845000000000027e+02
-3.153954999999999953e-01 -1.613299000000000039e+00 1.062207999999999970e+02
-3.343085999999999558e-01 -1.638431999999999888e+00 1.075652999999999935e+02
-3.508130999999999888e-01 -1.661275000000000057e+00 1.089064000000000050e+02
-3.737761000000000000e-01 -1.686738999999999988e+00 1.102446000000000055e+02
-3.943149000000000237e-01 -1.710102000000000011e+00 1.115765999999999991e+02
-4.137128999999999945e-01 -1.733997000000000011e+00 1.129050000000000011e+02
-4.219683000000000184e-01 -1.753986000000000045e+00 1.142286000000000001e+02
-4.295899000000000245e-01 -1.775004000000000026e+00 1.155601000000000056e+02
-4.334779000000000271e-01 -1.794229999999999992e+00 1.168930000000000007e+02
-4.334150999999999976e-01 -1.811793999999999905e+00 1.182274000000000029e+02
-4.306136999999999881e-01 -1.825847000000000220e+00 1.195613000000000028e+02
-4.334145999999999832e-01 -1.846322000000000019e+00 1.209044999999999987e+02
-4.472932000000000019e-01 -1.880929000000000073e+00 1.222683999999999997e+02
-4.560744000000000464e-01 -1.910029999999999895e+00 1.236242000000000019e+02
-4.622549000000000241e-01 -1.940325000000000077e+00 1.249835000000000065e+02
-4.641329000000000704e-01 -1.966295000000000126e+00 1.263371000000000066e+02
-4.708494999999999764e-01 -2.006025999999999865e+00 1.276924999999999955e+02
-4.718093999999999899e-01 -2.038343000000000238e+00 1.290495999999999981e+02
-4.742800000000000349e-01 -2.073188999999999726e+00 1.304070000000000107e+02
-4.701253999999999711e-01 -2.099489000000000161e+00 1.317556999999999903e+02
-4.656936999999999882e-01 -2.127702000000000204e+00 1.331097000000000037e+02
-4.651028000000000384e-01 -2.162932000000000077e+00 1.344613999999999976e+02
-4.661197000000000257e-01 -2.198388000000000009e+00 1.358146000000000129e+02
-4.644952999999999443e-01 -2.226309000000000093e+00 1.371605999999999881e+02
-4.645722999999999936e-01 -2.254853999999999914e+00 1.385124000000000137e+02
-4.641807000000000016e-01 -2.281749000000000027e+00 1.398625999999999863e+02
-4.674417999999999629e-01 -2.314865999999999868e+00 1.412128999999999905e+02
-4.704574000000000256e-01 -2.341886000000000134e+00 1.425621999999999900e+02
-4.747020000000000683e-01 -2.367455000000000087e+00 1.439098999999999933e+02
-4.789012999999999742e-01 -2.395024000000000264e+00 1.452578000000000031e+02
-4.813925000000000010e-01 -2.426593000000000000e+00 1.466011000000000024e+02
-4.844149999999999845e-01 -2.462968999999999742e+00 1.479538000000000011e+02
-4.832843000000000000e-01 -2.489365999999999968e+00 1.493029999999999973e+02
-4.887985999999999720e-01 -2.518616999999999884e+00 1.506480999999999995e+02
-4.979854000000000225e-01 -2.545627999999999780e+00 1.519917000000000087e+02
-5.139896999999999938e-01 -2.581791999999999643e+00 1.533372999999999990e+02
-5.203404999999999836e-01 -2.611885000000000012e+00 1.546843000000000075e+02
-5.188374000000000041e-01 -2.641449000000000158e+00 1.560329000000000121e+02
-5.104870000000000241e-01 -2.666163000000000061e+00 1.573829000000000065e+02
-4.996047000000000682e-01 -2.689150000000000151e+00 1.587318999999999960e+02
-4.908894000000000313e-01 -2.711383000000000099e+00 1.600785999999999945e+02
-4.848759000000000263e-01 -2.736779999999999990e+00 1.614290000000000020e+02
-4.836515999999999593e-01 -2.760604000000000280e+00 1.627787999999999897e+02
-4.767802999999999902e-01 -2.787253999999999898e+00 1.641295000000000073e+02
-4.687840000000000340e-01 -2.810667000000000026e+00 1.654807000000000130e+02
-4.599264000000000130e-01 -2.835558000000000245e+00 1.668389999999999986e+02
-4.494839999999999947e-01 -2.861985999999999919e+00 1.681999999999999886e+02
-4.424437999999999982e-01 -2.886559999999999793e+00 1.695602000000000089e+02
-4.389717000000000757e-01 -2.914239999999999942e+00 1.709198000000000093e+02
-4.111542999999999726e-01 -2.932730999999999977e+00 1.722840999999999951e+02
-3.881120000000000125e-01 -2.960770999999999820e+00 1.736528000000000134e+02
-3.779300999999999910e-01 -2.986447999999999769e+00 1.750290999999999997e+02
-3.588782000000000361e-01 -3.008538999999999852e+00 1.764086000000000070e+02
-3.405308000000000224e-01 -3.013913000000000064e+00 1.777852000000000032e+02
-3.214041999999999732e-01 -3.022952999999999779e+00 1.791606999999999914e+02
-3.136545000000000027e-01 -3.041122999999999799e+00 1.805420000000000016e+02
-3.089994999999999825e-01 -3.062100000000000044e+00 1.819214000000000055e+02
-3.140564000000000133e-01 -3.088157999999999959e+00 1.833097999999999956e+02
-3.186557999999999891e-01 -3.114466000000000179e+00 1.847039000000000044e+02
-3.141304999999999792e-01 -3.137554999999999872e+00 1.860994000000000028e+02
-3.087276999999999938e-01 -3.164477999999999902e+00 1.874987999999999886e+02
-3.089327000000000045e-01 -3.193945000000000256e+00 1.889002999999999872e+02
-3.070210999999999912e-01 -3.221858000000000111e+00 1.903048000000000002e+02
-3.030042000000000013e-01 -3.250529999999999919e+00 1.917127999999999872e+02
-3.007558000000000176e-01 -3.281162000000000134e+00 1.931212999999999909e+02
-2.979337999999999709e-01 -3.314134999999999831e+00 1.945397000000000105e+02
-2.945301000000000169e-01 -3.344374999999999876e+00 1.959592000000000098e+02
-2.955047999999999564e-01 -3.384557000000000038e+00 1.973808999999999969e+02
-2.998637000000000108e-01 -3.419364999999999988e+00 1.988010999999999910e+02
-3.150033999999999890e-01 -3.471362999999999754e+00 2.002241999999999962e+02
-3.321987000000000134e-01 -3.515079000000000065e+00 2.016572999999999922e+02
-3.485808000000000240e-01 -3.555576000000000292e+00 2.030947999999999922e+02
-3.518432000000000226e-01 -3.580326999999999593e+00 2.045324999999999989e+02
-3.481359000000000536e-01 -3.604083000000000148e+00 2.059704000000000121e+02
-3.438313000000000064e-01 -3.628673999999999733e+00 2.074182999999999879e+02
-3.421980000000000022e-01 -3.650885999999999854e+00 2.088678999999999917e+02
-3.429637999999999853e-01 -3.674360000000000070e+00 2.103232000000000141e+02
-3.479510000000000103e-01 -3.708944999999999492e+00 2.117848999999999933e+02
-3.533160999999999663e-01 -3.741769000000000123e+00 2.132452999999999861e+02
-3.575809000000000348e-01 -3.778065000000000229e+00 2.147142000000000053e+02
-3.574839000000000211e-01 -3.809987000000000457e+00 2.161863999999999919e+02
-3.559811999999999976e-01 -3.837087000000000359e+00 2.176614999999999895e+02
-3.604881999999999809e-01 -3.867619000000000362e+00 2.191418999999999926e+02
-3.669047000000000280e-01 -3.899694000000000216e+00 2.206192000000000064e+02
-3.711882000000000237e-01 -3.933169999999999611e+00 2.221052999999999997e+02
-3.755067999999999739e-01 -3.961695999999999884e+00 2.235894000000000119e+02
-3.771502999999999939e-01 -3.990502999999999911e+00 2.250789000000000044e+02
-3.787707000000000157e-01 -4.017066999999999943e+00 2.265690999999999917e+02
-3.785265999999999353e-01 -4.048136000000000401e+00 2.280602000000000089e+02
-3.786613999999999813e-01 -4.075077999999999534e+00 2.295510999999999910e+02
-3.766085999999999601e-01 -4.099044000000000132e+00 2.310454000000000008e+02
-3.745700999999999614e-01 -4.124994000000000050e+00 2.325421000000000049e+02
-3.739625999999999784e-01 -4.153623999999999761e+00 2.340378000000000043e+02
-3.764692000000000038e-01 -4.186333000000000304e+00 2.355389999999999873e+02
-3.784077000000000135e-01 -4.220226000000000255e+00 2.370446000000000026e+02
-3.814942999999999529e-01 -4.253314999999999735e+00 2.385499000000000080e+02
-3.829064999999999830e-01 -4.285387999999999309e+00 2.400603000000000122e+02
-3.820924000000000542e-01 -4.315102999999999689e+00 2.415712000000000046e+02
-3.818796999999999886e-01 -4.347138000000000169e+00 2.430872999999999990e+02
-3.796393000000000129e-01 -4.377645999999999482e+00 2.446020000000000039e+02
-3.770780000000000243e-01 -4.404695999999999501e+00 2.461230999999999938e+02
-3.721572000000000213e-01 -4.432021999999999906e+00 2.476476999999999862e+02
-3.683885000000000076e-01 -4.458219000000000598e+00 2.491682000000000130e+02
-3.658944000000000640e-01 -4.487063000000000024e+00 2.506964000000000112e+02
-3.629857000000000222e-01 -4.511301000000000450e+00 2.522240999999999929e+02
-3.598899000000000403e-01 -4.535744999999999472e+00 2.537570000000000050e+02
-3.565282999999999647e-01 -4.558441000000000187e+00 2.552884999999999991e+02
-3.518994000000000288e-01 -4.584940000000000460e+00 2.568229999999999791e+02
-3.474488000000000021e-01 -4.611577999999999733e+00 2.583611999999999966e+02
-3.407994999999999775e-01 -4.637604000000000504e+00 2.599003000000000156e+02
-3.346775999999999640e-01 -4.662237000000000187e+00 2.614352000000000089e+02
-3.291337999999999764e-01 -4.686551000000000577e+00 2.629730999999999881e+02
-3.253737999999999908e-01 -4.715745000000000076e+00 2.645113000000000056e+02
-3.249045999999999879e-01 -4.748173000000000421e+00 2.660572000000000230e+02
-3.208178999999999892e-01 -4.788371999999999851e+00 2.675980999999999881e+02
-3.173942999999999626e-01 -4.824678999999999718e+00 2.691376999999999953e+02
-3.166024000000000616e-01 -4.866051999999999822e+00 2.706770999999999958e+02
-3.155942999999999943e-01 -4.906588000000000171e+00 2.722185000000000059e+02
-3.140400999999999887e-01 -4.950219000000000591e+00 2.737649000000000115e+02
-3.112309000000000325e-01 -4.987626000000000559e+00 2.753072000000000230e+02
-3.114205999999999919e-01 -5.039836000000000205e+00 2.768534999999999968e+02
-3.062025999999999915e-01 -5.082755000000000578e+00 2.783951999999999884e+02
-3.011291999999999858e-01 -5.134135999999999811e+00 2.799451000000000249e+02
-2.897535999999999445e-01 -5.172037999999999691e+00 2.814957999999999743e+02
-2.764899000000000107e-01 -5.210037000000000695e+00 2.830498000000000047e+02
-2.599232999999999683e-01 -5.241690000000000182e+00 2.846005000000000109e+02
-2.447296000000000193e-01 -5.277598000000000233e+00 2.861453999999999951e+02
-2.301583000000000101e-01 -5.316244000000000192e+00 2.876999000000000137e+02
-2.170804999999999818e-01 -5.355148000000000685e+00 2.892536000000000058e+02
-2.045250999999999875e-01 -5.390475000000000350e+00 2.908102999999999838e+02
-1.926927000000000223e-01 -5.424877999999999645e+00 2.923691999999999780e+02
-1.828270999999999924e-01 -5.462577999999999712e+00 2.939316000000000031e+02
-1.753107000000000137e-01 -5.502144000000000368e+00 2.955006999999999948e+02
-1.681707999999999814e-01 -5.542653999999999748e+00 2.970722999999999843e+02
-1.571664000000000116e-01 -5.573208999999999413e+00 2.986501999999999839e+02
-1.498301000000000216e-01 -5.605662000000000589e+00 3.002366999999999848e+02
-1.436566999999999983e-01 -5.638055999999999734e+00 3.018211000000000013e+02
-1.362308000000000130e-01 -5.674044999999999561e+00 3.034130000000000109e+02
-1.245795999999999987e-01 -5.704926999999999637e+00 3.050095000000000027e+02
-1.113075000000000037e-01 -5.740562999999999860e+00 3.066086000000000240e+02
-1.009904999999999969e-01 -5.775938000000000017e+00 3.082115999999999758e+02
-9.649989999999999957e-02 -5.821105999999999447e+00 3.098188999999999851e+02
-9.324941000000000479e-02 -5.863045999999999758e+00 3.114331000000000245e+02
-9.658434000000000463e-02 -5.907766000000000517e+00 3.130445000000000277e+02
-1.065230000000000066e-01 -5.952029000000000458e+00 3.146682000000000130e+02
-1.079811000000000104e-01 -5.990687999999999569e+00 3.162952999999999975e+02
-1.086696000000000190e-01 -6.032426000000000066e+00 3.179241000000000099e+02
-1.058418999999999888e-01 -6.068362000000000478e+00 3.195525000000000091e+02
-1.039698000000000150e-01 -6.106844999999999857e+00 3.211822999999999979e+02
-1.009178999999999909e-01 -6.143404000000000309e+00 3.228138999999999896e+02
-9.883113000000000314e-02 -6.185281999999999947e+00 3.244397000000000162e+02
-9.648437999999999459e-02 -6.224088000000000065e+00 3.260681999999999903e+02
-9.411052000000000306e-02 -6.268819000000000585e+00 3.276976000000000226e+02
-8.496955999999999953e-02 -6.305428000000000033e+00 3.293242000000000189e+02
-7.442717999999999556e-02 -6.342112999999999445e+00 3.309508000000000152e+02
-6.421230999999999467e-02 -6.372244000000000241e+00 3.325693999999999733e+02
-5.844894999999999952e-02 -6.413497000000000448e+00 3.341893000000000029e+02
-5.434960999999999959e-02 -6.450779999999999959e+00 3.358023999999999774e+02
-4.949748000000000342e-02 -6.492551000000000627e+00 3.374096999999999866e+02
-4.548042000000000057e-02 -6.532187999999999661e+00 3.390210999999999899e+02
-4.257007000000000152e-02 -6.571397000000000155e+00 3.406286999999999807e+02
-3.930295999999999790e-02 -6.601810999999999652e+00 3.422461999999999875e+02
-3.681003000000000053e-02 -6.628917999999999644e+00 3.438528000000000020e+02
-3.514658999999999839e-02 -6.652782000000001084e+00 3.454524999999999864e+02
-3.454789999999999944e-02 -6.677643999999999913e+00 3.470554000000000201e+02
-3.707175000000000054e-02 -6.708152000000000115e+00 3.486551000000000045e+02
-4.156332000000000082e-02 -6.737238999999999756e+00 3.502531999999999925e+02
-5.261017999999999945e-02 -6.773058999999999941e+00 3.518478000000000065e+02
-6.277075000000000016e-02 -6.805861999999999412e+00 3.534463999999999828e+02
-7.506606000000000389e-02 -6.843563999999999758e+00 3.550378999999999792e+02
-8.570355999999999808e-02 -6.882552000000000447e+00 3.566308000000000220e+02
-9.729988999999999999e-02 -6.921763000000000332e+00 3.582217999999999734e+02
-1.091013999999999873e-01 -6.958714999999999762e+00 3.598125000000000000e+02
-1.223013999999999907e-01 -6.995935000000000237e+00 3.614037000000000148e+02
-1.322206000000000214e-01 -7.034016999999999520e+00 3.629889999999999759e+02
-1.419952000000000158e-01 -7.072716999999999921e+00 3.645867000000000075e+02
-1.552998999999999907e-01 -7.112397999999999776e+00 3.661838000000000193e+02
-1.668614999999999959e-01 -7.146884000000000015e+00 3.677810999999999808e+02
-1.858911000000000036e-01 -7.188289999999999402e+00 3.693865999999999872e+02
-2.029185000000000016e-01 -7.225080999999999420e+00 3.709753000000000043e+02
-2.229981000000000324e-01 -7.268839999999999080e+00 3.726154000000000224e+02
-2.378134000000000081e-01 -7.306808000000000192e+00 3.742253000000000043e+02
-2.519893000000000272e-01 -7.344935999999999687e+00 3.757810999999999808e+02
-2.625877999999999823e-01 -7.379336000000000340e+00 3.773872999999999820e+02
-2.704012000000000082e-01 -7.414417999999999509e+00 3.789929000000000201e+02
-2.783585000000000087e-01 -7.448411000000000115e+00 3.806071000000000026e+02
-2.877925000000000066e-01 -7.485057000000000293e+00 3.822201999999999771e+02
-2.960865999999999776e-01 -7.522078999999999738e+00 3.838408000000000015e+02
-3.039651999999999910e-01 -7.558708999999999456e+00 3.854511999999999716e+02
-3.110174000000000549e-01 -7.596747999999999834e+00 3.870677999999999770e+02
-3.164538000000000073e-01 -7.631597999999999438e+00 3.886856999999999971e+02
-3.206582000000000598e-01 -7.664428999999999270e+00 3.903059000000000083e+02
-3.238002999999999854e-01 -7.696194999999999453e+00 3.919359000000000037e+02
-3.237895999999999552e-01 -7.731691000000000535e+00 3.935579000000000178e+02
