9.651400148868560791e-03 -4.386762157082557678e-04 1.091891407966613770e+00
8.787625283002853394e-02 -8.124317973852157593e-03 1.108297228813171387e+00
3.067946434020996094e-02 -7.650818675756454468e-03 1.148890137672424316e+00
1.036582142114639282e-02 -1.927217841148376465e-02 1.123698830604553223e+00
-3.300078213214874268e-03 -1.404791139066219330e-02 1.310704708099365234e+00
-5.181759595870971680e-03 -1.298159174621105194e-02 1.348933219909667969e+00
1.168419420719146729e-02 -1.664901711046695709e-02 1.340816259384155273e+00
2.920889854431152344e-02 -1.202496327459812164e-02 1.338423252105712891e+00
1.006931066513061523e-03 -1.253339089453220367e-02 1.352647423744201660e+00
1.972362399101257324e-03 -1.983480714261531830e-02 1.393034338951110840e+00
-2.410875260829925537e-02 -2.610422670841217041e-02 1.346131682395935059e+00
1.416563987731933594e-03 -1.621180213987827301e-02 1.407883763313293457e+00
4.977360367774963379e-02 -1.553185842931270599e-02 1.427133798599243164e+00
3.133714199066162109e-02 -2.215250954031944275e-02 1.524687290191650391e+00
5.336494743824005127e-02 -3.209844231605529785e-02 1.498474836349487305e+00
1.561142504215240479e-02 -2.223208546638488770e-02 1.516690492630004883e+00
-1.462808251380920410e-02 -1.581258885562419891e-02 1.359246134757995605e+00
5.352193862199783325e-02 -9.011262096464633942e-03 1.441729187965393066e+00
-1.128771528601646423e-02 -3.876391798257827759e-03 1.436384558677673340e+00
5.555681884288787842e-03 1.860715448856353760e-03 1.410960793495178223e+00
6.648559123277664185e-03 -7.344968616962432861e-05 1.386566042900085449e+00
2.570087090134620667e-02 -6.171792745590209961e-03 1.375707745552062988e+00
8.365850150585174561e-02 -7.500025443732738495e-03 1.381533026695251465e+00
8.983295410871505737e-02 -8.335438556969165802e-03 1.301843166351318359e+00
6.071848049759864807e-02 -1.398549508303403854e-02 1.313602328300476074e+00
6.350015103816986084e-02 -1.761124469339847565e-02 1.316735506057739258e+00
2.681792527437210083e-02 -2.075117081403732300e-02 1.332929372787475586e+00
1.394736021757125854e-02 -2.180041745305061340e-02 1.328740119934082031e+00
1.024167984724044800e-02 -2.286487631499767303e-02 1.310083746910095215e+00
2.417674660682678223e-02 -2.667180448770523071e-02 1.367671489715576172e+00
2.111037820577621460e-02 -2.375212311744689941e-02 1.399638056755065918e+00
1.924593746662139893e-02 -2.923132851719856262e-02 1.375719666481018066e+00
1.366121321916580200e-02 -2.199748158454895020e-02 1.427331209182739258e+00
8.502379059791564941e-03 -1.883125305175781250e-02 1.405088663101196289e+00
-2.283937856554985046e-02 -2.224022336304187775e-02 1.392977595329284668e+00
-1.986932381987571716e-02 -2.489449456334114075e-02 1.360091924667358398e+00
3.768503665924072266e-05 -2.590231597423553467e-02 1.375763416290283203e+00
1.304674148559570312e-02 -2.554867789149284363e-02 1.360612630844116211e+00
-9.861685335636138916e-03 -1.783728040754795074e-02 1.362268567085266113e+00
-1.554876565933227539e-03 -2.422000840306282043e-02 1.363697767257690430e+00
-3.027796745300292969e-03 -2.420282177627086639e-02 1.360823154449462891e+00
-1.012032479047775269e-02 -2.236935868859291077e-02 1.325699925422668457e+00
-1.488812267780303955e-02 -1.872790418565273285e-02 1.308750391006469727e+00
-1.843397319316864014e-02 -1.275712065398693085e-02 1.304314136505126953e+00
-2.030088007450103760e-02 -1.801523752510547638e-02 1.335882186889648438e+00
-1.351331919431686401e-02 -1.918875239789485931e-02 1.357564687728881836e+00
-1.032851636409759521e-02 -1.576928421854972839e-02 1.331352829933166504e+00
6.914608180522918701e-03 -1.928525418043136597e-02 1.337790250778198242e+00
6.945975124835968018e-03 -2.050321176648139954e-02 1.319898843765258789e+00
1.880925148725509644e-02 -1.880464889109134674e-02 1.337992429733276367e+00
-1.148946583271026611e-03 -2.042448148131370544e-02 1.375507831573486328e+00
-9.944856166839599609e-03 -2.423490770161151886e-02 1.393597602844238281e+00
-6.496533751487731934e-04 -2.857141196727752686e-02 1.400500416755676270e+00
-1.639991998672485352e-03 -2.533608488738536835e-02 1.410335540771484375e+00
3.729626536369323730e-03 -3.330347687005996704e-02 1.428118824958801270e+00
3.482872247695922852e-02 -3.027906268835067749e-02 1.412522196769714355e+00
2.449460327625274658e-02 -2.130319178104400635e-02 1.428774118423461914e+00
1.302894204854965210e-02 -2.313267812132835388e-02 1.392954945564270020e+00
-2.714157104492187500e-03 -2.615658752620220184e-02 1.389917731285095215e+00
-8.792079985141754150e-03 -2.488301694393157959e-02 1.378396034240722656e+00
-1.759390532970428467e-02 -2.688108012080192566e-02 1.353570461273193359e+00
-2.220334857702255249e-02 -2.547568455338478088e-02 1.358087182044982910e+00
-4.149653017520904541e-03 -2.602391317486763000e-02 1.392748832702636719e+00
-2.494323998689651489e-02 -2.949973940849304199e-02 1.381183147430419922e+00
-5.103699862957000732e-03 -2.710627205669879913e-02 1.429949879646301270e+00
2.431698143482208252e-03 -2.162628434598445892e-02 1.425124526023864746e+00
4.047255963087081909e-03 -2.552461437880992889e-02 1.413307905197143555e+00
1.501179486513137817e-02 -2.486493997275829315e-02 1.415436267852783203e+00
1.634526997804641724e-02 -2.396649681031703949e-02 1.378143787384033203e+00
-4.281520843505859375e-03 -2.435115352272987366e-02 1.424326300621032715e+00
-3.821827471256256104e-03 -3.231763839721679688e-02 1.358079910278320312e+00
-6.122741848230361938e-03 -3.398386389017105103e-02 1.352780342102050781e+00
-2.311156317591667175e-02 -3.788276761770248413e-02 1.395556211471557617e+00
-2.511112391948699951e-02 -2.739202417433261871e-02 1.378157496452331543e+00
1.128140091896057129e-02 -3.017561696469783783e-02 1.409514069557189941e+00
-6.790097802877426147e-03 -2.512630820274353027e-02 1.383960008621215820e+00
-1.019366085529327393e-02 -2.004521340131759644e-02 1.402238845825195312e+00
2.050824463367462158e-03 -1.886089704930782318e-02 1.392261505126953125e+00
2.975672483444213867e-03 -1.515543181449174881e-02 1.375337839126586914e+00
1.042005047202110291e-02 -1.604053191840648651e-02 1.357407212257385254e+00
2.375341951847076416e-03 -2.294784411787986755e-02 1.381573200225830078e+00
-6.866358220577239990e-03 -1.606056280434131622e-02 1.378555417060852051e+00
-1.476257294416427612e-02 -2.924959175288677216e-02 1.399949908256530762e+00
-3.755092620849609375e-06 -2.744569815695285797e-02 1.390446066856384277e+00
-1.235758885741233826e-02 -3.157244250178337097e-02 1.373252511024475098e+00
8.222244679927825928e-03 -2.667386829853057861e-02 1.381800055503845215e+00
5.721025168895721436e-03 -3.535964339971542358e-02 1.411157608032226562e+00
-8.859299123287200928e-04 -2.543369494378566742e-02 1.373181343078613281e+00
-3.764809668064117432e-02 -3.136046230792999268e-02 1.411572694778442383e+00
-7.924810051918029785e-03 -4.582309722900390625e-02 1.397651672363281250e+00
-4.484903067350387573e-02 -2.896356768906116486e-02 1.425858736038208008e+00
-1.668622344732284546e-02 -4.799548536539077759e-02 1.462142586708068848e+00
-2.964028716087341309e-02 -2.940229885280132294e-02 1.372560143470764160e+00
-1.379197835922241211e-02 -2.594359777867794037e-02 1.376136183738708496e+00
-2.360675483942031860e-02 -3.972795233130455017e-02 1.432459950447082520e+00
-2.818938344717025757e-02 -1.130014006048440933e-02 1.322304964065551758e+00
-3.095641732215881348e-02 -2.471075952053070068e-02 1.375021338462829590e+00
-4.064299166202545166e-02 -1.818814501166343689e-02 1.331000089645385742e+00
-1.583112031221389771e-02 -1.831231825053691864e-02 1.351625204086303711e+00
-2.384679764509201050e-02 -1.711396686732769012e-02 1.342712402343750000e+00
1.543518900871276855e-02 -1.962953805923461914e-02 1.322633504867553711e+00
5.471266806125640869e-03 -2.696489728987216949e-02 1.350041508674621582e+00
4.289060831069946289e-03 -3.026282228529453278e-02 1.288885116577148438e+00
1.529118418693542480e-02 -2.076260186731815338e-02 1.240156292915344238e+00
-3.033846616744995117e-03 -2.245071157813072205e-02 1.267197132110595703e+00
-2.346754074096679688e-03 -2.296639792621135712e-02 1.288344979286193848e+00
-8.508399128913879395e-03 -2.252081967890262604e-02 1.320461273193359375e+00
-9.819552302360534668e-03 -2.629604376852512360e-02 1.308512091636657715e+00
2.628876268863677979e-02 -2.785077877342700958e-02 1.342337012290954590e+00
3.461331129074096680e-03 -3.322856873273849487e-02 1.351482987403869629e+00
1.657098531723022461e-02 -2.861233614385128021e-02 1.269235968589782715e+00
-2.143578231334686279e-02 -4.759569466114044189e-02 1.384017229080200195e+00
1.009152829647064209e-02 -3.624477982521057129e-02 1.337675929069519043e+00
-4.791013896465301514e-03 -2.282963320612907410e-02 1.314633131027221680e+00
-3.378561139106750488e-02 -1.054219063371419907e-02 1.348189234733581543e+00
-1.782453805208206177e-02 -7.889678701758384705e-03 1.351571321487426758e+00
-4.088962823152542114e-02 -1.445887796580791473e-02 1.318540692329406738e+00
-3.077509254217147827e-02 -1.370791532099246979e-02 1.352919936180114746e+00
-6.887726485729217529e-03 -1.552717946469783783e-02 1.331042408943176270e+00
-1.327741891145706177e-02 -1.189136970788240433e-02 1.340134143829345703e+00
-1.166327297687530518e-02 -1.003411784768104553e-02 1.281832456588745117e+00
7.200717926025390625e-03 -2.011026442050933838e-02 1.307696580886840820e+00
1.371432840824127197e-02 -1.932750269770622253e-02 1.328660249710083008e+00
1.312871277332305908e-02 -2.215744368731975555e-02 1.362436413764953613e+00
4.179826378822326660e-02 -1.970393583178520203e-02 1.384439706802368164e+00
3.877185285091400146e-02 -1.922068186104297638e-02 1.343650460243225098e+00
2.864393591880798340e-02 -2.862780354917049408e-02 1.365314126014709473e+00
4.609930515289306641e-02 -2.422899566590785980e-02 1.352379441261291504e+00
2.685525268316268921e-02 -2.742617204785346985e-02 1.410436034202575684e+00
4.214128106832504272e-02 -2.094994857907295227e-02 1.395939230918884277e+00
2.216387540102005005e-02 -2.573584765195846558e-02 1.356294393539428711e+00
1.057948917150497437e-02 -2.041553705930709839e-02 1.354333639144897461e+00
1.272223144769668579e-02 -2.846001461148262024e-02 1.377263188362121582e+00
-1.316937804222106934e-02 -3.170083463191986084e-02 1.371611356735229492e+00
-2.145305275917053223e-02 -3.326877579092979431e-02 1.362199664115905762e+00
-1.109749078750610352e-02 -3.595965355634689331e-02 1.400816559791564941e+00
-1.934734731912612915e-02 -3.412211686372756958e-02 1.450893998146057129e+00
-5.674883723258972168e-03 -3.808956593275070190e-02 1.443756937980651855e+00
7.009297609329223633e-03 -3.821079432964324951e-02 1.419566035270690918e+00
6.766751408576965332e-03 -3.716197609901428223e-02 1.391383647918701172e+00
1.145576685667037964e-02 -3.525178134441375732e-02 1.421523094177246094e+00
-2.621820569038391113e-02 -3.493413701653480530e-02 1.459396481513977051e+00
-7.437981665134429932e-03 -3.374574705958366394e-02 1.413805842399597168e+00
-3.014944493770599365e-02 -3.250267356634140015e-02 1.409937739372253418e+00
4.686214029788970947e-03 -3.006240539252758026e-02 1.439216494560241699e+00
2.494277060031890869e-02 -2.769000455737113953e-02 1.444993734359741211e+00
1.667115092277526855e-02 -1.745710149407386780e-02 1.467091202735900879e+00
6.610818207263946533e-03 -2.858146652579307556e-02 1.497057080268859863e+00
-1.420827209949493408e-02 -3.549715876579284668e-02 1.521397829055786133e+00
6.490066647529602051e-03 -2.392528578639030457e-02 1.496508955955505371e+00
8.342422544956207275e-03 -2.121092565357685089e-02 1.502750277519226074e+00
4.165419936180114746e-02 -2.103757113218307495e-02 1.441700458526611328e+00
1.746746897697448730e-02 -2.187607809901237488e-02 1.496447682380676270e+00
2.530442923307418823e-02 -1.537599042057991028e-02 1.438040375709533691e+00
-6.349958479404449463e-03 -1.190047711133956909e-02 1.533039927482604980e+00
7.691010832786560059e-03 -6.083101034164428711e-03 1.475409507751464844e+00
-4.266008734703063965e-03 -8.867789059877395630e-03 1.483843088150024414e+00
-1.230517029762268066e-02 -2.054983936250209808e-02 1.453575730323791504e+00
-1.728130131959915161e-02 -2.543092705309391022e-02 1.481015801429748535e+00
-3.503853082656860352e-02 -1.999122463166713715e-02 1.472338795661926270e+00
-7.366292178630828857e-03 -1.383600290864706039e-02 1.463755369186401367e+00
-3.436198085546493530e-02 -1.728896796703338623e-02 1.403427124023437500e+00
-1.807432621717453003e-02 -1.728218048810958862e-02 1.372453212738037109e+00
-1.771309971809387207e-02 -2.034950070083141327e-02 1.421244740486145020e+00
-1.920419931411743164e-02 -2.100275084376335144e-02 1.454404354095458984e+00
-3.121681511402130127e-02 -2.541791647672653198e-02 1.487334370613098145e+00
-4.036599397659301758e-02 -2.581345103681087494e-02 1.489548921585083008e+00
-4.676193743944168091e-02 -2.407126314938068390e-02 1.479062080383300781e+00
-4.923836886882781982e-02 -1.689073257148265839e-02 1.483767271041870117e+00
-1.562516391277313232e-02 -2.052726037800312042e-02 1.470349192619323730e+00
-3.378354758024215698e-02 2.388786524534225464e-04 1.437426924705505371e+00
2.069922536611557007e-02 -1.839853823184967041e-02 1.416025876998901367e+00
-1.763668656349182129e-02 -2.060465514659881592e-02 1.433979749679565430e+00
-1.094676554203033447e-02 -1.551001332700252533e-02 1.465016841888427734e+00
-1.548435539007186890e-02 -4.589000716805458069e-03 1.469106674194335938e+00
-2.334788441658020020e-03 3.132434561848640442e-03 1.444200277328491211e+00
8.538752794265747070e-03 -1.055498979985713959e-02 1.410850763320922852e+00
2.054624259471893311e-03 -6.517844274640083313e-03 1.443940281867980957e+00
1.472629606723785400e-03 -1.464163698256015778e-02 1.421532273292541504e+00
-3.963865339756011963e-03 -1.959211565554141998e-02 1.458901882171630859e+00
1.162387430667877197e-02 -2.808456309139728546e-02 1.438172578811645508e+00
1.814872026443481445e-03 -3.248453885316848755e-02 1.466063380241394043e+00
-1.384779810905456543e-03 -3.171960264444351196e-02 1.429186582565307617e+00
3.983840346336364746e-03 -3.275655210018157959e-02 1.397542953491210938e+00
-7.513150572776794434e-03 -2.765675447881221771e-02 1.490671753883361816e+00
-6.957158446311950684e-03 -3.385215252637863159e-02 1.494747400283813477e+00
-5.580112338066101074e-03 -3.061955608427524567e-02 1.527100324630737305e+00
-1.367679983377456665e-02 -3.000436536967754364e-02 1.511355280876159668e+00
-6.183672696352005005e-03 -3.363239020109176636e-02 1.543567299842834473e+00
1.224139332771301270e-02 -2.405406348407268524e-02 1.516958594322204590e+00
3.160610795021057129e-04 -2.755460701882839203e-02 1.519553542137145996e+00
3.332179039716720581e-03 -2.082167565822601318e-02 1.514643192291259766e+00
-7.931254804134368896e-04 -2.469870820641517639e-02 1.508510708808898926e+00
1.094284281134605408e-02 -2.444766834378242493e-02 1.469989538192749023e+00
-6.819549947977066040e-03 -2.828465029597282410e-02 1.452049374580383301e+00
9.072422981262207031e-04 -2.562737651169300079e-02 1.462235808372497559e+00
1.590667665004730225e-02 -2.513522282242774963e-02 1.459834814071655273e+00
-8.385155349969863892e-03 -2.336696535348892212e-02 1.452855348587036133e+00
1.254235580563545227e-02 -1.969291642308235168e-02 1.422877550125122070e+00
-1.324191689491271973e-03 -2.076567336916923523e-02 1.434184193611145020e+00
-6.045982241630554199e-03 -1.715849339962005615e-02 1.382714629173278809e+00
6.230734288692474365e-03 -2.147825434803962708e-02 1.376576423645019531e+00
2.923256158828735352e-02 -2.467659674584865570e-02 1.407916784286499023e+00
8.344791829586029053e-03 -2.676852792501449585e-02 1.424977540969848633e+00
8.732177317142486572e-03 -1.914351619780063629e-02 1.410091519355773926e+00
1.130308955907821655e-02 -1.657000370323657990e-02 1.455726504325866699e+00
-3.184139728546142578e-03 -2.045697532594203949e-02 1.422681331634521484e+00
-2.155353128910064697e-02 -2.696159668266773224e-02 1.407313704490661621e+00
1.607380807399749756e-02 -2.272123657166957855e-02 1.351620912551879883e+00
-2.889677882194519043e-03 -1.824252866208553314e-02 1.295945763587951660e+00
1.584028452634811401e-02 -1.545100286602973938e-02 1.389454245567321777e+00
-1.287212222814559937e-02 -1.206945069134235382e-02 1.389151811599731445e+00
1.382952928543090820e-02 -1.260158233344554901e-02 1.415187120437622070e+00
3.265185654163360596e-02 -1.308302767574787140e-02 1.490878343582153320e+00
1.205755770206451416e-02 -2.278878726065158844e-02 1.478862404823303223e+00
-1.719956099987030029e-02 -8.723532781004905701e-03 1.477305769920349121e+00
1.875344663858413696e-02 -2.134083397686481476e-02 1.467570662498474121e+00
2.661898732185363770e-02 -2.232606150209903717e-02 1.454587578773498535e+00
1.780311018228530884e-02 -1.835699565708637238e-02 1.432332038879394531e+00
1.640805602073669434e-02 -2.108607068657875061e-02 1.445651054382324219e+00
3.773275762796401978e-02 -3.132304549217224121e-02 1.573372006416320801e+00
2.069750428199768066e-02 -2.882199361920356750e-02 1.541035771369934082e+00
6.461419165134429932e-03 -2.938971109688282013e-02 1.522031784057617188e+00
1.440867036581039429e-02 -1.599866896867752075e-02 1.420097827911376953e+00
1.690543070435523987e-02 -1.157622225582599640e-02 1.505088090896606445e+00
3.853699564933776855e-02 -1.547216530889272690e-02 1.378340601921081543e+00
1.082094758749008179e-02 -2.461226098239421844e-02 1.509587764739990234e+00
1.273110508918762207e-02 -3.402711451053619385e-02 1.461822509765625000e+00
2.836344391107559204e-02 -3.161965310573577881e-02 1.473114967346191406e+00
-5.719318985939025879e-03 -2.746395766735076904e-02 1.492360711097717285e+00
-6.798215210437774658e-03 -3.290180861949920654e-02 1.518124580383300781e+00
-6.610102951526641846e-03 -2.373625151813030243e-02 1.480914950370788574e+00
-2.939345687627792358e-02 -2.190142124891281128e-02 1.498335957527160645e+00
3.444910049438476562e-03 -2.243125438690185547e-02 1.496065616607666016e+00
-8.583314716815948486e-03 -2.438286505639553070e-02 1.543238043785095215e+00
-3.521673381328582764e-03 -2.875370346009731293e-02 1.465573906898498535e+00
-1.271608471870422363e-02 -2.395427972078323364e-02 1.420746922492980957e+00
-1.747471094131469727e-02 -1.797389797866344452e-02 1.398931384086608887e+00
2.252114564180374146e-02 -2.667367830872535706e-02 1.406208276748657227e+00
1.997023820877075195e-03 -2.358366921544075012e-02 1.359963297843933105e+00
-3.410635143518447876e-02 -2.442516572773456573e-02 1.475396871566772461e+00
-7.626816630363464355e-03 -1.309390738606452942e-02 1.429608702659606934e+00
1.116115599870681763e-02 -1.559929735958576202e-02 1.411252737045288086e+00
-3.138653934001922607e-02 -1.207954995334148407e-02 1.388461470603942871e+00
-4.759903997182846069e-02 -3.633990138769149780e-02 1.470431327819824219e+00
-3.415562212467193604e-02 -3.626018017530441284e-02 1.493160963058471680e+00
-3.485685586929321289e-02 -2.368895150721073151e-02 1.444136261940002441e+00
-3.019674122333526611e-02 -2.642591111361980438e-02 1.442377209663391113e+00
-1.237005740404129028e-02 -3.210622072219848633e-02 1.451491713523864746e+00
5.451224744319915771e-03 -2.501240558922290802e-02 1.473466277122497559e+00
-4.262024164199829102e-02 -2.467657066881656647e-02 1.461516141891479492e+00
-1.040169596672058105e-02 -1.964653469622135162e-02 1.510139584541320801e+00
-7.536862045526504517e-03 -3.083191998302936554e-02 1.490892767906188965e+00
-2.155444025993347168e-02 -1.989922113716602325e-02 1.611255764961242676e+00
-6.504739820957183838e-02 -1.396694220602512360e-02 1.674023032188415527e+00
-6.465235352516174316e-02 -7.022107020020484924e-03 1.568042278289794922e+00
-8.666368573904037476e-02 -1.276708953082561493e-02 1.609951376914978027e+00
3.775514662265777588e-03 -1.946223713457584381e-02 1.434768557548522949e+00
-4.820811748504638672e-02 -5.547900684177875519e-03 1.404537916183471680e+00
-4.656993597745895386e-02 -2.765951119363307953e-02 1.358904719352722168e+00
-5.394621193408966064e-02 -3.210621327161788940e-02 1.455356240272521973e+00
-1.614471524953842163e-02 -1.857419125735759735e-02 1.402145147323608398e+00
-2.473612502217292786e-02 -2.790878899395465851e-02 1.439323663711547852e+00
-1.192370802164077759e-02 -1.557475142180919647e-02 1.422547459602355957e+00
-1.962860301136970520e-02 -1.495301909744739532e-02 1.386626243591308594e+00
-1.896737888455390930e-02 -2.326860465109348297e-02 1.349646925926208496e+00
-4.898768663406372070e-02 -2.490096352994441986e-02 1.342369437217712402e+00
-1.714899390935897827e-02 -3.453071787953376770e-02 1.416584730148315430e+00
-2.292535826563835144e-02 -2.841611579060554504e-02 1.409047365188598633e+00
-3.495173156261444092e-02 -2.129552140831947327e-02 1.419188141822814941e+00
