0.000000000000000000e+00 0.000000000000000000e+00 0.000000000000000000e+00
-5.509480834007263184e-03 -3.263509273529052734e-02 1.019255280494689941e+00
-1.323348283767700195e-02 -4.566004313528537750e-02 2.004399001598358154e+00
-2.113457024097442627e-02 -5.662145465612411499e-02 3.059744060039520264e+00
-6.978332996368408203e-02 -6.418078951537609100e-02 4.080388486385345459e+00
-6.178881227970123291e-02 -7.277946174144744873e-02 5.026549994945526123e+00
-1.111061275005340576e-01 -8.554326184093952179e-02 6.155334055423736572e+00
-1.722798496484756470e-01 -1.032461766153573990e-01 7.158443987369537354e+00
-2.068513035774230957e-01 -1.161603070795536041e-01 8.210251390933990479e+00
-2.894085496664047241e-01 -1.287993229925632477e-01 9.353051960468292236e+00
-3.564388453960418701e-01 -1.460941191762685776e-01 1.053060322999954224e+01
-4.321907907724380493e-01 -1.596696674823760986e-01 1.173830956220626831e+01
-3.848462104797363281e-01 -1.918158754706382751e-01 1.288131207227706909e+01
-4.016184061765670776e-01 -2.002731282263994217e-01 1.400654345750808716e+01
-3.736555874347686768e-01 -2.120937444269657135e-01 1.512022906541824341e+01
-3.783109039068222046e-01 -2.232993226498365402e-01 1.618623703718185425e+01
-4.077396988868713379e-01 -2.437896355986595154e-01 1.719210308790206909e+01
-4.879847019910812378e-01 -2.602287735790014267e-01 1.827344971895217896e+01
-4.868342876434326172e-01 -3.004609104245901108e-01 1.942160612344741821e+01
-4.131878465414047241e-01 -3.431825395673513412e-01 2.061435312032699585e+01
-4.085566103458404541e-01 -3.748401682823896408e-01 2.181843310594558716e+01
-3.364182859659194946e-01 -4.125319030135869980e-01 2.311379879713058472e+01
-3.146922588348388672e-01 -4.477376546710729599e-01 2.421013063192367554e+01
-2.955900281667709351e-01 -4.867934826761484146e-01 2.532030254602432251e+01
-3.681722283363342285e-01 -5.067624263465404510e-01 2.643047291040420532e+01
-5.021891146898269653e-01 -5.177175505086779594e-01 2.757974809408187866e+01
-5.225114226341247559e-01 -5.267594037577509880e-01 2.871770852804183960e+01
-4.948113113641738892e-01 -5.327394641935825348e-01 2.982396441698074341e+01
-5.421027839183807373e-01 -5.094773415476083755e-01 3.096073585748672485e+01
-5.334382206201553345e-01 -5.432683583348989487e-01 3.207980364561080933e+01
-4.562422037124633789e-01 -5.761622060090303421e-01 3.325464171171188354e+01
-2.892094105482101440e-01 -5.959512535482645035e-01 3.456001454591751099e+01
-1.961739361286163608e-01 -6.537562254816293716e-01 3.582703989744186401e+01
4.566060006618494205e-02 -7.386106792837381363e-01 3.713697093725204468e+01
1.905236244201659324e-01 -8.438447285443544388e-01 3.837883573770523071e+01
2.968483716249464832e-01 -9.370851609855890274e-01 3.956993240118026733e+01
2.663122713565825306e-01 -9.717387501150369644e-01 4.074706119298934937e+01
2.411396354436873279e-01 -1.017240123823285103e+00 4.191070407629013062e+01
2.445325255393980823e-01 -1.076978283002972603e+00 4.304378288984298706e+01
3.274776488542555652e-01 -1.132003584876656532e+00 4.418252700567245483e+01
3.396377265453337513e-01 -1.185734415426850319e+00 4.537344878911972046e+01
3.599472492933272205e-01 -1.237855719402432442e+00 4.652668195962905884e+01
5.203165411949156605e-01 -1.287070201709866524e+00 4.751016736030578613e+01
5.372351557016371570e-01 -1.317967167124152184e+00 4.852981734275817871e+01
6.287960112094878040e-01 -1.410268841311335564e+00 4.970229363441467285e+01
5.333956032991408192e-01 -1.441547354683279991e+00 5.071820735931396484e+01
4.855994582176207386e-01 -1.470197593793272972e+00 5.175930774211883545e+01
3.887953907251356922e-01 -1.479718476533889771e+00 5.278252482414245605e+01
2.890866696834563099e-01 -1.494696196168661118e+00 5.377586048841476440e+01
1.914647966623305164e-01 -1.502431286498904228e+00 5.483205503225326538e+01
1.243287026882170521e-01 -1.510102864354848862e+00 5.596635812520980835e+01
7.463459670543659552e-02 -1.517119882628321648e+00 5.707697802782058716e+01
1.027126014232634388e-01 -1.528053734451532364e+00 5.795310026407241821e+01
1.133842617273329578e-01 -1.543917303904891014e+00 5.889246642589569092e+01
7.660186290740955695e-02 -1.558394122868776321e+00 5.999267470836639404e+01
2.615340054035175665e-02 -1.580149764195084572e+00 6.103157961368560791e+01
-3.070250153541576738e-02 -1.604235768318176270e+00 6.212945914268493652e+01
-6.292237341403972284e-02 -1.621615979820489883e+00 6.323526012897491455e+01
-1.612131595611573098e-01 -1.635836109519004822e+00 6.433224713802337646e+01
-1.930026262998581765e-01 -1.648355105891823769e+00 6.541998279094696045e+01
-2.219496071338654397e-01 -1.668222798034548759e+00 6.652568876743316650e+01
-3.088036626577377874e-01 -1.684664810076355934e+00 6.767432880401611328e+01
-3.699724972248077948e-01 -1.708907138556241989e+00 6.878556025028228760e+01
-4.209976941347122747e-01 -1.722745683044195175e+00 6.984915959835052490e+01
-4.390652179718018133e-01 -1.738463934510946274e+00 7.080867487192153931e+01
-4.713097959756851751e-01 -1.736005416139960289e+00 7.165971261262893677e+01
-4.803316593170166571e-01 -1.739967051893472672e+00 7.256338304281234741e+01
-5.060828775167465210e-01 -1.757705671712756157e+00 7.355214428901672363e+01
-5.639496147632598877e-01 -1.760832887142896652e+00 7.454610931873321533e+01
-5.438847094774246216e-01 -1.774092722684144974e+00 7.552088266611099243e+01
-4.750316143035888672e-01 -1.782398413866758347e+00 7.644598788022994995e+01
-5.154217034578323364e-01 -1.801967535167932510e+00 7.741307729482650757e+01
-5.313489735126495361e-01 -1.827324502170085907e+00 7.835130029916763306e+01
-5.676636248826980591e-01 -1.861439757049083710e+00 7.946584838628768921e+01
-6.425342857837677002e-01 -1.887894412502646446e+00 8.057543081045150757e+01
-6.957999020814895630e-01 -1.923212384805083275e+00 8.173278993368148804e+01
-7.161470055580139160e-01 -1.967213382944464684e+00 8.290191501379013062e+01
-7.546603530645370483e-01 -2.007518013939261436e+00 8.404582804441452026e+01
-7.796259224414825439e-01 -2.044988488778471947e+00 8.523458391427993774e+01
-6.985242217779159546e-01 -2.103812394663691521e+00 8.646396690607070923e+01
-6.414790451526641846e-01 -2.164517922326922417e+00 8.765236431360244751e+01
-5.875073820352554321e-01 -2.221106057986617088e+00 8.892775183916091919e+01
-5.650090277194976807e-01 -2.271288855001330376e+00 9.015019720792770386e+01
-5.171379595994949341e-01 -2.331247260794043541e+00 9.135098153352737427e+01
-5.079614222049713135e-01 -2.387630855664610863e+00 9.252027183771133423e+01
-6.005735248327255249e-01 -2.422869848087430000e+00 9.367336040735244751e+01
-6.596889197826385498e-01 -2.459277590736746788e+00 9.484319812059402466e+01
-6.618156284093856812e-01 -2.517050018534064293e+00 9.602776521444320679e+01
-6.041217446327209473e-01 -2.575171640142798424e+00 9.721754330396652222e+01
-5.685542374849319458e-01 -2.632239012047648430e+00 9.838994354009628296e+01
-5.282953679561614990e-01 -2.690256504341959953e+00 9.958105427026748657e+01
-5.668947249650955200e-01 -2.735723046585917473e+00 1.008272295594215393e+02
-6.461642086505889893e-01 -2.776313854381442070e+00 1.020958735346794128e+02
-6.934039443731307983e-01 -2.819679586216807365e+00 1.033248921036720276e+02
-7.676763236522674561e-01 -2.853900520130991936e+00 1.045658207535743713e+02
-8.468752056360244751e-01 -2.892375180497765541e+00 1.057994251847267151e+02
-9.739385843276977539e-01 -2.925292575731873512e+00 1.070252023339271545e+02
-1.149401381611824036e+00 -2.944698790088295937e+00 1.082556932568550110e+02
-1.329924702644348145e+00 -2.956132113002240658e+00 1.094924628138542175e+02
-1.383796468377113342e+00 -2.984035543166100979e+00 1.107023528218269348e+02
-1.456032305955886841e+00 -3.015395819209516048e+00 1.119087300896644592e+02
-1.493044391274452209e+00 -3.056612662039697170e+00 1.130608093142509460e+02
-1.503920584917068481e+00 -3.094892515800893307e+00 1.142234275937080383e+02
-1.533920750021934509e+00 -3.125446877442300320e+00 1.154298128485679626e+02
-1.605241090059280396e+00 -3.155138886533677578e+00 1.166455084681510925e+02
-1.700563386082649231e+00 -3.179661209695041180e+00 1.177882871031761169e+02
-1.741754114627838135e+00 -3.212190578691661358e+00 1.190054082274436951e+02
-1.797827646136283875e+00 -3.249917003326117992e+00 1.202464887499809265e+02
-1.848420530557632446e+00 -3.287553603760898113e+00 1.214773330092430115e+02
-1.898912206292152405e+00 -3.321628677658736706e+00 1.226576539874076843e+02
-2.008944392204284668e+00 -3.348320295102894306e+00 1.239101311564445496e+02
-2.006999656558036804e+00 -3.389765490777790546e+00 1.252142067551612854e+02
-1.853501826524734497e+00 -3.459043194539844990e+00 1.265722256302833557e+02
-1.903427258133888245e+00 -3.487790330313146114e+00 1.278168060183525085e+02
-1.945813417434692383e+00 -3.516519867815077305e+00 1.290628659129142761e+02
-1.895980581641197205e+00 -3.559393704868853092e+00 1.303381839394569397e+02
-1.942388743162155151e+00 -3.588969848118722439e+00 1.316218001246452332e+02
-1.999207690358161926e+00 -3.598064501769840717e+00 1.329058193564414978e+02
-1.990452051162719727e+00 -3.627719731070101261e+00 1.341414042115211487e+02
-2.013786062598228455e+00 -3.656892568804323673e+00 1.353348765969276428e+02
-2.005557090044021606e+00 -3.685568780638277531e+00 1.365892996191978455e+02
-1.995414808392524719e+00 -3.730018683709204197e+00 1.378987773060798645e+02
-2.007112920284271240e+00 -3.767631799913942814e+00 1.390940696597099304e+02
-2.012631163001060486e+00 -3.800008513964712620e+00 1.402755172848701477e+02
-2.075016945600509644e+00 -3.830591185949742794e+00 1.414652882218360901e+02
-2.095854118466377258e+00 -3.874310686253011227e+00 1.427137511372566223e+02
-2.116626024246215820e+00 -3.914850956760346889e+00 1.438739200234413147e+02
-2.070277616381645203e+00 -3.953567235730588436e+00 1.450574325919151306e+02
-2.023436099290847778e+00 -3.994758128188550472e+00 1.462663627266883850e+02
-2.010340824723243713e+00 -4.019144027493894100e+00 1.474430975317955017e+02
-1.990746200084686279e+00 -4.050432792864739895e+00 1.486891871094703674e+02
-2.043636485934257507e+00 -4.083072311244904995e+00 1.499054262042045593e+02
-2.047213226556777954e+00 -4.118528499267995358e+00 1.511194049715995789e+02
-1.937653079628944397e+00 -4.174608639441430569e+00 1.523813577294349670e+02
-1.875886619091033936e+00 -4.223717479966580868e+00 1.535681650042533875e+02
-1.837239041924476624e+00 -4.264612763188779354e+00 1.547570390105247498e+02
-1.876774221658706665e+00 -4.288127814419567585e+00 1.558554514050483704e+02
-2.010180369019508362e+00 -4.305708101950585842e+00 1.570131699442863464e+02
-2.076862931251525879e+00 -4.330784297548234463e+00 1.581180281043052673e+02
-2.082895651459693909e+00 -4.369000933133065701e+00 1.592380377650260925e+02
-2.084738403558731079e+00 -4.408843672834336758e+00 1.603643464446067810e+02
-2.169134989380836487e+00 -4.430535160936415195e+00 1.615657437443733215e+02
-2.148976206779479980e+00 -4.458292718045413494e+00 1.627664093375205994e+02
-2.123911306262016296e+00 -4.502610827796161175e+00 1.638833777308464050e+02
-2.026430934667587280e+00 -4.570502544753253460e+00 1.651222060322761536e+02
-1.978785887360572815e+00 -4.617285042069852352e+00 1.662624866366386414e+02
-2.028922319412231445e+00 -4.641368939541280270e+00 1.673084738850593567e+02
-2.099960133433341980e+00 -4.659352892078459263e+00 1.683407390713691711e+02
-2.150264471769332886e+00 -4.682372461073100567e+00 1.694077573418617249e+02
-2.210097447037696838e+00 -4.706297499127686024e+00 1.705885919928550720e+02
-2.274870723485946655e+00 -4.719542737118899822e+00 1.717919821143150330e+02
-2.321305200457572937e+00 -4.732361909933388233e+00 1.729940760731697083e+02
-2.358330249786376953e+00 -4.743721350096166134e+00 1.740527346730232239e+02
-2.365042582154273987e+00 -4.757522397674620152e+00 1.751957641243934631e+02
-2.419048279523849487e+00 -4.779461444355547428e+00 1.763095596432685852e+02
-2.524455145001411438e+00 -4.792993882670998573e+00 1.774379442334175110e+02
-2.628878176212310791e+00 -4.801340414211153984e+00 1.785437187552452087e+02
-2.649021074175834656e+00 -4.813465304672718048e+00 1.795344282984733582e+02
-2.642292708158493042e+00 -4.835202211514115334e+00 1.805692161917686462e+02
-2.719416961073875427e+00 -4.836674567312002182e+00 1.815663264393806458e+02
-2.721605509519577026e+00 -4.848472675308585167e+00 1.826065942645072937e+02
-2.800469502806663513e+00 -4.851646393537521362e+00 1.836842333674430847e+02
-2.929690361022949219e+00 -4.841447440907359123e+00 1.849390475153923035e+02
-3.035081282258033752e+00 -4.837901042774319649e+00 1.860493645071983337e+02
-3.098938226699829102e+00 -4.846914004534482956e+00 1.872238841652870178e+02
-3.138036832213401794e+00 -4.874913183972239494e+00 1.883689621090888977e+02
-3.028539627790451050e+00 -4.923847084864974022e+00 1.895736638903617859e+02
-2.998601749539375305e+00 -4.954446339979767799e+00 1.906766592860221863e+02
-2.998156607151031494e+00 -4.965415596961975098e+00 1.917453028559684753e+02
-3.051027670502662659e+00 -4.974862050265073776e+00 1.928256475329399109e+02
-3.110804826021194458e+00 -4.979804297909140587e+00 1.938550367951393127e+02
-3.195368513464927673e+00 -4.982063271105289459e+00 1.948992299437522888e+02
-3.317902863025665283e+00 -4.979506479576230049e+00 1.959848993420600891e+02
-3.499935820698738098e+00 -4.964551037177443504e+00 1.972047167420387268e+02
-3.669179975986480713e+00 -4.941870648413896561e+00 1.984148455262184143e+02
-3.740446075797080994e+00 -4.927627945318818092e+00 1.994830616116523743e+02
-3.871798694133758545e+00 -4.892112383618950844e+00 2.006518146395683289e+02
-3.943964168429374695e+00 -4.875092893838882446e+00 2.017031568884849548e+02
-3.991820812225341797e+00 -4.866926396265625954e+00 2.027446510195732117e+02
-3.910907253623008728e+00 -4.904091963544487953e+00 2.037242707610130310e+02
-3.853984743356704712e+00 -4.948886441066861153e+00 2.047328712344169617e+02
-3.926526501774787903e+00 -4.965354714542627335e+00 2.057413551211357117e+02
-3.971291899681091309e+00 -4.963350532576441765e+00 2.066762037277221680e+02
-4.010035678744316101e+00 -4.975226847454905510e+00 2.076697120070457458e+02
-4.037523597478866577e+00 -4.990292998030781746e+00 2.086099292039871216e+02
-4.084539338946342468e+00 -4.995608810335397720e+00 2.095590301156044006e+02
-4.158423513174057007e+00 -5.006250904873013496e+00 2.104871817827224731e+02
-4.211832776665687561e+00 -5.011561647988855839e+00 2.114056768417358398e+02
-4.179675281047821045e+00 -5.038280916400253773e+00 2.122033439874649048e+02
-4.170137450098991394e+00 -5.062112825922667980e+00 2.130067042112350464e+02
-4.152704179286956787e+00 -5.090295893140137196e+00 2.137930037975311279e+02
-4.118604823946952820e+00 -5.117607749067246914e+00 2.146438422799110413e+02
-4.117266684770584106e+00 -5.146544744260609150e+00 2.154582547545433044e+02
-4.113175943493843079e+00 -5.169358137063682079e+00 2.163234564065933228e+02
-4.102590441703796387e+00 -5.175806050188839436e+00 2.171763782501220703e+02
-4.148687228560447693e+00 -5.186354405246675014e+00 2.179999913573265076e+02
-4.224372863769531250e+00 -5.209405443631112576e+00 2.188732395768165588e+02
-4.277832642197608948e+00 -5.229029095731675625e+00 2.198100387454032898e+02
-4.330682545900344849e+00 -5.251912490464746952e+00 2.207849186062812805e+02
-4.380893066525459290e+00 -5.271301385946571827e+00 2.217040994167327881e+02
-4.438299804925918579e+00 -5.300084074027836323e+00 2.226625842452049255e+02
-4.475415185093879700e+00 -5.306341405957937241e+00 2.235009704232215881e+02
-4.549629241228103638e+00 -5.336210673674941063e+00 2.243482710123062134e+02
-4.583360150456428528e+00 -5.360556427389383316e+00 2.252732662558555603e+02
-4.652606964111328125e+00 -5.390187811106443405e+00 2.262223286032676697e+02
-4.704783722758293152e+00 -5.424756281077861786e+00 2.271290621161460876e+02
-4.755108028650283813e+00 -5.451335741207003593e+00 2.280417747497558594e+02
-4.779091402888298035e+00 -5.485237037762999535e+00 2.289718762636184692e+02
-4.828364640474319458e+00 -5.510599648579955101e+00 2.298910081982612610e+02
-4.839801833033561707e+00 -5.527040425688028336e+00 2.308494618535041809e+02
-4.823817580938339233e+00 -5.537706688977777958e+00 2.317678165435791016e+02
-4.795355692505836487e+00 -5.547895661555230618e+00 2.327434372901916504e+02
-4.759636014699935913e+00 -5.558212150819599628e+00 2.335961858034133911e+02
-4.777971431612968445e+00 -5.577702547423541546e+00 2.345561665892601013e+02
-4.754576683044433594e+00 -5.593535338528454304e+00 2.355465157032012939e+02
-4.758907124400138855e+00 -5.606956680305302143e+00 2.364078604578971863e+02
-4.707071542739868164e+00 -5.626467679627239704e+00 2.372286021709442139e+02
-4.734089121222496033e+00 -5.659301818348467350e+00 2.380974668860435486e+02
-4.821439176797866821e+00 -5.678687722422182560e+00 2.388918285965919495e+02
-4.879272773861885071e+00 -5.706545867957174778e+00 2.397447596192359924e+02
-4.944724798202514648e+00 -5.725694379769265652e+00 2.406200651526451111e+02
-4.947156891226768494e+00 -5.728266065008938313e+00 2.414886042475700378e+02
-4.924383908510208130e+00 -5.741022384725511074e+00 2.422959864735603333e+02
-4.927729412913322449e+00 -5.751701091416180134e+00 2.431034107804298401e+02
-4.955374330282211304e+00 -5.751096821390092373e+00 2.438880729079246521e+02
-4.964224949479103088e+00 -5.761126601137220860e+00 2.447306714057922363e+02
-4.979390501976013184e+00 -5.761792569421231747e+00 2.455749256610870361e+02
-4.916544482111930847e+00 -5.800869653932750225e+00 2.463302346467971802e+02
-4.860622793436050415e+00 -5.846213149838149548e+00 2.470563987493515015e+02
-4.836075589060783386e+00 -5.888190756551921368e+00 2.477881811857223511e+02
-4.770082622766494751e+00 -5.923123839311301708e+00 2.485330341458320618e+02
-4.747988834977149963e+00 -5.948848669417202473e+00 2.493615692257881165e+02
-4.770018756389617920e+00 -5.992066507227718830e+00 2.501251298189163208e+02
-4.696444317698478699e+00 -6.023054963909089565e+00 2.508590692281723022e+02
-4.636736661195755005e+00 -6.052556118927896023e+00 2.515753778219223022e+02
-4.561974689364433289e+00 -6.084112367592751980e+00 2.523439590930938721e+02
-4.498702377080917358e+00 -6.115951425395905972e+00 2.531322498917579651e+02
-4.455707088112831116e+00 -6.146450980566442013e+00 2.540049437284469604e+02
-4.421701788902282715e+00 -6.180237571708858013e+00 2.548730289340019226e+02
-4.411938294768333435e+00 -6.221747885458171368e+00 2.557062833309173584e+02
-4.404546290636062622e+00 -6.245562045834958553e+00 2.565356292128562927e+02
-4.412186399102210999e+00 -6.268883629702031612e+00 2.574374758601188660e+02
-4.388345360755920410e+00 -6.294044743292033672e+00 2.583224567770957947e+02
-4.355045571923255920e+00 -6.337185750715434551e+00 2.591599957942962646e+02
-4.296826720237731934e+00 -6.377663197927176952e+00 2.600102818608283997e+02
-4.251964315772056580e+00 -6.416343214921653271e+00 2.608607761859893799e+02
-4.196539372205734253e+00 -6.430167031474411488e+00 2.617175184488296509e+02
-4.181726112961769104e+00 -6.449610966257750988e+00 2.626113702058792114e+02
-4.115383088588714600e+00 -6.465748299844563007e+00 2.635318662524223328e+02
-4.088947519659996033e+00 -6.492386876605451107e+00 2.644217758178710938e+02
-4.026638716459274292e+00 -6.514887721277773380e+00 2.652565594911575317e+02
-3.998421326279640198e+00 -6.535824137739837170e+00 2.661134738922119141e+02
-4.026909589767456055e+00 -6.550580826587975025e+00 2.670366362333297729e+02
-4.001076206564903259e+00 -6.575159131549298763e+00 2.680029805898666382e+02
-3.995300024747848511e+00 -6.594617852009832859e+00 2.689390854835510254e+02
-3.965058580040931702e+00 -6.610508824698626995e+00 2.698254698514938354e+02
-3.949057817459106445e+00 -6.612881523557007313e+00 2.707029330134391785e+02
-3.941448435187339783e+00 -6.608384131453931332e+00 2.715860949158668518e+02
-3.908462196588516235e+00 -6.607084990479052067e+00 2.724907629489898682e+02
-3.909408405423164368e+00 -6.592526185326278210e+00 2.733863738775253296e+02
-3.910633206367492676e+00 -6.580830042250454426e+00 2.742649100422859192e+02
-3.886128529906272888e+00 -6.580645686946809292e+00 2.751573370695114136e+02
-3.913418143987655640e+00 -6.587652959860861301e+00 2.760486252307891846e+02
-3.918391808867454529e+00 -6.583940419368445873e+00 2.769695939421653748e+02
-3.883066028356552124e+00 -6.595645395107567310e+00 2.778357993960380554e+02
-3.799063697457313538e+00 -6.602002828381955624e+00 2.784760907888412476e+02
-3.733732998371124268e+00 -6.610538237728178501e+00 2.793223088383674622e+02
-3.720190450549125671e+00 -6.610008309595286846e+00 2.801937888860702515e+02
-3.763459265232086182e+00 -6.614610311575233936e+00 2.811077615022659302e+02
-3.808521673083305359e+00 -6.634411579929292202e+00 2.820439863204956055e+02
-3.813546091318130493e+00 -6.637242113240063190e+00 2.829277928471565247e+02
-3.886927053332328796e+00 -6.650462857447564602e+00 2.838376929163932800e+02
-3.919286206364631653e+00 -6.673523982055485249e+00 2.847425767779350281e+02
-3.980736613273620605e+00 -6.694420368410646915e+00 2.857043688893318176e+02
-4.040362641215324402e+00 -6.714652593247592449e+00 2.866493485569953918e+02
-4.062366634607315063e+00 -6.740947050042450428e+00 2.875670511126518250e+02
-4.089251145720481873e+00 -6.775446315295994282e+00 2.884147593975067139e+02
-4.153565973043441772e+00 -6.800083628855645657e+00 2.892857791185379028e+02
-4.297267213463783264e+00 -6.816329904831945896e+00 2.901786822080612183e+02
-4.411492392420768738e+00 -6.842137563042342663e+00 2.910554665923118591e+02
-4.498351335525512695e+00 -6.863342625088989735e+00 2.918483257889747620e+02
-4.622600093483924866e+00 -6.884157407097518444e+00 2.926557985544204712e+02
-4.786419495940208435e+00 -6.916624451987445354e+00 2.934723606705665588e+02
-5.001428216695785522e+00 -6.945380982942879200e+00 2.942192661762237549e+02
-5.229352220892906189e+00 -6.969202582724392414e+00 2.949913158416748047e+02
-5.512164279818534851e+00 -6.985037154518067837e+00 2.958583974242210388e+02
-5.745516985654830933e+00 -7.001007611863315105e+00 2.967564429640769958e+02
-6.107352048158645630e+00 -7.017912727780640125e+00 2.976843329668045044e+02
-6.532327741384506226e+00 -7.009755323641002178e+00 2.986098265647888184e+02
-6.949497848749160767e+00 -6.999253091402351856e+00 2.994826841950416565e+02
-7.355838149785995483e+00 -7.013674038462340832e+00 3.002982436418533325e+02
-7.917515486478805542e+00 -7.016652691178023815e+00 3.011760530471801758e+02
-8.468672424554824829e+00 -7.021412267349660397e+00 3.019823651909828186e+02
-9.049059659242630005e+00 -7.027464882470667362e+00 3.026797367930412292e+02
-9.730101138353347778e+00 -7.020457456819713116e+00 3.033350122570991516e+02
-1.038628986477851868e+01 -7.028753203339874744e+00 3.038050772249698639e+02
-1.105943372845649719e+01 -7.027872118167579174e+00 3.042051286995410919e+02
-1.177462151646614075e+01 -7.001263425685465336e+00 3.045535364747047424e+02
-1.251900103688240051e+01 -6.986009377054870129e+00 3.048584041595458984e+02
-1.340471974015235901e+01 -6.946287046186625957e+00 3.052696473598480225e+02
-1.423786786198616028e+01 -6.917035055346786976e+00 3.054733886420726776e+02
-1.506949022412300110e+01 -6.882245634682476521e+00 3.055058848857879639e+02
-1.589365115761756897e+01 -6.847821486182510853e+00 3.055467179119586945e+02
-1.664578953385353088e+01 -6.827416113577783108e+00 3.055243739206343889e+02
-1.739979282021522522e+01 -6.802762889303267002e+00 3.055071094967424870e+02
-1.807546904683113098e+01 -6.783656644634902477e+00 3.053461406268179417e+02
-1.864668962359428406e+01 -6.765588541515171528e+00 3.051098933555185795e+02
-1.919608840346336365e+01 -6.776381171308457851e+00 3.048322081007063389e+02
-1.977484747767448425e+01 -6.744747220538556576e+00 3.045554172433912754e+02
-2.030782076716423035e+01 -6.718360603787004948e+00 3.042718092836439610e+02
-2.087906953692436218e+01 -6.680767864920198917e+00 3.039917483665049076e+02
-2.144369682669639587e+01 -6.653448018245398998e+00 3.036616703011095524e+02
-2.197644683718681335e+01 -6.660118018276989460e+00 3.032887992598116398e+02
-2.250235256552696228e+01 -6.645466065965592861e+00 3.029394122101366520e+02
-2.296190932393074036e+01 -6.652871393598616123e+00 3.025733604766428471e+02
-2.341532376408576965e+01 -6.648651833645999432e+00 3.021566329039633274e+02
-2.387703838944435120e+01 -6.611902187578380108e+00 3.017257772721350193e+02
-2.427239260077476501e+01 -6.560547704808413982e+00 3.012828791774809361e+02
-2.472797808051109314e+01 -6.545108531601727009e+00 3.008090353943407536e+02
-2.509610930085182190e+01 -6.542617558501660824e+00 3.003382103778421879e+02
-2.552925965189933777e+01 -6.538256363011896610e+00 2.998601838089525700e+02
-2.585528114438056946e+01 -6.558731059543788433e+00 2.993061415888369083e+02
-2.613040372729301453e+01 -6.563748185522854328e+00 2.987527537085115910e+02
-2.640866687893867493e+01 -6.548124424181878567e+00 2.982093967534601688e+02
-2.667265263199806213e+01 -6.541850262321531773e+00 2.976718014813959599e+02
-2.699048516154289246e+01 -6.504901313222944736e+00 2.971394656039774418e+02
-2.729103854298591614e+01 -6.486966351978480816e+00 2.965039132572710514e+02
-2.758754208683967590e+01 -6.469424949027597904e+00 2.957351061441004276e+02
-2.789758881926536560e+01 -6.447428948245942593e+00 2.948462716676294804e+02
-2.809889553487300873e+01 -6.436943911947309971e+00 2.939830170013010502e+02
-2.829297131299972534e+01 -6.431188103742897511e+00 2.929857827760279179e+02
-2.842758502066135406e+01 -6.423869361169636250e+00 2.919642851687967777e+02
-2.854501742124557495e+01 -6.416336853988468647e+00 2.909378062821924686e+02
-2.862868092954158783e+01 -6.402338524349033833e+00 2.898853001929819584e+02
-2.873695418238639832e+01 -6.394935623742640018e+00 2.887337655164301395e+02
-2.882547704875469208e+01 -6.391787859611213207e+00 2.875057010985910892e+02
-2.885418951511383057e+01 -6.384060299955308437e+00 2.862835091687738895e+02
-2.888338176906108856e+01 -6.384009414352476597e+00 2.851297519542276859e+02
-2.891188153624534607e+01 -6.363779454492032528e+00 2.838851325847208500e+02
-2.886527658998966217e+01 -6.361237126402556896e+00 2.827314410544931889e+02
-2.881495958566665649e+01 -6.362038792110979557e+00 2.814568294622004032e+02
-2.875809632241725922e+01 -6.367104604840278625e+00 2.802316402532160282e+02
-2.866101345419883728e+01 -6.383069267496466637e+00 2.790228956080973148e+02
-2.857589061558246613e+01 -6.397370785474777222e+00 2.778408016301691532e+02
-2.849513775110244751e+01 -6.410425635054707527e+00 2.766823002435266972e+02
-2.841662038862705231e+01 -6.416970893740653992e+00 2.754684905149042606e+02
-2.831055453419685364e+01 -6.416813993826508522e+00 2.742977896071970463e+02
-2.824520857632160187e+01 -6.419132929295301437e+00 2.732084381915628910e+02
-2.816509294509887695e+01 -6.428892331197857857e+00 2.720711671449244022e+02
-2.811479397118091583e+01 -6.453221132978796959e+00 2.708833995200693607e+02
-2.808123600482940674e+01 -6.457974232733249664e+00 2.697243502475321293e+02
-2.801543776690959930e+01 -6.469929644837975502e+00 2.685790675021708012e+02
-2.792896765470504761e+01 -6.478487920016050339e+00 2.673503189422190189e+02
-2.785931940376758575e+01 -6.509334402158856392e+00 2.660097725726664066e+02
-2.774294179677963257e+01 -6.524408765137195587e+00 2.647517413236200809e+02
-2.757483671605587006e+01 -6.545693641528487206e+00 2.635306469537317753e+02
-2.747522479295730591e+01 -6.543273657560348511e+00 2.623619964458048344e+02
-2.734499309957027435e+01 -6.555310410447418690e+00 2.611426744796335697e+02
-2.720549255609512329e+01 -6.562208822928369045e+00 2.598226131536066532e+02
-2.705023221671581268e+01 -6.571577561087906361e+00 2.585146361924707890e+02
-2.694966629147529602e+01 -6.586381963454186916e+00 2.572564676143229008e+02
-2.690611608326435089e+01 -6.600277164019644260e+00 2.560280206538736820e+02
-2.680998089909553528e+01 -6.614645748399198055e+00 2.548637872077524662e+02
-2.672535733878612518e+01 -6.633980329148471355e+00 2.536241377927362919e+02
-2.662411221861839294e+01 -6.650254693813621998e+00 2.523764348365366459e+02
-2.655695028603076935e+01 -6.661912829615175724e+00 2.511711939908564091e+02
-2.648625510931015015e+01 -6.689219928346574306e+00 2.499792615510523319e+02
-2.641983695328235626e+01 -6.704709114506840706e+00 2.487991844750940800e+02
-2.636061447858810425e+01 -6.726061269640922546e+00 2.476527790166437626e+02
-2.633679489791393280e+01 -6.740801190957427025e+00 2.465089836455881596e+02
-2.629742407798767090e+01 -6.760672690346837044e+00 2.453756852485239506e+02
-2.627231501042842865e+01 -6.796237969771027565e+00 2.441624344922602177e+02
-2.627063849568367004e+01 -6.814681589603424072e+00 2.429612639285624027e+02
-2.627328260242938995e+01 -6.821356270462274551e+00 2.417737148143351078e+02
-2.626184722781181335e+01 -6.818847462534904480e+00 2.405767455436289310e+02
-2.624119694530963898e+01 -6.809991383925080299e+00 2.394424038268625736e+02
-2.621833792328834534e+01 -6.813135368749499321e+00 2.383527881242334843e+02
-2.615464244782924652e+01 -6.822161164134740829e+00 2.371865945197641850e+02
-2.614171481132507324e+01 -6.835074985399842262e+00 2.360149251557886600e+02
-2.612967605888843536e+01 -6.849815670400857925e+00 2.348289250470697880e+02
-2.610384312272071838e+01 -6.868678590282797813e+00 2.336142884828150272e+02
-2.603206698596477509e+01 -6.883024320006370544e+00 2.324417715407907963e+02
-2.595430827140808105e+01 -6.904884101822972298e+00 2.312153060771524906e+02
-2.584369428455829620e+01 -6.937353307381272316e+00 2.299535372592508793e+02
-2.577983236312866211e+01 -6.980252029374241829e+00 2.286586737968027592e+02
-2.574445234239101410e+01 -6.990206146612763405e+00 2.274364276267588139e+02
-2.569059804081916809e+01 -6.992649852298200130e+00 2.262487193681299686e+02
-2.565352915227413177e+01 -6.980197644792497158e+00 2.251731615401804447e+02
-2.560199579596519470e+01 -6.966686044819653034e+00 2.241055350638926029e+02
-2.557395802438259125e+01 -6.962040149606764317e+00 2.230117614604532719e+02
-2.552104219794273376e+01 -6.959070990793406963e+00 2.219316028691828251e+02
-2.548497356474399567e+01 -6.965484222397208214e+00 2.208135211803019047e+02
-2.543399649858474731e+01 -6.968210266903042793e+00 2.198030567504465580e+02
-2.537362299859523773e+01 -6.983075760304927826e+00 2.187266832925379276e+02
-2.533865872025489807e+01 -7.003170708194375038e+00 2.175542935468256474e+02
-2.528775031864643097e+01 -7.018147621303796768e+00 2.163645344115793705e+02
-2.526329421997070312e+01 -7.021318426355719566e+00 2.151429788209497929e+02
-2.522969748079776764e+01 -7.016752120107412338e+00 2.138896140195429325e+02
-2.524224430322647095e+01 -7.001003758981823921e+00 2.127287210561335087e+02
-2.524369017779827118e+01 -6.987171154469251633e+00 2.115076728202402592e+02
-2.530345281958580017e+01 -6.976270955055952072e+00 2.103105448819696903e+02
-2.531009908020496368e+01 -6.955897251144051552e+00 2.092067948915064335e+02
-2.531519562005996704e+01 -6.942810839042067528e+00 2.081419955827295780e+02
-2.532734520733356476e+01 -6.921959981322288513e+00 2.070452943183481693e+02
-2.534656828641891479e+01 -6.908984864130616188e+00 2.059399214126169682e+02
-2.536215524375438690e+01 -6.887191560119390488e+00 2.047681656219065189e+02
-2.539157959818840027e+01 -6.857988962903618813e+00 2.035764764882624149e+02
-2.539473409950733185e+01 -6.818276273086667061e+00 2.023969203568994999e+02
-2.543750214576721191e+01 -6.787372760474681854e+00 2.011847932673990726e+02
-2.546230466663837433e+01 -6.758034130558371544e+00 1.999710398055613041e+02
-2.549030309915542603e+01 -6.738568335771560669e+00 1.987412892915308475e+02
-2.550075422227382660e+01 -6.712370315566658974e+00 1.975175478793680668e+02
-2.552766230702400208e+01 -6.686067197471857071e+00 1.962958432771265507e+02
-2.552473355829715729e+01 -6.652984064072370529e+00 1.950124609805643559e+02
-2.552402758598327637e+01 -6.633087085559964180e+00 1.938618187047541142e+02
-2.554043279588222504e+01 -6.591231869533658028e+00 1.925803296901285648e+02
-2.560644188523292542e+01 -6.564989414066076279e+00 1.913712358810007572e+02
-2.566225273907184601e+01 -6.538352379575371742e+00 1.901822402812540531e+02
-2.573503458499908447e+01 -6.514687761664390564e+00 1.889911131002008915e+02
-2.572919474542140961e+01 -6.479667134582996368e+00 1.877896634675562382e+02
-2.572656568884849548e+01 -6.447260320186614990e+00 1.865958538390696049e+02
-2.580669148266315460e+01 -6.412775561213493347e+00 1.854468981362879276e+02
-2.590541636943817139e+01 -6.374085754156112671e+00 1.843037973977625370e+02
-2.599880366027355194e+01 -6.342805705964565277e+00 1.831807401515543461e+02
-2.605544969439506531e+01 -6.303680002689361572e+00 1.820400678254663944e+02
-2.606927068531513214e+01 -6.266836933791637421e+00 1.809110479690134525e+02
-2.612038564682006836e+01 -6.227740034461021423e+00 1.797937591411173344e+02
-2.619752250611782074e+01 -6.191849030554294586e+00 1.786107298471033573e+02
-2.624619379639625549e+01 -6.161507399752736092e+00 1.774697149135172367e+02
-2.627545173466205597e+01 -6.131630096584558487e+00 1.762420561648905277e+02
-2.631213217973709106e+01 -6.086166460067033768e+00 1.750118950940668583e+02
-2.635419039428234100e+01 -6.042591612786054611e+00 1.737934458591043949e+02
-2.635400125384330750e+01 -6.003367025405168533e+00 1.726088528968393803e+02
-2.637265558540821075e+01 -5.990965845063328743e+00 1.712768502570688725e+02
-2.640695643424987793e+01 -5.972882296890020370e+00 1.699484687186777592e+02
-2.645139972865581512e+01 -5.958670614287257195e+00 1.685807063914835453e+02
-2.651005271077156067e+01 -5.934373389929533005e+00 1.672780878879129887e+02
-2.653698416054248810e+01 -5.902231466025114059e+00 1.660092133618891239e+02
-2.653587722778320312e+01 -5.877490350976586342e+00 1.647255202867090702e+02
-2.654784302413463593e+01 -5.863221747800707817e+00 1.634605721570551395e+02
-2.656691625714302063e+01 -5.852841548621654510e+00 1.622878305055201054e+02
-2.657281218469142914e+01 -5.858035310171544552e+00 1.611539143659174442e+02
-2.657750502228736877e+01 -5.859562766738235950e+00 1.599076204635202885e+02
-2.662606333196163177e+01 -5.857578347437083721e+00 1.587818358279764652e+02
-2.667464563250541687e+01 -5.844680306501686573e+00 1.576737010814249516e+02
-2.666088803112506866e+01 -5.832057214342057705e+00 1.565209663249552250e+02
-2.667698475718498230e+01 -5.820856840349733829e+00 1.554000792838633060e+02
-2.668477238714694977e+01 -5.813796128146350384e+00 1.542714195586740971e+02
-2.669977688789367676e+01 -5.796343618072569370e+00 1.531274576522409916e+02
-2.669092370569705963e+01 -5.784431400708854198e+00 1.520541209317743778e+02
-2.670082810521125793e+01 -5.768584770150482655e+00 1.510687638856470585e+02
-2.671719177067279816e+01 -5.748125641606748104e+00 1.500082825757563114e+02
-2.673592272400856018e+01 -5.727405921556055546e+00 1.490216540433466434e+02
-2.676000733673572540e+01 -5.709500546567142010e+00 1.480681769587099552e+02
-2.675564485788345337e+01 -5.694463030435144901e+00 1.471031511761248112e+02
-2.675029544532299042e+01 -5.652588159777224064e+00 1.460851772762835026e+02
-2.671315297484397888e+01 -5.642175643704831600e+00 1.450464328266680241e+02
-2.667642049491405487e+01 -5.626138468272984028e+00 1.440298975445330143e+02
-2.668809944391250610e+01 -5.602576962672173977e+00 1.430698337294161320e+02
-2.668200697004795074e+01 -5.584982299245893955e+00 1.420888225175440311e+02
-2.670945492386817932e+01 -5.578734225593507290e+00 1.410872162915766239e+02
-2.670229540765285492e+01 -5.583151710219681263e+00 1.400900658704340458e+02
-2.667748877406120300e+01 -5.579037946648895741e+00 1.391062602140009403e+02
-2.668113683164119720e+01 -5.570208244957029819e+00 1.381531265713274479e+02
-2.668465206027030945e+01 -5.556983091868460178e+00 1.371746258474886417e+02
-2.667893131077289581e+01 -5.539826962165534496e+00 1.362151596285402775e+02
-2.664557799696922302e+01 -5.524885716848075390e+00 1.352416642047464848e+02
-2.660816417634487152e+01 -5.512364543043076992e+00 1.342902527786791325e+02
-2.657648074626922607e+01 -5.498747487552464008e+00 1.333374017812311649e+02
-2.654218272864818573e+01 -5.488188850693404675e+00 1.323739348389208317e+02
-2.649477145075798035e+01 -5.486528634093701839e+00 1.313443861939013004e+02
-2.645343364775180817e+01 -5.479870193637907505e+00 1.303206895329058170e+02
-2.642609533667564392e+01 -5.461125737987458706e+00 1.292808043695986271e+02
-2.639658541977405548e+01 -5.448933362029492855e+00 1.282256183363497257e+02
-2.638034382462501526e+01 -5.431247905828058720e+00 1.271773463226854801e+02
-2.634116248786449432e+01 -5.434664656408131123e+00 1.261590739227831364e+02
-2.631857767701148987e+01 -5.412488303147256374e+00 1.251412838436663151e+02
-2.627202577888965607e+01 -5.395264291204512119e+00 1.240547559000551701e+02
-2.624281284213066101e+01 -5.369417454116046429e+00 1.230495375134050846e+02
-2.615229226648807526e+01 -5.354678564704954624e+00 1.220684652663767338e+02
-2.609999620914459229e+01 -5.350249859504401684e+00 1.210070776082575321e+02
-2.600214816629886627e+01 -5.319144376553595066e+00 1.199250754453241825e+02
-2.589741352200508118e+01 -5.267117300070822239e+00 1.188542620278894901e+02
-2.587036146223545074e+01 -5.225183331407606602e+00 1.178325093127787113e+02
-2.583985260128974915e+01 -5.194403368048369884e+00 1.168305189944803715e+02
-2.580285672843456268e+01 -5.170489531941711903e+00 1.158639530874788761e+02
-2.577696657180786133e+01 -5.132221040315926075e+00 1.149232084490358829e+02
-2.578302656114101410e+01 -5.113689831458032131e+00 1.138855066038668156e+02
-2.572203409671783447e+01 -5.082163295708596706e+00 1.129527970291674137e+02
-2.567353294789791107e+01 -5.034702128730714321e+00 1.119552439190447330e+02
-2.565848800539970398e+01 -5.002200103364884853e+00 1.110265818573534489e+02
-2.560655565559864044e+01 -4.979843453504145145e+00 1.100671196319162846e+02
-2.554976734519004822e+01 -4.948909292928874493e+00 1.090611577369272709e+02
-2.546504749357700348e+01 -4.922556457109749317e+00 1.081180884577333927e+02
-2.539035075902938843e+01 -4.904454695992171764e+00 1.070666166283190250e+02
-2.529625762999057770e+01 -4.870285938493907452e+00 1.060960343815386295e+02
-2.528480404615402222e+01 -4.838407392613589764e+00 1.050937773920595646e+02
-2.528874571621417999e+01 -4.811988537199795246e+00 1.040995132662355900e+02
-2.531534573435783386e+01 -4.791564761660993099e+00 1.030440584160387516e+02
-2.533053351938724518e+01 -4.764529176987707615e+00 1.019707442261278629e+02
-2.531990179419517517e+01 -4.725934662856161594e+00 1.008909389711916447e+02
-2.532502658665180206e+01 -4.681473479606211185e+00 9.981260094419121742e+01
-2.524865409731864929e+01 -4.631642655469477177e+00 9.867982635274529457e+01
-2.520773150026798248e+01 -4.611742730252444744e+00 9.757200917974114418e+01
-2.512794685363769531e+01 -4.584016096778213978e+00 9.647855541482567787e+01
-2.510516466200351715e+01 -4.574663572944700718e+00 9.540606603398919106e+01
-2.506842273473739624e+01 -4.556640821509063244e+00 9.434196982160210609e+01
-2.501948015391826630e+01 -4.541807726956903934e+00 9.318774542585015297e+01
-2.497269061207771301e+01 -4.501244955696165562e+00 9.219047984853386879e+01
-2.493441624939441681e+01 -4.463568807579576969e+00 9.109350166097283363e+01
-2.492697942256927490e+01 -4.440474527888000011e+00 8.987697014585137367e+01
-2.492572455108165741e+01 -4.405972215346992016e+00 8.860196766629815102e+01
-2.495537492632865906e+01 -4.365717428736388683e+00 8.740283856168389320e+01
-2.495093764364719391e+01 -4.339086336083710194e+00 8.615087506547570229e+01
-2.494027966260910034e+01 -4.310826036147773266e+00 8.489835390821099281e+01
-2.491162620484828949e+01 -4.271517391316592693e+00 8.367529568448662758e+01
-2.487111064791679382e+01 -4.233241560868918896e+00 8.239873430505394936e+01
-2.484300287067890167e+01 -4.194305258803069592e+00 8.113686773553490639e+01
-2.482855862379074097e+01 -4.177438684739172459e+00 7.987031218782067299e+01
-2.480007575452327728e+01 -4.149958397261798382e+00 7.866535684838891029e+01
-2.480488410592079163e+01 -4.121216536499559879e+00 7.738069853559136391e+01
-2.476961262524127960e+01 -4.085120075382292271e+00 7.619579300656914711e+01
-2.471428567171096802e+01 -4.058979901485145092e+00 7.499791703000664711e+01
-2.467194233834743500e+01 -4.034548585303127766e+00 7.373715755715966225e+01
-2.461398193240165710e+01 -4.012659876607358456e+00 7.246066138520836830e+01
-2.457459183037281036e+01 -3.977579123340547085e+00 7.119447526708245277e+01
-2.446438294649124146e+01 -3.957402509637176991e+00 7.008749208226799965e+01
-2.439964650571346283e+01 -3.959510528482496738e+00 6.896919665113091469e+01
-2.440828391909599304e+01 -3.951213293708860874e+00 6.770302483811974525e+01
-2.428458465635776520e+01 -3.929865474812686443e+00 6.639196715131402016e+01
-2.418779414892196655e+01 -3.883104029111564159e+00 6.508278713002800941e+01
-2.415469588339328766e+01 -3.856005058623850346e+00 6.393903825059533119e+01
-2.409627306461334229e+01 -3.839919033460319042e+00 6.281266722455620766e+01
-2.405240504443645477e+01 -3.818191987462341785e+00 6.163812539353966713e+01
-2.401650133728981018e+01 -3.801344833336770535e+00 6.038538989797234535e+01
-2.398067446053028107e+01 -3.796646696515381336e+00 5.907870552316308022e+01
-2.393519383668899536e+01 -3.786521877162158489e+00 5.778412172570824623e+01
-2.391167216002941132e+01 -3.770941806025803089e+00 5.656843182817101479e+01
-2.390119495987892151e+01 -3.762231064029037952e+00 5.528138551488518715e+01
-2.386945374310016632e+01 -3.737191612832248211e+00 5.407824907079339027e+01
-2.386821770668029785e+01 -3.708450329490005970e+00 5.291164979711174965e+01
-2.388762442767620087e+01 -3.692616752348840237e+00 5.177219102159142494e+01
-2.386375528573989868e+01 -3.679105137474834919e+00 5.053180930390954018e+01
-2.386984507739543915e+01 -3.689502543769776821e+00 4.920950100198388100e+01
-2.385552677512168884e+01 -3.688516103662550449e+00 4.801609692350029945e+01
-2.376473732292652130e+01 -3.687827316112816334e+00 4.687387761846184731e+01
-2.376452371478080750e+01 -3.678088701330125332e+00 4.575773296132683754e+01
-2.365000464022159576e+01 -3.650061734952032566e+00 4.450044224038720131e+01
-2.359722843766212463e+01 -3.647450375370681286e+00 4.332677361741662025e+01
-2.357914857566356659e+01 -3.646681808866560459e+00 4.213980469480156898e+01
-2.351692244410514832e+01 -3.640613327734172344e+00 4.103848466649651527e+01
-2.352565573155879974e+01 -3.618095387704670429e+00 3.996000740304589272e+01
-2.352649223804473877e+01 -3.559049596078693867e+00 3.897866461053490639e+01
-2.350431619584560394e+01 -3.529274224303662777e+00 3.791376385465264320e+01
-2.349347668886184692e+01 -3.487095586024224758e+00 3.685408768430352211e+01
-2.345394606888294220e+01 -3.489280709065496922e+00 3.585942945256829262e+01
-2.348455265164375305e+01 -3.461655556224286556e+00 3.480533847585320473e+01
-2.349154768884181976e+01 -3.433572412468492985e+00 3.368295058980584145e+01
-2.351935422420501709e+01 -3.421040651388466358e+00 3.253583428636193275e+01
-2.350743578374385834e+01 -3.413493561558425426e+00 3.141712639108300209e+01
-2.353728130459785461e+01 -3.380591492168605328e+00 3.030775484815239906e+01
-2.355504228174686432e+01 -3.366332297213375568e+00 2.924128839746117592e+01
-2.356947344541549683e+01 -3.348623908124864101e+00 2.818150923028588295e+01
-2.357815919816493988e+01 -3.325684302486479282e+00 2.711099324002861977e+01
-2.362595155835151672e+01 -3.297137918882071972e+00 2.605733415856957436e+01
-2.361180557310581207e+01 -3.268282496370375156e+00 2.494829783216118813e+01
-2.361695253849029541e+01 -3.245192716829478741e+00 2.383819792047142982e+01
-2.362011019885540009e+01 -3.232593988068401814e+00 2.271347400918602943e+01
-2.362597665190696716e+01 -3.222485261969268322e+00 2.150893006101250648e+01
-2.368930216133594513e+01 -3.227998598478734493e+00 2.026368484273552895e+01
-2.373412576317787170e+01 -3.213126891292631626e+00 1.910940990224480629e+01
-2.378408639132976532e+01 -3.200827288441359997e+00 1.797664651647210121e+01
-2.382798978686332703e+01 -3.166455711238086224e+00 1.679937276616692543e+01
-2.381915672123432159e+01 -3.149649039842188358e+00 1.561615738645195961e+01
-2.381798624992370605e+01 -3.130387979559600353e+00 1.448923072591423988e+01
-2.384005276858806610e+01 -3.112883605994284153e+00 1.329781243577599525e+01
-2.384771081805229187e+01 -3.094578756950795650e+00 1.207285532727837563e+01
-2.383811070024967194e+01 -3.089079977013170719e+00 1.084763262048363686e+01
-2.378661847114562988e+01 -3.092255155555903912e+00 9.621311638504266739e+00
-2.376772229373455048e+01 -3.093528077937662601e+00 8.397360656410455704e+00
-2.378844451904296875e+01 -3.068716200999915600e+00 7.273619983345270157e+00
-2.381608690321445465e+01 -3.045166105963289738e+00 6.221005175262689590e+00
-2.381637513637542725e+01 -3.031514226458966732e+00 5.124556157737970352e+00
-2.381108544766902924e+01 -3.009400350041687489e+00 4.028644535690546036e+00
-2.381087705492973328e+01 -2.995033863000571728e+00 2.861489150673151016e+00
-2.382061447203159332e+01 -2.983784117735922337e+00 1.643419120460748672e+00
-2.384147471189498901e+01 -2.974136962555348873e+00 4.682630039751529694e-01
-2.387202771008014679e+01 -2.971196015365421772e+00 -8.137548230588436127e-01
-2.388225299119949341e+01 -2.972065820358693600e+00 -2.102722790092229843e+00
-2.387142424285411835e+01 -2.967775599099695683e+00 -3.377819444984197617e+00
-2.385045602917671204e+01 -2.948571923188865185e+00 -4.607318427413702011e+00
-2.386296285688877106e+01 -2.910573112778365612e+00 -5.846683528274297714e+00
-2.385135078430175781e+01 -2.883119017817080021e+00 -7.091188814491033554e+00
-2.387592963874340057e+01 -2.850024559535086155e+00 -8.315434601157903671e+00
-2.387861600518226624e+01 -2.831532808952033520e+00 -9.597414638847112656e+00
-2.390421421825885773e+01 -2.820825186558067799e+00 -1.086530628427863121e+01
-2.388907003402709961e+01 -2.827525272034108639e+00 -1.215635528787970543e+01
-2.390139959752559662e+01 -2.832748320885002613e+00 -1.345069768652319908e+01
-2.391579827666282654e+01 -2.834602701477706432e+00 -1.477750518545508385e+01
-2.387595923244953156e+01 -2.821971167810261250e+00 -1.607525291666388512e+01
-2.382582348585128784e+01 -2.803336749784648418e+00 -1.733048441633582115e+01
-2.374743340909481049e+01 -2.789144975133240223e+00 -1.847788598760962486e+01
-2.367902281880378723e+01 -2.763281836174428463e+00 -1.960825016722083092e+01
-2.359383769333362579e+01 -2.755632624961435795e+00 -2.076079967245459557e+01
-2.356086367368698120e+01 -2.734311423264443874e+00 -2.199753203615546227e+01
-2.359727375209331512e+01 -2.722370279021561146e+00 -2.329785099253058434e+01
-2.363806316256523132e+01 -2.716483366675674915e+00 -2.450316431745886803e+01
-2.365995176136493683e+01 -2.701619933359324932e+00 -2.573480513319373131e+01
-2.366581130027770996e+01 -2.696096730418503284e+00 -2.701494326815009117e+01
-2.372228191792964935e+01 -2.671715120784938335e+00 -2.832510724291205406e+01
-2.370821461081504822e+01 -2.641383693553507328e+00 -2.961443021520972252e+01
-2.370042307674884796e+01 -2.622480331920087337e+00 -3.082555749639868736e+01
-2.372020518779754639e+01 -2.602624495513737202e+00 -3.201739373430609703e+01
-2.373278604447841644e+01 -2.581418386660516262e+00 -3.322517099604010582e+01
-2.370201000571250916e+01 -2.558713198639452457e+00 -3.449560609087347984e+01
-2.368858517706394196e+01 -2.543612065725028515e+00 -3.576689686998724937e+01
-2.368100690841674805e+01 -2.544234001077711582e+00 -3.698261239752173424e+01
-2.369340054690837860e+01 -2.535324166528880596e+00 -3.819508364424109459e+01
-2.374276742339134216e+01 -2.543163419701159000e+00 -3.951763560995459557e+01
-2.378250314295291901e+01 -2.520751818083226681e+00 -4.076253404840826988e+01
-2.376241856813430786e+01 -2.489278963766992092e+00 -4.185377409681677818e+01
-2.378990004956722260e+01 -2.473369021899998188e+00 -4.294894817098975182e+01
-2.375903782248497009e+01 -2.452350514940917492e+00 -4.401805546507239342e+01
-2.369539578258991241e+01 -2.446299814619123936e+00 -4.509068443998694420e+01
-2.370031857490539551e+01 -2.436917136423289776e+00 -4.619453671202063560e+01
-2.368246059119701385e+01 -2.432424363680183887e+00 -4.741236033663153648e+01
-2.375129464268684387e+01 -2.409628546796739101e+00 -4.869454744085669518e+01
-2.374573089182376862e+01 -2.399102346040308475e+00 -4.998996415361762047e+01
-2.381227326393127441e+01 -2.390245649032294750e+00 -5.130030968412756920e+01
-2.389587466418743134e+01 -2.362156634218990803e+00 -5.256397869810461998e+01
-2.388276919722557068e+01 -2.339464346878230572e+00 -5.373401119932532310e+01
-2.384016151726245880e+01 -2.307909059338271618e+00 -5.489360168203711510e+01
-2.383213192224502563e+01 -2.279118680395185947e+00 -5.609587409719824791e+01
-2.380215822160243988e+01 -2.252532034181058407e+00 -5.723565414175391197e+01
-2.378840902447700500e+01 -2.201863258145749569e+00 -5.836729719862341881e+01
-2.377667601406574249e+01 -2.183191628195345402e+00 -5.949883737787604332e+01
-2.378160125017166138e+01 -2.167016676627099514e+00 -6.055173435434699059e+01
-2.381880201399326324e+01 -2.133355728350579739e+00 -6.167241957411170006e+01
-2.387071701884269714e+01 -2.090741856954991817e+00 -6.276087239012122154e+01
-2.393897177278995514e+01 -2.049095182679593563e+00 -6.388352182134985924e+01
-2.402573201060295105e+01 -1.967351614497601986e+00 -6.507599070295691490e+01
-2.404827742278575897e+01 -1.944283326156437397e+00 -6.618211188539862633e+01
-2.412436619400978088e+01 -1.915519683621823788e+00 -6.724583103880286217e+01
-2.414722396433353424e+01 -1.888986949808895588e+00 -6.833099808916449547e+01
-2.418023958802223206e+01 -1.868704582564532757e+00 -6.942408337816596031e+01
-2.421352495253086090e+01 -1.847744476981461048e+00 -7.059747579321265221e+01
-2.423557549715042114e+01 -1.828103548847138882e+00 -7.187734999880194664e+01
-2.423186473548412323e+01 -1.805285532958805561e+00 -7.317573907598853111e+01
-2.427832010388374329e+01 -1.788109055720269680e+00 -7.444661894068121910e+01
-2.430607987940311432e+01 -1.768340022303164005e+00 -7.577076103910803795e+01
-2.431123280525207520e+01 -1.747012770734727383e+00 -7.712259497866034508e+01
-2.436915718019008636e+01 -1.734022227115929127e+00 -7.844814553484320641e+01
-2.445923623442649841e+01 -1.711697730235755444e+00 -7.976699199900031090e+01
-2.448146672546863556e+01 -1.699219618923962116e+00 -8.092675974592566490e+01
-2.448943454027175903e+01 -1.676324277184903622e+00 -8.215645029768347740e+01
-2.451827256381511688e+01 -1.667250559665262699e+00 -8.342738523706793785e+01
-2.454838100075721741e+01 -1.652374873869121075e+00 -8.468142345175147057e+01
-2.456767077744007111e+01 -1.641843688674271107e+00 -8.598575940355658531e+01
-2.457534182071685791e+01 -1.630391038022935390e+00 -8.720809223875403404e+01
-2.458408884704113007e+01 -1.615091362036764622e+00 -8.845254626497626305e+01
-2.461523321270942688e+01 -1.595853741280734539e+00 -8.959588124975562096e+01
-2.465341635048389435e+01 -1.576395959593355656e+00 -9.079663791880011559e+01
-2.468569761514663696e+01 -1.557638148777186871e+00 -9.199665835127234459e+01
-2.468803416192531586e+01 -1.528708172030746937e+00 -9.309428313001990318e+01
-2.472879031300544739e+01 -1.505406363867223263e+00 -9.428426399454474449e+01
-2.472408415377140045e+01 -1.476631843484938145e+00 -9.546232667192816734e+01
-2.471338367462158203e+01 -1.460637307725846767e+00 -9.662691750749945641e+01
-2.467734776437282562e+01 -1.445857384242117405e+00 -9.775416460260748863e+01
-2.461809608340263367e+01 -1.440678651444613934e+00 -9.888854840025305748e+01
-2.455356819927692413e+01 -1.437459026463329792e+00 -9.994279864057898521e+01
-2.448844313621520996e+01 -1.434867895208299160e+00 -1.010813274644315243e+02
-2.448573814332485199e+01 -1.429539323784410954e+00 -1.022077505849301815e+02
-2.445656475424766541e+01 -1.419777627103030682e+00 -1.033308313153684139e+02
-2.446014513075351715e+01 -1.416201067157089710e+00 -1.044790401719510555e+02
-2.440447241067886353e+01 -1.420555598102509975e+00 -1.056564486287534237e+02
-2.435273204743862152e+01 -1.424153105355799198e+00 -1.068061683438718319e+02
-2.429480460286140442e+01 -1.428289341740310192e+00 -1.078839534781873226e+02
-2.421433098614215851e+01 -1.427942124195396900e+00 -1.088718095086514950e+02
-2.411717230081558228e+01 -1.429989120922982693e+00 -1.099621819518506527e+02
-2.396746473014354706e+01 -1.434500922448933125e+00 -1.110367290042340755e+02
-2.378908681869506836e+01 -1.419453217647969723e+00 -1.120626600049436092e+02
-2.362965391576290131e+01 -1.394246094860136509e+00 -1.130352131389081478e+02
-2.347964724898338318e+01 -1.373112863861024380e+00 -1.139292847774922848e+02
-2.321468088030815125e+01 -1.368712441064417362e+00 -1.148343175910413265e+02
-2.277352246642112732e+01 -1.370262662880122662e+00 -1.158596904538571835e+02
-2.230107608437538147e+01 -1.376866188831627369e+00 -1.168226434849202633e+02
-2.176285943388938904e+01 -1.384710273705422878e+00 -1.176963688395917416e+02
-2.128785112500190735e+01 -1.403437902219593525e+00 -1.184687172435224056e+02
-2.080630806088447571e+01 -1.435775828547775745e+00 -1.191825045607984066e+02
-2.020247587561607361e+01 -1.449768099002540112e+00 -1.198966377042233944e+02
-1.957195147871971130e+01 -1.453889970667660236e+00 -1.207014333270490170e+02
-1.879948207736015320e+01 -1.450420810841023922e+00 -1.215403682254254818e+02
-1.790726253390312195e+01 -1.436205339618027210e+00 -1.223849371932446957e+02
-1.677155062556266785e+01 -1.414617314003407955e+00 -1.232598016522824764e+02
-1.566989645361900330e+01 -1.385838714428246021e+00 -1.239068064354360104e+02
-1.462462708353996277e+01 -1.350269568152725697e+00 -1.244640056751668453e+02
-1.359691748023033142e+01 -1.333688153885304928e+00 -1.248892191909253597e+02
-1.254826948046684265e+01 -1.305646755732595921e+00 -1.254473659060895443e+02
-1.132519945502281189e+01 -1.256833323277533054e+00 -1.260183868668973446e+02
-1.015056797862052917e+01 -1.209071577526628971e+00 -1.266873334906995296e+02
-9.051121562719345093e+00 -1.163967543281614780e+00 -1.272061236761510372e+02
-8.121377855539321899e+00 -1.148401840589940548e+00 -1.274191358648240566e+02
-7.160823196172714233e+00 -1.166283593513071537e+00 -1.273618583045899868e+02
-6.275665968656539917e+00 -1.188385442830622196e+00 -1.272902822457253933e+02
-5.410418361425399780e+00 -1.210398049093782902e+00 -1.272736808601766825e+02
-4.552203208208084106e+00 -1.244506188668310642e+00 -1.272308735791593790e+02
-3.830838650465011597e+00 -1.243167546577751637e+00 -1.271402121726423502e+02
-3.176710456609725952e+00 -1.241623326204717159e+00 -1.270097262803465128e+02
-2.487529307603836060e+00 -1.250583604909479618e+00 -1.268267337623983622e+02
-1.815270572900772095e+00 -1.257119789719581604e+00 -1.265447946134954691e+02
-1.053369849920272827e+00 -1.258235501125454903e+00 -1.262625609580427408e+02
-3.807682693004608154e-01 -1.262877179309725761e+00 -1.259285031501203775e+02
1.764584481716156006e-01 -1.269429408013820648e+00 -1.254582192841917276e+02
6.765457093715667725e-01 -1.269118241965770721e+00 -1.250107598248869181e+02
1.076275616884231567e+00 -1.274568958207964897e+00 -1.245534818414598703e+02
1.501992553472518921e+00 -1.274591404944658279e+00 -1.241572859827429056e+02
1.944549351930618286e+00 -1.278061483055353165e+00 -1.236324749533087015e+02
2.304280847311019897e+00 -1.273807933554053307e+00 -1.230523638073354959e+02
2.613844126462936401e+00 -1.274363964796066284e+00 -1.222994301263242960e+02
2.899487346410751343e+00 -1.262694882228970528e+00 -1.215275881234556437e+02
3.172447651624679565e+00 -1.262874245643615723e+00 -1.207938902322202921e+02
3.399198397994041443e+00 -1.272201733663678169e+00 -1.200559033099561930e+02
3.504599332809448242e+00 -1.284439675509929657e+00 -1.192499850336462259e+02
3.673531904816627502e+00 -1.304001623764634132e+00 -1.183504807297140360e+02
3.689567595720291138e+00 -1.308384949341416359e+00 -1.173241867367178202e+02
3.740148350596427917e+00 -1.300977673381567001e+00 -1.164267590586096048e+02
3.829200923442840576e+00 -1.293052596971392632e+00 -1.156016166154295206e+02
3.890932157635688782e+00 -1.286771193146705627e+00 -1.147288137618452311e+02
3.935743540525436401e+00 -1.290987553074955940e+00 -1.139613147918134928e+02
3.909994527697563171e+00 -1.302157860249280930e+00 -1.130833485070616007e+02
3.842023253440856934e+00 -1.316341267898678780e+00 -1.121748853866010904e+02
3.740415975451469421e+00 -1.337712809443473816e+00 -1.111687072459608316e+02
3.652949392795562744e+00 -1.355978483334183693e+00 -1.102350983563810587e+02
3.619526490569114685e+00 -1.372987261041998863e+00 -1.091896049920469522e+02
3.613930881023406982e+00 -1.389250896871089935e+00 -1.082392888013273478e+02
3.612533822655677795e+00 -1.405896307900547981e+00 -1.073247765842825174e+02
3.571921586990356445e+00 -1.424636527895927429e+00 -1.063581545297056437e+02
3.541563346982002258e+00 -1.429236715659499168e+00 -1.054312310758978128e+02
3.502743244171142578e+00 -1.437095887959003448e+00 -1.044252559486776590e+02
3.402994289994239807e+00 -1.452905105426907539e+00 -1.034682550970464945e+02
3.303492397069931030e+00 -1.472557097673416138e+00 -1.025950167123228312e+02
3.186404421925544739e+00 -1.496345190331339836e+00 -1.017011343780905008e+02
3.098462551832199097e+00 -1.508919978514313698e+00 -1.008003895822912455e+02
3.023049876093864441e+00 -1.526520621031522751e+00 -9.980614613927900791e+01
2.931002438068389893e+00 -1.539567159488797188e+00 -9.876629733480513096e+01
2.857695326209068298e+00 -1.548235218971967697e+00 -9.783460121788084507e+01
2.788728237152099609e+00 -1.555027967318892479e+00 -9.694877248443663120e+01
2.727148935198783875e+00 -1.563956163823604584e+00 -9.599003213085234165e+01
2.696704238653182983e+00 -1.573748437687754631e+00 -9.498933594860136509e+01
2.669909223914146423e+00 -1.587405517697334290e+00 -9.397625177539885044e+01
2.603652268648147583e+00 -1.592421920970082283e+00 -9.296956341899931431e+01
2.655102506279945374e+00 -1.599435452371835709e+00 -9.205318295396864414e+01
2.619350969791412354e+00 -1.612885346636176109e+00 -9.107216113246977329e+01
2.551493421196937561e+00 -1.628274753689765930e+00 -9.008475928939878941e+01
2.444031059741973877e+00 -1.643405394628643990e+00 -8.903021245636045933e+01
2.350720837712287903e+00 -1.648609664291143417e+00 -8.797782724536955357e+01
2.283326447010040283e+00 -1.654096802696585655e+00 -8.699472236074507236e+01
2.177793696522712708e+00 -1.666374346241354942e+00 -8.607717513479292393e+01
2.059966534376144409e+00 -1.677326850593090057e+00 -8.515431677736341953e+01
1.999326422810554504e+00 -1.692790189757943153e+00 -8.407099472917616367e+01
1.979614943265914917e+00 -1.699550200253725052e+00 -8.313020550645887852e+01
1.978936091065406799e+00 -1.715419331565499306e+00 -8.212051653303205967e+01
1.942758411169052124e+00 -1.732018806040287018e+00 -8.108738302625715733e+01
1.869963988661766052e+00 -1.759366493672132492e+00 -8.007933580316603184e+01
1.752830624580383301e+00 -1.776730317622423172e+00 -7.907004248537123203e+01
1.652241691946983337e+00 -1.792166227474808693e+00 -7.802097510732710361e+01
1.533475309610366821e+00 -1.804492751136422157e+00 -7.700087344087660313e+01
1.482497826218605042e+00 -1.821726094931364059e+00 -7.597792088426649570e+01
1.486719161272048950e+00 -1.826420029625296593e+00 -7.492279147543013096e+01
1.477042809128761292e+00 -1.832786861807107925e+00 -7.400648068822920322e+01
1.454135566949844360e+00 -1.841781968250870705e+00 -7.313266026414930820e+01
1.420565769076347351e+00 -1.853208862245082855e+00 -7.218529736436903477e+01
1.365703672170639038e+00 -1.863501843065023422e+00 -7.115054630674421787e+01
1.309150680899620056e+00 -1.879305485635995865e+00 -7.006822406686842442e+01
1.244128108024597168e+00 -1.897166447713971138e+00 -6.892204129137098789e+01
1.206237956881523132e+00 -1.910390901379287243e+00 -6.795344316400587559e+01
1.199252426624298096e+00 -1.924947799183428288e+00 -6.689533447660505772e+01
1.202681913971900940e+00 -1.938690009526908398e+00 -6.596170728839933872e+01
1.158240586519241333e+00 -1.952214599587023258e+00 -6.501274918951094151e+01
1.088053986430168152e+00 -1.955953154712915421e+00 -6.400430297292768955e+01
1.076928943395614624e+00 -1.979216193780303001e+00 -6.299984692968428135e+01
1.028544738888740540e+00 -2.006515182554721832e+00 -6.199097370542585850e+01
1.004296928644180298e+00 -2.026598760858178139e+00 -6.112932097353041172e+01
9.849400371313095093e-01 -2.042815690860152245e+00 -6.016942077316343784e+01
9.666652977466583252e-01 -2.091774960979819298e+00 -5.914723675884306431e+01
9.124162942171096802e-01 -2.106324180960655212e+00 -5.817638289369642735e+01
8.485355973243713379e-01 -2.122092979028820992e+00 -5.714976405538618565e+01
8.260873705148696899e-01 -2.134456109255552292e+00 -5.621888994611799717e+01
7.855599522590637207e-01 -2.151451287791132927e+00 -5.532244532741606236e+01
8.054809421300888062e-01 -2.163241945207118988e+00 -5.445411759056150913e+01
8.392047882080078125e-01 -2.168093187734484673e+00 -5.344478505291044712e+01
8.290750235319137573e-01 -2.186040356755256653e+00 -5.250335013307631016e+01
7.909287512302398682e-01 -2.204197585582733154e+00 -5.155611627735197544e+01
7.453915923833847046e-01 -2.211729539558291435e+00 -5.060477756895124912e+01
6.481356322765350342e-01 -2.243784630671143532e+00 -4.962153577245771885e+01
5.550643950700759888e-01 -2.264127220958471298e+00 -4.859971165098249912e+01
4.853639006614685059e-01 -2.277096586301922798e+00 -4.768279563821852207e+01
4.467568844556808472e-01 -2.290991958230733871e+00 -4.684926378168165684e+01
4.155486524105072021e-01 -2.305264042690396309e+00 -4.598122548498213291e+01
3.682087212800979614e-01 -2.318169588223099709e+00 -4.506555932201445103e+01
3.092758655548095703e-01 -2.323676316067576408e+00 -4.405733888782560825e+01
2.427045851945877075e-01 -2.337609712034463882e+00 -4.314015632309019566e+01
1.875791251659393311e-01 -2.360554255545139313e+00 -4.217101108469069004e+01
1.333374530076980591e-01 -2.381065400317311287e+00 -4.118640344776213169e+01
1.045778989791870117e-01 -2.421327928081154823e+00 -3.998053866066038609e+01
1.027550250291824341e-01 -2.456328349187970161e+00 -3.890631049312651157e+01
9.921452403068542480e-02 -2.527958096936345100e+00 -3.778143399395048618e+01
1.032122820615768433e-01 -2.550547968596220016e+00 -3.683111464418470860e+01
4.210925102233886719e-02 -2.564195854589343071e+00 -3.581860684789717197e+01
3.911377489566802979e-02 -2.612961633130908012e+00 -3.469689273275434971e+01
1.384085416793823242e-02 -2.625725928694009781e+00 -3.373470335640013218e+01
4.177208244800567627e-02 -2.668242584913969040e+00 -3.269438391365110874e+01
1.162801980972290039e-01 -2.782609920948743820e+00 -3.146520512737333775e+01
2.019194215536117554e-01 -2.946030985563993454e+00 -3.016755669750273228e+01
2.630663812160491943e-01 -3.081109475344419479e+00 -2.887940006889402866e+01
2.979158312082290649e-01 -3.193564865738153458e+00 -2.761534290947020054e+01
2.916325330734252930e-01 -3.312337856739759445e+00 -2.650094288028776646e+01
2.416233867406845093e-01 -3.360919583588838577e+00 -2.544670503772795200e+01
2.223682105541229248e-01 -3.386366348713636398e+00 -2.439136093296110630e+01
1.886416524648666382e-01 -3.418405625969171524e+00 -2.331482248939573765e+01
1.396601200103759766e-01 -3.478342708200216293e+00 -2.214462059177458286e+01
1.081224232912063599e-01 -3.541310537606477737e+00 -2.094685190357267857e+01
8.300432562828063965e-02 -3.611013840883970261e+00 -1.970752614177763462e+01
8.165027201175689697e-02 -3.652816798537969589e+00 -1.850765257515013218e+01
3.799805045127869346e-02 -3.686193045228719711e+00 -1.743813269771635532e+01
4.745878279209137657e-02 -3.705949088558554649e+00 -1.647513549961149693e+01
3.574484586715698936e-02 -3.725603245198726654e+00 -1.551504319347441196e+01
9.655465185642242432e-02 -3.762471795082092285e+00 -1.450874155201017857e+01
9.834024310111999512e-02 -3.776570582762360573e+00 -1.355951469577848911e+01
1.215965002775192261e-01 -3.801117103546857834e+00 -1.255545752681791782e+01
1.029269993305206299e-01 -3.821930279955267906e+00 -1.165089946426451206e+01
5.496446788311005333e-02 -3.842699840664863586e+00 -1.082945423759520054e+01
-1.867395639419554970e-02 -3.897842496633529663e+00 -9.891138607636094093e+00
-1.239401549100875854e-01 -3.918931135907769203e+00 -8.921460742130875587e+00
-2.086504101753234863e-01 -3.977969029918313026e+00 -8.009348446503281593e+00
-2.064161747694015503e-01 -4.013359310105443001e+00 -7.041263455525040627e+00
-2.136893570423126221e-01 -4.030830610543489456e+00 -6.035570139065384865e+00
-2.350447922945022583e-01 -4.044141156598925591e+00 -4.972772115841507912e+00
-2.105207741260528564e-01 -4.060135573148727417e+00 -4.002918118610978127e+00
-1.734034866094589233e-01 -4.077080922201275826e+00 -3.015741342678666115e+00
-2.020171880722045898e-01 -4.081675946712493896e+00 -2.026226455345749855e+00
-2.528944462537765503e-01 -4.091184902936220169e+00 -1.007221395149826781e+00
-3.332580029964447021e-01 -4.110398344695568085e+00 1.089674886316065461e-01
-3.775189667940139771e-01 -4.124619809910655022e+00 1.250572865828872171e+00
-4.295489490032196045e-01 -4.149739928543567657e+00 2.407820766791702205e+00
-4.047739058732986450e-01 -4.171399930492043495e+00 3.565810626372695857e+00
-4.097122550010681152e-01 -4.183063436299562454e+00 4.664645617827773982e+00
-4.171306043863296509e-01 -4.190794786438345909e+00 5.796251839026809627e+00
-4.330682456493377686e-01 -4.214021142572164536e+00 6.817297762259841853e+00
-4.962888509035110474e-01 -4.229630382731556892e+00 7.809679811820388728e+00
-5.527065694332122803e-01 -4.257846824824810028e+00 8.890878504142165184e+00
-4.712215214967727661e-01 -4.294307962059974670e+00 1.002937204204499722e+01
-4.587484002113342285e-01 -4.317795107141137123e+00 1.124138099513947964e+01
-3.664427846670150757e-01 -4.354248682036995888e+00 1.243331844173371792e+01
-3.359523415565490723e-01 -4.396355660632252693e+00 1.352334279380738735e+01
-3.882531672716140747e-01 -4.426646597683429718e+00 1.458315128646790981e+01
-4.631127417087554932e-01 -4.446664435788989067e+00 1.569867390953004360e+01
-5.144656151533126831e-01 -4.469405351206660271e+00 1.681786031089723110e+01
-4.744581878185272217e-01 -4.467278955504298210e+00 1.792108101211488247e+01
-5.133642107248306274e-01 -4.473264526575803757e+00 1.899528045020997524e+01
-5.105860829353332520e-01 -4.461605003103613853e+00 2.017834371887147427e+01
-4.510581344366073608e-01 -4.506047433242201805e+00 2.135226923786103725e+01
-3.451226055622100830e-01 -4.568743547424674034e+00 2.269900256954133511e+01
-2.374398261308670044e-01 -4.621240561828017235e+00 2.400325960479676723e+01
-5.807673931121828947e-02 -4.662141850218176842e+00 2.538256258331239223e+01
5.647726356983180651e-02 -4.746601214632391930e+00 2.661007315479218960e+01
4.504278302192683825e-02 -4.793639032170176506e+00 2.780127901397645473e+01
9.818767011165614733e-02 -4.843746451660990715e+00 2.897668821178376675e+01
1.189263463020324291e-01 -4.890425277873873711e+00 3.014837748371064663e+01
2.330553084611892700e-01 -4.962207837030291557e+00 3.132329828105866909e+01
1.665367782115936279e-01 -5.000675184652209282e+00 3.252116185985505581e+01
2.043347209692001343e-01 -5.050866318866610527e+00 3.363839501701295376e+01
3.151228427886962891e-01 -5.112268304452300072e+00 3.470535404048860073e+01
2.852049022912979126e-01 -5.141543546691536903e+00 3.579701954685151577e+01
3.042146861553192139e-01 -5.199972616508603096e+00 3.706408006511628628e+01
1.864955574274063110e-01 -5.221973339095711708e+00 3.816617066226899624e+01
1.660641133785247803e-01 -5.279928842559456825e+00 3.934493953548371792e+01
1.252993792295455933e-01 -5.305159317329525948e+00 4.039914626441895962e+01
3.072994947433471680e-02 -5.321412039920687675e+00 4.145461255870759487e+01
-3.973211348056791825e-02 -5.335804710164666176e+00 4.250807637535035610e+01
-5.982688069343565507e-02 -5.343861512839794159e+00 4.357038039527833462e+01
-4.647992551326750321e-02 -5.355967307463288307e+00 4.456040084920823574e+01
-3.966975212097166581e-02 -5.363357488065958023e+00 4.552317333780229092e+01
-6.357060372829434480e-02 -5.382368931546807289e+00 4.662380529008805752e+01
-1.470354497432708463e-01 -5.422283807769417763e+00 4.768177104555070400e+01
-1.958579570055007657e-01 -5.448945675045251846e+00 4.873887253366410732e+01
-1.930273175239562711e-01 -5.471468357369303703e+00 4.982326889596879482e+01
-3.009559959173202515e-01 -5.488135773688554764e+00 5.092546809278428555e+01
-3.460660576820373535e-01 -5.502341579645872116e+00 5.196609592996537685e+01
-3.904263228178024292e-01 -5.508065717294812202e+00 5.306646335683763027e+01
-4.465403258800506592e-01 -5.518947324715554714e+00 5.415228427015244961e+01
-4.973398298025131226e-01 -5.542582099325954914e+00 5.528483951650559902e+01
-5.280781984329223633e-01 -5.555028657428920269e+00 5.632798326574265957e+01
-5.438840538263320923e-01 -5.563925203867256641e+00 5.733419621549546719e+01
-5.430950820446014404e-01 -5.563857949338853359e+00 5.828074539266526699e+01
-5.668916851282119751e-01 -5.573301550932228565e+00 5.921027297340333462e+01
-6.096917390823364258e-01 -5.582694116979837418e+00 6.022572333179414272e+01
-6.292887777090072632e-01 -5.592626420781016350e+00 6.114598280750215054e+01
-6.024769246578216553e-01 -5.601351089775562286e+00 6.205886275134980679e+01
-5.986684113740921021e-01 -5.610576389357447624e+00 6.301264149509370327e+01
-6.643224954605102539e-01 -5.622573114931583405e+00 6.404848915897309780e+01
-6.730469018220901489e-01 -5.644302854314446449e+00 6.503911984525620937e+01
-7.364221811294555664e-01 -5.673703748732805252e+00 6.612450790964066982e+01
-7.991096228361129761e-01 -5.693278923630714417e+00 6.720831692777574062e+01
-8.644380867481231689e-01 -5.719849862158298492e+00 6.837913871370255947e+01
-9.288906604051589966e-01 -5.744797736406326294e+00 6.957538509927690029e+01
-9.274766147136688232e-01 -5.778210759162902832e+00 7.062440682016313076e+01
-9.528226703405380249e-01 -5.805151315405964851e+00 7.173048389516770840e+01
-1.050205558538436890e+00 -5.831064581871032715e+00 7.289537919126451015e+01
-1.119269922375679016e+00 -5.857519695535302162e+00 7.399831522069871426e+01
-1.150991529226303101e+00 -5.883018217980861664e+00 7.520412076078355312e+01
-1.134652689099311829e+00 -5.915086198598146439e+00 7.641919565759599209e+01
-1.145679771900177002e+00 -5.952819984406232834e+00 7.762836850248277187e+01
-1.145352020859718323e+00 -5.989469897001981735e+00 7.875910890661180019e+01
-1.142789036035537720e+00 -6.029745068401098251e+00 7.988427818380296230e+01
-1.166291072964668274e+00 -6.069932002574205399e+00 8.100946081243455410e+01
-1.074926853179931641e+00 -6.118797171860933304e+00 8.209215403161942959e+01
-1.097105011343955994e+00 -6.158810246735811234e+00 8.312033188901841640e+01
-1.145870894193649292e+00 -6.193550575524568558e+00 8.423949885927140713e+01
-1.266519382596015930e+00 -6.220112835988402367e+00 8.537278819642961025e+01
-1.375812739133834839e+00 -6.250543877482414246e+00 8.645211077295243740e+01
-1.454913094639778137e+00 -6.285510949790477753e+00 8.751513052545487881e+01
-1.576219022274017334e+00 -6.311216779053211212e+00 8.857222796045243740e+01
-1.616016820073127747e+00 -6.338566891849040985e+00 8.963586676679551601e+01
-1.641860723495483398e+00 -6.366569790989160538e+00 9.068175280652940273e+01
-1.677401229739189148e+00 -6.392266040667891502e+00 9.174701798520982265e+01
-1.686056613922119141e+00 -6.415942251682281494e+00 9.280154967866837978e+01
-1.649746939539909363e+00 -6.440228685736656189e+00 9.388359988294541836e+01
-1.636097431182861328e+00 -6.471532911062240601e+00 9.498865163885056973e+01
-1.560772135853767395e+00 -6.519105777144432068e+00 9.612600923143327236e+01
-1.572010397911071777e+00 -6.559688355773687363e+00 9.731850863061845303e+01
-1.530748113989830017e+00 -6.610948082059621811e+00 9.852156293950974941e+01
-1.484531402587890625e+00 -6.660327699035406113e+00 9.972510719858109951e+01
-1.455294057726860046e+00 -6.702391900122165680e+00 1.009335024412721395e+02
-1.373324126005172729e+00 -6.747886501252651215e+00 1.021661706026643515e+02
-1.352751389145851135e+00 -6.782684307545423508e+00 1.033977530058473349e+02
-1.397211015224456787e+00 -6.805188862606883049e+00 1.045637236889451742e+02
-1.324586793780326843e+00 -6.853512136265635490e+00 1.058246322926133871e+02
-1.244488030672073364e+00 -6.911343744024634361e+00 1.070915598925203085e+02
-1.223986849188804626e+00 -6.960693871602416039e+00 1.082730217035859823e+02
-1.242090016603469849e+00 -7.005912957713007927e+00 1.095088924225419760e+02
-1.240884408354759216e+00 -7.045528328046202660e+00 1.107334444578737020e+02
-1.235372960567474365e+00 -7.083553818985819817e+00 1.119618605431169271e+02
-1.251686200499534607e+00 -7.127423604950308800e+00 1.132950568255037069e+02
-1.241472631692886353e+00 -7.163919156417250633e+00 1.145337222870439291e+02
-1.225387111306190491e+00 -7.204565389081835747e+00 1.158427630718797445e+02
-1.169808864593505859e+00 -7.258653244003653526e+00 1.171673433836549520e+02
-1.045952841639518738e+00 -7.326090684160590172e+00 1.184861856754869223e+02
-1.092200547456741333e+00 -7.361074937507510185e+00 1.198188977297395468e+02
-1.192257806658744812e+00 -7.371493378654122353e+00 1.211559410151094198e+02
-1.188710182905197144e+00 -7.394894098863005638e+00 1.225540118273347616e+02
-1.202934697270393372e+00 -7.424369418993592262e+00 1.238565461691468954e+02
-1.204444408416748047e+00 -7.468419978395104408e+00 1.251993669327348471e+02
-1.147804602980613708e+00 -7.521284068003296852e+00 1.264457017239183187e+02
-1.140965193510055542e+00 -7.559715645387768745e+00 1.276323083695024252e+02
-1.086059227585792542e+00 -7.605355063453316689e+00 1.288035242613404989e+02
-1.060734033584594727e+00 -7.657618293538689613e+00 1.299871487673372030e+02
-1.086268529295921326e+00 -7.697337584570050240e+00 1.311337122973054647e+02
-1.045540422201156616e+00 -7.738921338692307472e+00 1.322763541992753744e+02
-1.091745004057884216e+00 -7.773952672258019447e+00 1.334396680649369955e+02
-1.070902854204177856e+00 -7.805830301716923714e+00 1.346009603794664145e+02
-1.054445073008537292e+00 -7.850427599623799324e+00 1.357647829111665487e+02
-1.055662274360656738e+00 -7.884418020024895668e+00 1.369505324419587851e+02
-9.303592294454574585e-01 -7.943441452458500862e+00 1.381958718355745077e+02
-8.583875596523284912e-01 -7.998888077214360237e+00 1.394372716005891562e+02
-7.747640162706375122e-01 -8.046714195981621742e+00 1.405905731972306967e+02
-7.292980551719665527e-01 -8.078899936750531197e+00 1.416809577997773886e+02
-8.142056316137313843e-01 -8.101976882666349411e+00 1.427834204491227865e+02
-8.913688361644744873e-01 -8.134625542908906937e+00 1.439128869827836752e+02
-9.058036953210830688e-01 -8.167469739913940430e+00 1.450055083092302084e+02
-8.819893002510070801e-01 -8.200617544353008270e+00 1.461815757807344198e+02
-8.568813651800155640e-01 -8.238182511180639267e+00 1.472412391956895590e+02
-8.286546468734741211e-01 -8.283979531377553940e+00 1.484194208439439535e+02
-7.336830347776412964e-01 -8.358493234962224960e+00 1.496724137123674154e+02
-6.772828400135040283e-01 -8.405834551900625229e+00 1.508053336199373007e+02
-7.176651507616043091e-01 -8.423846764490008354e+00 1.518732647951692343e+02
-7.480801343917846680e-01 -8.447140708565711975e+00 1.529319849070161581e+02
-8.211325854063034058e-01 -8.473159695044159889e+00 1.540914251860231161e+02
-9.113334417343139648e-01 -8.489543844014406204e+00 1.552691561039537191e+02
-9.796508997678756714e-01 -8.496130740270018578e+00 1.564484447296708822e+02
-1.004497468471527100e+00 -8.504529780708253384e+00 1.576160610970109701e+02
-1.011738136410713196e+00 -8.518349823541939259e+00 1.587202941235154867e+02
-1.085930079221725464e+00 -8.529480684548616409e+00 1.598117635305970907e+02
-1.127336248755455017e+00 -8.538957126438617706e+00 1.608857747372239828e+02
-1.085693806409835815e+00 -8.564649008214473724e+00 1.618836634811013937e+02
-1.034556701779365540e+00 -8.590894063934683800e+00 1.628926181253045797e+02
-1.043228477239608765e+00 -8.604522943496704102e+00 1.639425140079110861e+02
-1.095988765358924866e+00 -8.605871820822358131e+00 1.649525061305612326e+02
-1.165324717760086060e+00 -8.605215970426797867e+00 1.660645688232034445e+02
-1.279559537768363953e+00 -8.609934017062187195e+00 1.671637359317392111e+02
-1.351748734712600708e+00 -8.607707606628537178e+00 1.682190876659005880e+02
-1.370182201266288757e+00 -8.632253646850585938e+00 1.692960057910531759e+02
-1.264332860708236694e+00 -8.665673054754734039e+00 1.704624287541955709e+02
-1.267797902226448059e+00 -8.688760621473193169e+00 1.714982277806848288e+02
-1.246068477630615234e+00 -8.696267966181039810e+00 1.725360986646264791e+02
-1.301596298813819885e+00 -8.699753542430698872e+00 1.736201992686837912e+02
-1.388572335243225098e+00 -8.689714650623500347e+00 1.746134263928979635e+02
-1.502520874142646790e+00 -8.695187442936003208e+00 1.757035322841256857e+02
-1.657517462968826294e+00 -8.689392047934234142e+00 1.768147384580224752e+02
-1.847210183739662170e+00 -8.666656554676592350e+00 1.780076707061380148e+02
-1.961401551961898804e+00 -8.651167022995650768e+00 1.790740842279046774e+02
-2.074015542864799500e+00 -8.615114356391131878e+00 1.802274641450494528e+02
-2.151228696107864380e+00 -8.604042110033333302e+00 1.811778329666703939e+02
-2.185579016804695129e+00 -8.616378973238170147e+00 1.821599237974733114e+02
-2.144388496875762939e+00 -8.650199013762176037e+00 1.831518085058778524e+02
-2.217726752161979675e+00 -8.657052525319159031e+00 1.841163474973291159e+02
-2.216090828180313110e+00 -8.666935923509299755e+00 1.850419296678155661e+02
-2.228245511651039124e+00 -8.677881405688822269e+00 1.860492662843316793e+02
-2.260467052459716797e+00 -8.679413004778325558e+00 1.870362432058900595e+02
-2.315114542841911316e+00 -8.693181914277374744e+00 1.879566620644181967e+02
-2.358245134353637695e+00 -8.706085742451250553e+00 1.888341168817132711e+02
-2.362742885947227478e+00 -8.727092119865119457e+00 1.895913780983537436e+02
-2.342987984418869019e+00 -8.756001380272209644e+00 1.903697943743318319e+02
-2.276595428586006165e+00 -8.782147034071385860e+00 1.911473279055207968e+02
-2.266018092632293701e+00 -8.809693575836718082e+00 1.919687427338212729e+02
-2.263241544365882874e+00 -8.828448648564517498e+00 1.928283070381730795e+02
-2.276825577020645142e+00 -8.842842129059135914e+00 1.937010068949311972e+02
-2.323114261031150818e+00 -8.866553531028330326e+00 1.945852337535470724e+02
-2.377706915140151978e+00 -8.884963537566363811e+00 1.954572523292154074e+02
-2.404414311051368713e+00 -8.904682685621082783e+00 1.963354906495660543e+02
-2.428668141365051270e+00 -8.906826755963265896e+00 1.972253529485315084e+02
-2.457690760493278503e+00 -8.909510539844632149e+00 1.980864573176950216e+02
-2.459159195423126221e+00 -8.933183120563626289e+00 1.988291267212480307e+02
-2.477224335074424744e+00 -8.978760274127125740e+00 1.996478645857423544e+02
-2.484002411365509033e+00 -9.009860396385192871e+00 2.005322223361581564e+02
-2.499127134680747986e+00 -9.055796861648559570e+00 2.013252721484750509e+02
-2.508428335189819336e+00 -9.088914826512336731e+00 2.020976189430803061e+02
-2.501757845282554626e+00 -9.121895581483840942e+00 2.028932206686586142e+02
-2.521721780300140381e+00 -9.157589614391326904e+00 2.037427901085466146e+02
-2.527790799736976624e+00 -9.170459365472197533e+00 2.046270034965127707e+02
-2.523275315761566162e+00 -9.187151778489351273e+00 2.054829831179231405e+02
-2.476264491677284241e+00 -9.197997711598873138e+00 2.063209217842668295e+02
-2.468605309724807739e+00 -9.223281800746917725e+00 2.071698173936456442e+02
-2.506726309657096863e+00 -9.247338503599166870e+00 2.080896657165139914e+02
-2.494993925094604492e+00 -9.276414763182401657e+00 2.089802681859582663e+02
-2.518631473183631897e+00 -9.292958036065101624e+00 2.098568786438554525e+02
-2.572856754064559937e+00 -9.328898116946220398e+00 2.106787592824548483e+02
-2.636768177151679993e+00 -9.358776196837425232e+00 2.115731524284929037e+02
-2.679287344217300415e+00 -9.377928867936134338e+00 2.125457926448434591e+02
-2.736385986208915710e+00 -9.405486557632684708e+00 2.134355253633111715e+02
-2.776613861322402954e+00 -9.412579992786049843e+00 2.142877529915422201e+02
-2.805366411805152893e+00 -9.423442184925079346e+00 2.151176431234925985e+02
-2.834178239107131958e+00 -9.432665472850203514e+00 2.159011586960405111e+02
-2.837934836745262146e+00 -9.445771869271993637e+00 2.166386715825647116e+02
-2.835115998983383179e+00 -9.451911767944693565e+00 2.174140886124223471e+02
-2.820908859372138977e+00 -9.467981826514005661e+00 2.182289056237787008e+02
-2.747391670942306519e+00 -9.497980745509266853e+00 2.189392688926309347e+02
-2.695037797093391418e+00 -9.546107070520520210e+00 2.196719102319329977e+02
-2.667104750871658325e+00 -9.584114218130707741e+00 2.204414159711450338e+02
-2.617015644907951355e+00 -9.625414961948990822e+00 2.212157010491937399e+02
-2.599976032972335815e+00 -9.660591771826148033e+00 2.220404731091111898e+02
-2.555689319968223572e+00 -9.699820844456553459e+00 2.228079789336770773e+02
-2.499810189008712769e+00 -9.726451138034462929e+00 2.235448837932199240e+02
-2.420492187142372131e+00 -9.754634879529476166e+00 2.242704502400010824e+02
-2.365798652172088623e+00 -9.783069003373384476e+00 2.250251031573861837e+02
-2.298638924956321716e+00 -9.808851344510912895e+00 2.258324377592653036e+02
-2.263011068105697632e+00 -9.842021388933062553e+00 2.267062999065965414e+02
-2.247951641678810120e+00 -9.879972217604517937e+00 2.275740411933511496e+02
-2.260374456644058228e+00 -9.927318191155791283e+00 2.284350132402032614e+02
-2.260548666119575500e+00 -9.959838217124342918e+00 2.292681874092668295e+02
-2.268462687730789185e+00 -9.995575083419680595e+00 2.301558044012635946e+02
-2.263481602072715759e+00 -1.003281630389392376e+01 2.310637326296418905e+02
-2.247931033372879028e+00 -1.007846251688897610e+01 2.319495669659227133e+02
-2.217745974659919739e+00 -1.012467214278876781e+01 2.328352817948907614e+02
-2.180836796760559082e+00 -1.015130907669663429e+01 2.337174600418657064e+02
-2.174829229712486267e+00 -1.017121034301817417e+01 2.346724165137857199e+02
-2.110434383153915405e+00 -1.020422614552080631e+01 2.355910340603441000e+02
-2.092681065201759338e+00 -1.023565059341490269e+01 2.364914832171052694e+02
-2.046926140785217285e+00 -1.026062991842627525e+01 2.373180941995233297e+02
-2.039041981101036072e+00 -1.027800326608121395e+01 2.381954036410897970e+02
-2.067131847143173218e+00 -1.029006628692150116e+01 2.391133246477693319e+02
-2.117202714085578918e+00 -1.031051094271242619e+01 2.400850266274064779e+02
-2.108898103237152100e+00 -1.032151636853814125e+01 2.410163883622735739e+02
-2.111842438578605652e+00 -1.032319777272641659e+01 2.419081301148980856e+02
-2.076799899339675903e+00 -1.032477612048387527e+01 2.427275101598352194e+02
-2.107218578457832336e+00 -1.031455048359930515e+01 2.436556912120431662e+02
-2.139944374561309814e+00 -1.029717644676566124e+01 2.445773429926484823e+02
-2.148176357150077820e+00 -1.028273834101855755e+01 2.455194552000612020e+02
-2.162060230970382690e+00 -1.028060981631278992e+01 2.464845413621515036e+02
-2.160248652100563049e+00 -1.029011839814484119e+01 2.473770347889512777e+02
-2.166208595037460327e+00 -1.030875327810645103e+01 2.482745581325143576e+02
-2.118628397583961487e+00 -1.032507968135178089e+01 2.491134792026132345e+02
-2.060055136680603027e+00 -1.033259725943207741e+01 2.499964695628732443e+02
-2.047711685299873352e+00 -1.033900680951774120e+01 2.509851727541536093e+02
-2.047010719776153564e+00 -1.034422367438673973e+01 2.518851881083101034e+02
-2.059082046151161194e+00 -1.035335734672844410e+01 2.528239722903817892e+02
-2.062217891216278076e+00 -1.036304955556988716e+01 2.537717163022607565e+02
-2.074456691741943359e+00 -1.037774314545094967e+01 2.547394539173692465e+02
-2.090634062886238098e+00 -1.039701141417026520e+01 2.557260943111032248e+02
-2.145002618432044983e+00 -1.042378654703497887e+01 2.567452253755182028e+02
-2.200339749455451965e+00 -1.045367094874382019e+01 2.577568166907876730e+02
-2.227184712886810303e+00 -1.048546950146555901e+01 2.587311193998903036e+02
-2.273720338940620422e+00 -1.051157845184206963e+01 2.597102881725877523e+02
-2.307420551776885986e+00 -1.053569052927196026e+01 2.607463910635560751e+02
-2.319544956088066101e+00 -1.055599181540310383e+01 2.618045045193284750e+02
-2.308059304952621460e+00 -1.058602608181536198e+01 2.628689479883760214e+02
-2.276203557848930359e+00 -1.059950203634798527e+01 2.638613243754953146e+02
-2.259335041046142578e+00 -1.061356036365032196e+01 2.648925262149423361e+02
-2.277834787964820862e+00 -1.062962060049176216e+01 2.659425576385110617e+02
-2.299708724021911621e+00 -1.064469714276492596e+01 2.670201847013086081e+02
