-1.401751000000000039e-02 -2.820320999999999939e-02 1.198998000000000008e+00
-2.787364999999999982e-02 -5.608119999999999772e-02 2.384181000000000328e+00
-4.180319999999999869e-02 -8.410629000000000022e-02 3.575628000000000029e+00
-5.573543000000000247e-02 -1.121362000000000053e-01 4.767291000000000167e+00
-6.970674000000000314e-02 -1.402442000000000133e-01 5.962283000000000222e+00
-8.362553999999999821e-02 -1.682457999999999732e-01 7.152769000000000155e+00
-9.756958000000000297e-02 -1.962977000000000194e-01 8.345399999999999707e+00
-1.114988999999999980e-01 -2.243192999999999715e-01 9.536761999999999517e+00
-1.254307000000000061e-01 -2.523452000000000472e-01 1.072832000000000008e+01
-1.393621000000000165e-01 -2.803696999999999995e-01 1.191983000000000104e+01
-1.533004000000000033e-01 -3.084072999999999953e-01 1.311190999999999995e+01
-1.671407999999999783e-01 -3.362948000000000048e-01 1.430347999999999864e+01
-1.818140000000000034e-01 -3.654237000000000180e-01 1.549658999999999942e+01
-1.950728999999999935e-01 -3.924445000000000294e-01 1.668758000000000052e+01
-2.081761000000000028e-01 -4.191514000000000073e-01 1.788103999999999871e+01
-2.220686999999999800e-01 -4.450814000000000159e-01 1.907662999999999798e+01
-2.372951000000000088e-01 -4.715142999999999973e-01 2.027018999999999949e+01
-2.531558999999999893e-01 -4.977816999999999936e-01 2.146467999999999776e+01
-2.707636999999999960e-01 -5.247440999999999356e-01 2.265882999999999825e+01
-2.887908000000000142e-01 -5.527301000000000020e-01 2.385295999999999950e+01
-3.071147000000000182e-01 -5.812325999999999881e-01 2.504683999999999955e+01
-3.273512000000000088e-01 -6.069839000000000206e-01 2.624309999999999832e+01
-3.472487999999999686e-01 -6.329431999999999281e-01 2.744167999999999807e+01
-3.677985000000000282e-01 -6.565641999999999312e-01 2.863711999999999946e+01
-3.892135999999999929e-01 -6.824260999999999244e-01 2.982829999999999870e+01
-4.112761999999999807e-01 -7.087201999999999114e-01 3.102794000000000096e+01
-4.357160999999999951e-01 -7.356474000000000624e-01 3.223192999999999842e+01
-4.596532999999999314e-01 -7.632533000000000234e-01 3.342023999999999972e+01
-4.846980999999999651e-01 -7.915944999999999787e-01 3.461480000000000246e+01
-5.098189999999999111e-01 -8.182722000000000051e-01 3.581255999999999773e+01
-5.367056999999999523e-01 -8.457826999999998874e-01 3.700927999999999685e+01
-5.627411999999999415e-01 -8.734674999999999523e-01 3.820689999999999742e+01
-5.904619000000000950e-01 -9.001114000000000059e-01 3.940549000000000035e+01
-6.181703000000000614e-01 -9.268582000000000765e-01 4.060244000000000142e+01
-6.466319000000000372e-01 -9.531287000000000509e-01 4.179870999999999981e+01
-6.756680000000000463e-01 -9.776312000000000335e-01 4.299591999999999814e+01
-7.080159999999999787e-01 -1.000412000000000079e+00 4.419563000000000130e+01
-7.358613000000000515e-01 -1.020364999999999966e+00 4.539562999999999704e+01
-7.617275000000000018e-01 -1.037444000000000033e+00 4.659611999999999910e+01
-7.844470000000000054e-01 -1.051207000000000003e+00 4.780149000000000115e+01
-8.050204000000000804e-01 -1.064092000000000038e+00 4.900454000000000576e+01
-8.220020000000000104e-01 -1.073849999999999971e+00 5.020347999999999900e+01
-8.402901999999999871e-01 -1.085315000000000030e+00 5.140456999999999965e+01
-8.594629999999998660e-01 -1.098286000000000096e+00 5.260583000000000453e+01
-8.753783000000001646e-01 -1.112635000000000041e+00 5.381125000000000114e+01
-8.928729999999999167e-01 -1.127882999999999969e+00 5.501520000000000010e+01
-9.118601999999998986e-01 -1.143151999999999946e+00 5.622026999999999219e+01
-9.332309000000000854e-01 -1.160687000000000024e+00 5.742776999999999532e+01
-9.562149999999999261e-01 -1.175654999999999895e+00 5.863261999999999574e+01
-9.814360000000000861e-01 -1.190278000000000169e+00 5.983856999999999715e+01
-1.006715000000000027e+00 -1.205600000000000005e+00 6.104209000000000174e+01
-1.031125999999999987e+00 -1.221320000000000183e+00 6.224563000000000557e+01
-1.053862999999999994e+00 -1.237482999999999889e+00 6.344746999999999559e+01
-1.078473000000000015e+00 -1.251700999999999953e+00 6.464754999999999541e+01
-1.103193000000000090e+00 -1.267101000000000033e+00 6.585039999999999338e+01
-1.129537999999999931e+00 -1.281112000000000029e+00 6.704760999999999171e+01
-1.157679999999999820e+00 -1.293922000000000017e+00 6.824106999999999346e+01
-1.186929999999999819e+00 -1.309417000000000053e+00 6.943526999999998850e+01
-1.215316000000000063e+00 -1.324678000000000022e+00 7.062615999999999872e+01
-1.243225999999999942e+00 -1.339455999999999980e+00 7.181600000000000250e+01
-1.268567000000000000e+00 -1.355742999999999920e+00 7.300218999999999880e+01
-1.292837999999999932e+00 -1.371469999999999967e+00 7.418748999999999683e+01
-1.310251999999999972e+00 -1.390125000000000055e+00 7.536553999999999576e+01
-1.320137999999999812e+00 -1.407515000000000072e+00 7.654079000000000121e+01
-1.330920000000000103e+00 -1.427084999999999937e+00 7.771630000000000393e+01
-1.337949999999999973e+00 -1.448796999999999890e+00 7.889459999999999695e+01
-1.340942000000000078e+00 -1.468534000000000006e+00 8.006843000000000643e+01
-1.342289999999999983e+00 -1.485826000000000091e+00 8.123453999999999553e+01
-1.335650999999999922e+00 -1.506095999999999879e+00 8.239912999999999954e+01
-1.323865000000000069e+00 -1.530312000000000117e+00 8.355800999999999590e+01
-1.309268000000000098e+00 -1.555471999999999966e+00 8.471744999999999948e+01
-1.292993000000000059e+00 -1.580587000000000186e+00 8.587695999999999685e+01
-1.273120999999999947e+00 -1.605073999999999890e+00 8.703114000000000772e+01
-1.247130999999999990e+00 -1.630673000000000039e+00 8.818383000000000038e+01
-1.216670999999999836e+00 -1.656163000000000052e+00 8.933335999999999899e+01
-1.182745000000000157e+00 -1.683163000000000187e+00 9.048344000000000165e+01
-1.144128000000000034e+00 -1.710418999999999912e+00 9.163654999999999973e+01
-1.101750000000000007e+00 -1.736086000000000018e+00 9.279129000000000360e+01
-1.056014999999999926e+00 -1.760650000000000048e+00 9.394713000000000136e+01
-1.006118999999999986e+00 -1.785070999999999852e+00 9.510262000000000171e+01
-9.539659999999999807e-01 -1.809543000000000124e+00 9.625538000000000238e+01
-8.975398000000001097e-01 -1.834870999999999919e+00 9.741316999999999382e+01
-8.410030999999998924e-01 -1.861915999999999904e+00 9.857222000000000151e+01
-7.820453000000000543e-01 -1.891642999999999963e+00 9.973968000000000700e+01
-7.233569000000000804e-01 -1.922456999999999860e+00 1.009141000000000048e+02
-6.655319000000000651e-01 -1.953029000000000126e+00 1.020947000000000031e+02
-6.077181999999999862e-01 -1.983092999999999995e+00 1.032788000000000039e+02
-5.505714999999999915e-01 -2.012875000000000192e+00 1.044699999999999989e+02
-4.977483000000000324e-01 -2.041117999999999988e+00 1.056679000000000030e+02
-4.483271999999999813e-01 -2.069738999999999773e+00 1.068671999999999969e+02
-4.053770999999999902e-01 -2.098281999999999758e+00 1.080718999999999994e+02
-3.651075999999999766e-01 -2.126999999999999780e+00 1.092785999999999973e+02
-3.290752999999999595e-01 -2.156852999999999909e+00 1.104916000000000054e+02
-2.985282999999999687e-01 -2.185665000000000191e+00 1.117073000000000036e+02
-2.726717999999999642e-01 -2.213401999999999870e+00 1.129236999999999966e+02
-2.537791999999999826e-01 -2.240145000000000053e+00 1.141424999999999983e+02
-2.415522999999999698e-01 -2.267803999999999931e+00 1.153627999999999929e+02
-2.340717000000000214e-01 -2.296829999999999927e+00 1.165859999999999985e+02
-2.325711000000000306e-01 -2.327574999999999950e+00 1.178115999999999985e+02
-2.372931000000000068e-01 -2.358000999999999792e+00 1.190399000000000029e+02
-2.464439999999999964e-01 -2.388148000000000160e+00 1.202713999999999999e+02
-2.562317999999999540e-01 -2.417424000000000017e+00 1.215013000000000005e+02
-2.696788999999999992e-01 -2.444634999999999891e+00 1.227424000000000035e+02
-2.835716999999999821e-01 -2.471499999999999808e+00 1.239829000000000008e+02
-2.970155000000000434e-01 -2.498918999999999890e+00 1.252241000000000071e+02
-3.168152000000000190e-01 -2.521615000000000162e+00 1.264702000000000055e+02
-3.360760000000000414e-01 -2.543289000000000133e+00 1.277202000000000055e+02
-3.532042999999999711e-01 -2.561294999999999877e+00 1.289698999999999955e+02
-3.704424000000000605e-01 -2.578125000000000000e+00 1.302201000000000022e+02
-3.845449999999999702e-01 -2.596169999999999867e+00 1.314755999999999858e+02
-3.976225999999999927e-01 -2.614808000000000021e+00 1.327334999999999923e+02
-4.133730999999999933e-01 -2.631356999999999946e+00 1.339959000000000060e+02
-4.299121000000000192e-01 -2.646139999999999937e+00 1.352592999999999961e+02
-4.438867000000000229e-01 -2.660055999999999976e+00 1.365226000000000113e+02
-4.570555999999999508e-01 -2.675991999999999926e+00 1.377895000000000039e+02
-4.720569999999999489e-01 -2.693213000000000079e+00 1.390568000000000097e+02
-4.908149999999999458e-01 -2.711316000000000059e+00 1.403306000000000040e+02
-5.099507999999999264e-01 -2.728133999999999837e+00 1.416059999999999945e+02
-5.316574000000000577e-01 -2.744133999999999851e+00 1.428802000000000021e+02
-5.501460999999999713e-01 -2.759529000000000121e+00 1.441529999999999916e+02
-5.681070999999999760e-01 -2.775354000000000099e+00 1.454241000000000099e+02
-5.862239999999999673e-01 -2.794830000000000148e+00 1.466939999999999884e+02
-6.015689000000000730e-01 -2.818864000000000036e+00 1.479610999999999876e+02
-6.184009000000000311e-01 -2.844546999999999937e+00 1.492270000000000039e+02
-6.344428000000000845e-01 -2.875056999999999974e+00 1.504924000000000035e+02
-6.492856999999999656e-01 -2.908757000000000037e+00 1.517562000000000069e+02
-6.669046999999999059e-01 -2.939716999999999913e+00 1.530247999999999990e+02
-6.841745000000000188e-01 -2.969913999999999721e+00 1.542882999999999925e+02
-7.034749999999999615e-01 -2.997618999999999811e+00 1.555533000000000072e+02
-7.212308000000000607e-01 -3.024884999999999824e+00 1.568169000000000040e+02
-7.401339000000000112e-01 -3.051706999999999947e+00 1.580777999999999963e+02
-7.581396999999999720e-01 -3.079340999999999884e+00 1.593421999999999912e+02
-7.785168999999999562e-01 -3.107330000000000148e+00 1.606037000000000035e+02
-7.989665000000000239e-01 -3.135261999999999993e+00 1.618641000000000076e+02
-8.210142999999999747e-01 -3.162339999999999929e+00 1.631262000000000114e+02
-8.448485000000001133e-01 -3.191224000000000061e+00 1.643902999999999963e+02
-8.676072000000000228e-01 -3.221845000000000070e+00 1.656519000000000119e+02
-8.915914000000000339e-01 -3.252329000000000025e+00 1.669142999999999972e+02
-9.159258999999999595e-01 -3.282707999999999959e+00 1.681765000000000043e+02
-9.418035999999999630e-01 -3.313951999999999565e+00 1.694413999999999874e+02
-9.682550999999999242e-01 -3.344599999999999795e+00 1.707047000000000025e+02
-9.957698000000000382e-01 -3.373848000000000180e+00 1.719706999999999937e+02
-1.024318999999999980e+00 -3.402446999999999999e+00 1.732342999999999904e+02
-1.053647000000000000e+00 -3.431925000000000114e+00 1.744983000000000004e+02
-1.083166000000000073e+00 -3.461237999999999815e+00 1.757589999999999861e+02
-1.111964999999999870e+00 -3.491931999999999814e+00 1.770263999999999953e+02
-1.140940000000000065e+00 -3.523533000000000026e+00 1.782890999999999906e+02
-1.167497999999999925e+00 -3.555448999999999860e+00 1.795492000000000132e+02
-1.193384000000000000e+00 -3.587083000000000244e+00 1.808106999999999971e+02
-1.220911999999999997e+00 -3.617216999999999683e+00 1.820722000000000094e+02
-1.249819000000000013e+00 -3.644684999999999953e+00 1.833367000000000075e+02
-1.280267000000000044e+00 -3.669130999999999698e+00 1.845934000000000026e+02
-1.311919000000000057e+00 -3.694208999999999854e+00 1.858430999999999926e+02
-1.342767999999999962e+00 -3.722358000000000278e+00 1.870922999999999945e+02
-1.371475000000000000e+00 -3.752663999999999778e+00 1.883387999999999920e+02
-1.400871999999999895e+00 -3.781861000000000139e+00 1.895855999999999995e+02
-1.429912999999999990e+00 -3.811043000000000180e+00 1.908308000000000106e+02
-1.456919999999999993e+00 -3.839752999999999972e+00 1.920697000000000116e+02
-1.482346999999999859e+00 -3.868860999999999883e+00 1.933035000000000139e+02
-1.504387000000000141e+00 -3.897568000000000144e+00 1.945344000000000051e+02
-1.525428000000000006e+00 -3.929305999999999965e+00 1.957609999999999957e+02
-1.543339999999999934e+00 -3.962116000000000415e+00 1.969815999999999860e+02
-1.561315000000000008e+00 -3.994523000000000490e+00 1.981987000000000023e+02
-1.577336999999999989e+00 -4.025379000000000040e+00 1.994114999999999895e+02
-1.593224999999999891e+00 -4.055717999999999712e+00 2.006192000000000064e+02
-1.607052000000000147e+00 -4.084508000000000472e+00 2.018206999999999880e+02
-1.619569000000000036e+00 -4.112611000000000239e+00 2.030155000000000030e+02
-1.629854999999999832e+00 -4.142166000000000459e+00 2.042033000000000129e+02
-1.639697999999999878e+00 -4.168994999999999784e+00 2.053821000000000083e+02
-1.649074000000000151e+00 -4.196218000000000004e+00 2.065525000000000091e+02
-1.655974000000000057e+00 -4.223530999999999480e+00 2.077093999999999880e+02
-1.663161999999999807e+00 -4.250230000000000175e+00 2.088522000000000105e+02
-1.670516999999999808e+00 -4.277047000000000487e+00 2.099817999999999927e+02
-1.680916000000000077e+00 -4.301811999999999969e+00 2.110937000000000126e+02
-1.692609000000000030e+00 -4.326859999999999928e+00 2.121906999999999925e+02
-1.705386000000000069e+00 -4.351614999999999789e+00 2.132749000000000024e+02
-1.717659000000000047e+00 -4.376801999999999637e+00 2.143453000000000088e+02
-1.730641000000000096e+00 -4.402080999999999911e+00 2.154045999999999879e+02
-1.744177000000000088e+00 -4.426871000000000222e+00 2.164482000000000141e+02
-1.758097000000000021e+00 -4.450451000000000157e+00 2.174853999999999985e+02
-1.775959000000000065e+00 -4.472508999999999624e+00 2.185076999999999998e+02
-1.796549000000000174e+00 -4.494237000000000037e+00 2.195114000000000090e+02
-1.820190000000000197e+00 -4.513126000000000637e+00 2.204950000000000045e+02
-1.844527000000000028e+00 -4.532451999999999259e+00 2.214611999999999910e+02
-1.871600999999999848e+00 -4.553298000000000734e+00 2.224026000000000067e+02
-1.900504000000000193e+00 -4.574348000000000525e+00 2.233228000000000009e+02
-1.931079999999999908e+00 -4.594191999999999609e+00 2.242192000000000007e+02
-1.963225999999999916e+00 -4.613875000000000171e+00 2.250931999999999960e+02
-1.999320999999999904e+00 -4.634336000000000233e+00 2.259462000000000046e+02
-2.036109999999999864e+00 -4.655490000000000350e+00 2.267758000000000038e+02
-2.076062999999999992e+00 -4.674144000000000077e+00 2.275885000000000105e+02
-2.113951999999999831e+00 -4.692285000000000039e+00 2.283820000000000050e+02
-2.149429000000000034e+00 -4.710568000000000310e+00 2.291589999999999918e+02
-2.182835999999999999e+00 -4.728951000000000349e+00 2.299165999999999883e+02
-2.215171999999999919e+00 -4.746558000000000277e+00 2.306577000000000055e+02
-2.247910000000000075e+00 -4.762455000000000105e+00 2.313882000000000119e+02
-2.278812999999999978e+00 -4.778920999999999530e+00 2.321156000000000006e+02
-2.309140000000000192e+00 -4.795655000000000001e+00 2.328383000000000038e+02
-2.338553000000000104e+00 -4.813177999999999734e+00 2.335600000000000023e+02
-2.364799999999999791e+00 -4.830530999999999686e+00 2.342776000000000067e+02
-2.389577000000000062e+00 -4.847958999999999463e+00 2.349915000000000020e+02
-2.414706000000000241e+00 -4.864866000000000135e+00 2.357021000000000015e+02
-2.437161000000000133e+00 -4.881579000000000335e+00 2.364085000000000036e+02
-2.458270000000000177e+00 -4.896919000000000466e+00 2.371116000000000099e+02
-2.475217999999999918e+00 -4.912131999999999721e+00 2.378113999999999919e+02
-2.489243000000000094e+00 -4.929647000000000112e+00 2.385075999999999965e+02
-2.501542999999999850e+00 -4.947554000000000229e+00 2.391999000000000137e+02
-2.511948999999999987e+00 -4.965562000000000253e+00 2.398877999999999986e+02
-2.520293000000000117e+00 -4.981740000000000279e+00 2.405752999999999986e+02
-2.528202999999999978e+00 -4.998210000000000264e+00 2.412639000000000067e+02
-2.534352000000000160e+00 -5.015659999999999563e+00 2.419573000000000036e+02
-2.538348000000000049e+00 -5.032043999999999961e+00 2.426535000000000082e+02
-2.543393000000000015e+00 -5.048169999999999824e+00 2.433558999999999912e+02
-2.545595999999999748e+00 -5.064282000000000394e+00 2.440589999999999975e+02
-2.546851999999999894e+00 -5.080294999999999561e+00 2.447633999999999901e+02
-2.546618999999999744e+00 -5.094783000000000506e+00 2.454714999999999918e+02
-2.545576000000000061e+00 -5.109037999999999968e+00 2.461862999999999886e+02
-2.543734000000000162e+00 -5.126142999999999894e+00 2.469080999999999904e+02
-2.542056000000000093e+00 -5.145191000000000514e+00 2.476358999999999924e+02
-2.541895999999999933e+00 -5.164584999999999759e+00 2.483694999999999879e+02
-2.542203999999999908e+00 -5.185381999999999714e+00 2.491114000000000033e+02
-2.540943999999999647e+00 -5.205979000000000134e+00 2.498573000000000093e+02
-2.535403000000000073e+00 -5.227369999999999628e+00 2.506100000000000136e+02
-2.529259000000000146e+00 -5.246305000000000440e+00 2.513708000000000027e+02
-2.529475000000000140e+00 -5.263872000000000106e+00 2.521450000000000102e+02
-2.534412000000000109e+00 -5.282955999999999541e+00 2.529288999999999987e+02
-2.531730000000000036e+00 -5.300221999999999767e+00 2.537160000000000082e+02
-2.522826999999999931e+00 -5.316152999999999906e+00 2.545107000000000141e+02
-2.516894999999999882e+00 -5.328791000000000722e+00 2.553055999999999983e+02
-2.508908000000000360e+00 -5.345293999999999990e+00 2.561118999999999915e+02
-2.495854000000000017e+00 -5.364406999999999925e+00 2.569295999999999935e+02
-2.476436999999999777e+00 -5.385774999999999757e+00 2.577577999999999747e+02
-2.451907999999999976e+00 -5.406871999999999900e+00 2.585928000000000111e+02
-2.426274000000000264e+00 -5.425048999999999566e+00 2.594295000000000186e+02
-2.401831000000000049e+00 -5.445287999999999684e+00 2.602685000000000173e+02
-2.377451999999999899e+00 -5.467449000000000225e+00 2.611028000000000020e+02
-2.347909000000000024e+00 -5.488512999999999309e+00 2.619397999999999911e+02
-2.315586000000000144e+00 -5.509574999999999889e+00 2.627787000000000148e+02
-2.282742999999999967e+00 -5.533298999999999523e+00 2.636211999999999875e+02
-2.249291999999999625e+00 -5.557574999999999932e+00 2.644630999999999972e+02
-2.211670999999999943e+00 -5.580169000000000601e+00 2.653025999999999840e+02
-2.169030999999999931e+00 -5.601555999999999536e+00 2.661456000000000017e+02
-2.120600999999999736e+00 -5.622751000000000055e+00 2.669886000000000195e+02
-2.070929000000000020e+00 -5.642387999999999515e+00 2.678344999999999914e+02
-2.020151999999999948e+00 -5.662313000000000152e+00 2.686820999999999913e+02
-1.972336000000000089e+00 -5.683949000000000140e+00 2.695292999999999779e+02
-1.923825999999999814e+00 -5.705921000000000021e+00 2.703815999999999917e+02
-1.875688000000000022e+00 -5.726987000000000272e+00 2.712341000000000122e+02
-1.829452000000000078e+00 -5.750154000000000210e+00 2.720890999999999735e+02
-1.783336999999999950e+00 -5.773108000000000573e+00 2.729431999999999903e+02
-1.741198000000000023e+00 -5.793806000000000012e+00 2.737953999999999724e+02
-1.700845000000000162e+00 -5.814912000000000525e+00 2.746510999999999854e+02
-1.660663000000000000e+00 -5.835884000000000071e+00 2.755034999999999741e+02
-1.622669000000000139e+00 -5.858238000000000056e+00 2.763543999999999983e+02
-1.585579000000000072e+00 -5.879709000000000074e+00 2.772037000000000262e+02
-1.550632000000000010e+00 -5.901149000000000200e+00 2.780516000000000076e+02
-1.517862999999999962e+00 -5.921904000000000501e+00 2.788967000000000098e+02
-1.489304999999999879e+00 -5.941918000000000255e+00 2.797354000000000269e+02
-1.466242000000000045e+00 -5.960749999999999993e+00 2.805686999999999784e+02
-1.447756999999999961e+00 -5.978024999999999700e+00 2.813897000000000048e+02
-1.431895000000000140e+00 -5.994410000000000238e+00 2.822031000000000063e+02
-1.419054000000000038e+00 -6.010847000000000051e+00 2.830036000000000058e+02
-1.412085999999999952e+00 -6.026686999999999905e+00 2.837878999999999792e+02
-1.411251999999999951e+00 -6.040169999999999817e+00 2.845552999999999884e+02
-1.414317000000000046e+00 -6.053987999999999481e+00 2.853052000000000135e+02
-1.417779000000000122e+00 -6.069167000000000201e+00 2.860359000000000265e+02
-1.423416999999999932e+00 -6.085124999999999673e+00 2.867440000000000282e+02
-1.435821999999999932e+00 -6.101380000000000692e+00 2.874331000000000245e+02
-1.454441000000000095e+00 -6.117454000000000391e+00 2.881005000000000109e+02
-1.477648999999999990e+00 -6.132604999999999862e+00 2.887511000000000081e+02
-1.506372999999999962e+00 -6.149396000000000306e+00 2.893890000000000100e+02
-1.545617000000000019e+00 -6.167037000000000546e+00 2.900172999999999774e+02
-1.597156999999999938e+00 -6.182452999999999754e+00 2.906281000000000176e+02
-1.665043999999999969e+00 -6.196964000000000361e+00 2.912300000000000182e+02
-1.742377999999999982e+00 -6.210195999999999827e+00 2.918061999999999898e+02
-1.834488000000000119e+00 -6.224247000000000085e+00 2.923790000000000191e+02
-1.942993999999999888e+00 -6.237015000000000420e+00 2.929374000000000251e+02
-2.067997000000000085e+00 -6.247853000000000101e+00 2.934678999999999860e+02
-2.209538000000000224e+00 -6.257666000000000395e+00 2.939981000000000222e+02
-2.367901999999999951e+00 -6.271074999999999733e+00 2.945120999999999754e+02
-2.543375000000000163e+00 -6.285269999999999690e+00 2.949879000000000246e+02
-2.739391999999999605e+00 -6.297630999999999979e+00 2.954667000000000030e+02
-2.949047000000000196e+00 -6.307941000000000464e+00 2.959017999999999802e+02
-3.178541999999999756e+00 -6.314604000000000106e+00 2.963491999999999962e+02
-3.425572000000000283e+00 -6.320980000000000487e+00 2.967828000000000088e+02
-3.687333000000000194e+00 -6.328230999999999717e+00 2.971641000000000190e+02
-3.968958000000000208e+00 -6.332759999999999501e+00 2.975634000000000015e+02
-4.268558999999999770e+00 -6.336991999999999514e+00 2.979438999999999851e+02
-4.586320999999999870e+00 -6.339444000000000301e+00 2.982617000000000189e+02
-4.922654000000000529e+00 -6.345183999999999713e+00 2.985996999999999844e+02
-5.270323000000000313e+00 -6.347813999999999623e+00 2.988693999999999846e+02
-5.635576000000000363e+00 -6.343981999999999566e+00 2.991671999999999798e+02
-6.014393000000000100e+00 -6.339964000000000155e+00 2.994336999999999875e+02
-6.404391000000000389e+00 -6.332309999999999661e+00 2.996091999999999871e+02
-6.808874000000000315e+00 -6.331275999999999904e+00 2.998050000000000068e+02
-7.216404999999999959e+00 -6.326097999999999999e+00 2.999750999999999976e+02
-7.620091000000000392e+00 -6.315633000000000052e+00 3.000618999999999801e+02
-8.027227999999999142e+00 -6.304575999999999958e+00 3.001811000000000149e+02
-8.436150999999998845e+00 -6.292308000000000234e+00 3.002200000000000273e+02
-8.849752999999999759e+00 -6.282887999999999806e+00 3.002873000000000161e+02
-9.270289000000000001e+00 -6.271212999999999482e+00 3.003290999999999826e+02
-9.696194000000000202e+00 -6.256955000000000489e+00 3.002839999999999918e+02
-1.013604999999999912e+01 -6.242545999999999928e+00 3.002712000000000216e+02
-1.058128999999999920e+01 -6.224323000000000050e+00 3.002293000000000234e+02
-1.103110999999999997e+01 -6.199526000000000536e+00 3.000969999999999800e+02
-1.148794000000000004e+01 -6.178296999999999706e+00 2.999941000000000031e+02
-1.194317999999999991e+01 -6.150180000000000646e+00 2.997982000000000085e+02
-1.240288999999999930e+01 -6.123530999999999835e+00 2.996327999999999747e+02
-1.285979999999999990e+01 -6.094783999999999757e+00 2.994338000000000193e+02
-1.331090000000000018e+01 -6.063773000000000302e+00 2.991428999999999974e+02
-1.376340000000000074e+01 -6.028357999999999883e+00 2.988741999999999734e+02
-1.421250999999999998e+01 -5.989762000000000697e+00 2.985219000000000165e+02
-1.466311000000000142e+01 -5.950116000000000405e+00 2.981811000000000149e+02
-1.511616000000000071e+01 -5.913524999999999920e+00 2.978016000000000076e+02
-1.556917000000000151e+01 -5.871991999999999656e+00 2.973600999999999885e+02
-1.602426000000000172e+01 -5.830930999999999642e+00 2.969178999999999746e+02
-1.647063999999999950e+01 -5.783464000000000382e+00 2.964012999999999920e+02
-1.690391999999999939e+01 -5.737737000000000087e+00 2.958765999999999963e+02
-1.732241000000000142e+01 -5.692385999999999946e+00 2.952842999999999734e+02
-1.772917999999999950e+01 -5.645499000000000045e+00 2.946843999999999824e+02
-1.812342999999999904e+01 -5.596316999999999986e+00 2.940466999999999871e+02
-1.850534000000000034e+01 -5.550791000000000253e+00 2.933496000000000095e+02
-1.887202999999999875e+01 -5.509383000000000585e+00 2.926361999999999739e+02
-1.921381000000000228e+01 -5.472940000000000360e+00 2.918625000000000114e+02
-1.953852000000000189e+01 -5.435496999999999801e+00 2.910794000000000210e+02
-1.984547999999999845e+01 -5.397191000000000294e+00 2.902407999999999788e+02
-2.012922000000000011e+01 -5.364689000000000263e+00 2.893904999999999745e+02
-2.038184000000000040e+01 -5.330466999999999622e+00 2.885047000000000139e+02
-2.061251000000000033e+01 -5.296130000000000670e+00 2.875677000000000021e+02
-2.081155000000000044e+01 -5.265003000000000100e+00 2.866207999999999743e+02
-2.097738000000000014e+01 -5.231887000000000398e+00 2.856322000000000116e+02
-2.111658999999999864e+01 -5.198231999999999964e+00 2.846297000000000139e+02
-2.122691000000000017e+01 -5.169611999999999874e+00 2.835930999999999926e+02
-2.130702000000000140e+01 -5.143301000000000123e+00 2.825205000000000268e+02
-2.135871000000000208e+01 -5.118237000000000592e+00 2.814311999999999898e+02
-2.138357999999999848e+01 -5.092068000000000261e+00 2.803111999999999853e+02
-2.137724000000000046e+01 -5.068633999999999418e+00 2.791732999999999834e+02
-2.134555999999999898e+01 -5.044246000000000230e+00 2.780074999999999932e+02
-2.128976000000000113e+01 -5.021530000000000271e+00 2.768294999999999959e+02
-2.120923999999999765e+01 -5.001357999999999748e+00 2.756388000000000034e+02
-2.111192999999999742e+01 -4.983245000000000147e+00 2.744313000000000216e+02
-2.100189999999999912e+01 -4.965436000000000405e+00 2.732074999999999818e+02
-2.088616999999999990e+01 -4.946924000000000099e+00 2.719630000000000223e+02
-2.077684999999999960e+01 -4.927464999999999762e+00 2.707049999999999841e+02
-2.066591000000000022e+01 -4.906062000000000367e+00 2.694279000000000224e+02
-2.055522000000000205e+01 -4.883411999999999864e+00 2.681360000000000241e+02
-2.044758999999999816e+01 -4.861750999999999934e+00 2.668306000000000040e+02
-2.034586000000000183e+01 -4.838516000000000261e+00 2.655097000000000094e+02
-2.024967000000000183e+01 -4.817702999999999847e+00 2.641793999999999869e+02
-2.015627999999999886e+01 -4.799526000000000181e+00 2.628480999999999881e+02
-2.007085000000000008e+01 -4.780283999999999978e+00 2.615172999999999774e+02
-1.999327000000000254e+01 -4.760491000000000028e+00 2.601902000000000044e+02
-1.992129999999999868e+01 -4.738614000000000104e+00 2.588498999999999910e+02
-1.985529999999999973e+01 -4.717988000000000071e+00 2.575113000000000056e+02
-1.979674999999999940e+01 -4.696285999999999738e+00 2.561702000000000226e+02
-1.974591000000000207e+01 -4.673674000000000106e+00 2.548239000000000090e+02
-1.970344000000000051e+01 -4.648387999999999742e+00 2.534746000000000095e+02
-1.966816999999999993e+01 -4.618641999999999470e+00 2.521231999999999971e+02
-1.963934000000000069e+01 -4.586764999999999759e+00 2.507730999999999995e+02
-1.961367999999999867e+01 -4.556415000000000326e+00 2.494162000000000035e+02
-1.959028999999999954e+01 -4.529157999999999795e+00 2.480644000000000062e+02
-1.956927999999999912e+01 -4.501374000000000208e+00 2.467059999999999889e+02
-1.955133999999999972e+01 -4.473848000000000269e+00 2.453382000000000005e+02
-1.953800000000000026e+01 -4.445002999999999815e+00 2.439697999999999922e+02
-1.952665999999999968e+01 -4.411335000000000228e+00 2.425956999999999937e+02
-1.951382999999999868e+01 -4.378260000000000041e+00 2.412223999999999933e+02
-1.950318000000000040e+01 -4.346092999999999762e+00 2.398385000000000105e+02
-1.949324999999999974e+01 -4.316995999999999611e+00 2.384576999999999884e+02
-1.948098999999999847e+01 -4.286445999999999756e+00 2.370732000000000141e+02
-1.946668000000000021e+01 -4.255713000000000079e+00 2.356838999999999942e+02
-1.945014000000000109e+01 -4.223798000000000386e+00 2.342911000000000001e+02
-1.943039999999999878e+01 -4.186691999999999858e+00 2.328927999999999940e+02
-1.940660000000000096e+01 -4.152923999999999616e+00 2.314921999999999969e+02
-1.938128999999999991e+01 -4.121141999999999861e+00 2.300913999999999930e+02
-1.935555000000000092e+01 -4.091351000000000404e+00 2.286877000000000066e+02
-1.933238000000000056e+01 -4.061082999999999998e+00 2.272831999999999937e+02
-1.930936000000000163e+01 -4.031201999999999508e+00 2.258709000000000060e+02
-1.928820999999999941e+01 -4.003413000000000110e+00 2.244541000000000111e+02
-1.926526000000000138e+01 -3.975160999999999945e+00 2.230338999999999885e+02
-1.924098000000000042e+01 -3.945562999999999931e+00 2.216106000000000051e+02
-1.921490000000000009e+01 -3.915755000000000319e+00 2.201862999999999886e+02
-1.919066000000000116e+01 -3.884537000000000351e+00 2.187564999999999884e+02
-1.916473999999999833e+01 -3.851912999999999698e+00 2.173282000000000096e+02
-1.914050999999999902e+01 -3.816691999999999751e+00 2.158915000000000077e+02
-1.911492000000000147e+01 -3.783819000000000266e+00 2.144523000000000081e+02
-1.908395000000000152e+01 -3.744539000000000062e+00 2.130108999999999924e+02
-1.905320000000000036e+01 -3.706671000000000049e+00 2.115703000000000031e+02
-1.902207999999999899e+01 -3.670204000000000022e+00 2.101235000000000070e+02
-1.899037999999999826e+01 -3.634174999999999933e+00 2.086722000000000037e+02
-1.896021000000000001e+01 -3.596747000000000138e+00 2.072186000000000092e+02
-1.892785999999999902e+01 -3.559152999999999789e+00 2.057581999999999880e+02
-1.889613999999999905e+01 -3.524787999999999588e+00 2.042948000000000093e+02
-1.886476000000000042e+01 -3.487637000000000320e+00 2.028317999999999870e+02
-1.883712000000000231e+01 -3.453038999999999970e+00 2.013684000000000083e+02
-1.880903999999999954e+01 -3.419170999999999960e+00 1.999090999999999951e+02
-1.878080999999999889e+01 -3.384783000000000097e+00 1.984404000000000110e+02
-1.875192999999999799e+01 -3.350644000000000400e+00 1.969762000000000057e+02
-1.872357000000000227e+01 -3.313855000000000217e+00 1.955152999999999963e+02
-1.869717999999999947e+01 -3.276435999999999904e+00 1.940555999999999983e+02
-1.867122999999999777e+01 -3.241513000000000311e+00 1.926000999999999976e+02
-1.864802999999999855e+01 -3.205048000000000119e+00 1.911441000000000088e+02
-1.862848999999999933e+01 -3.170622000000000273e+00 1.896914999999999907e+02
-1.861036999999999964e+01 -3.138275000000000148e+00 1.882428999999999917e+02
-1.859411000000000058e+01 -3.107702999999999882e+00 1.867944999999999993e+02
-1.857685999999999993e+01 -3.075838999999999768e+00 1.853524999999999920e+02
-1.856047000000000224e+01 -3.044236000000000164e+00 1.839085000000000036e+02
-1.854599999999999937e+01 -3.011131000000000224e+00 1.824687000000000126e+02
-1.853340000000000032e+01 -2.977266999999999886e+00 1.810315999999999974e+02
-1.852315000000000111e+01 -2.942175999999999902e+00 1.796009999999999991e+02
-1.851523999999999859e+01 -2.908288999999999902e+00 1.781752999999999929e+02
-1.851072000000000273e+01 -2.873542000000000041e+00 1.767506999999999948e+02
-1.851024999999999920e+01 -2.838652999999999871e+00 1.753372999999999990e+02
-1.851325999999999894e+01 -2.803212999999999955e+00 1.739295999999999935e+02
-1.851829000000000036e+01 -2.769552000000000014e+00 1.725374999999999943e+02
-1.852671000000000134e+01 -2.736025000000000151e+00 1.711562000000000126e+02
-1.853709999999999880e+01 -2.701363999999999876e+00 1.697918999999999983e+02
-1.855169000000000068e+01 -2.666949999999999932e+00 1.684471000000000060e+02
-1.856810000000000116e+01 -2.633526999999999951e+00 1.671264999999999930e+02
-1.858703999999999823e+01 -2.599237000000000020e+00 1.658217999999999961e+02
-1.860502999999999929e+01 -2.565876999999999963e+00 1.645389999999999873e+02
-1.862542000000000186e+01 -2.533595000000000041e+00 1.632792000000000030e+02
-1.864443999999999946e+01 -2.502804000000000251e+00 1.620471000000000004e+02
-1.866211000000000197e+01 -2.473851999999999940e+00 1.608370999999999924e+02
-1.868206999999999951e+01 -2.447586000000000261e+00 1.596531999999999982e+02
-1.870042999999999722e+01 -2.422216999999999842e+00 1.584928999999999917e+02
-1.871715000000000018e+01 -2.396856999999999793e+00 1.573598000000000070e+02
-1.873343999999999809e+01 -2.370797999999999739e+00 1.562503000000000100e+02
-1.874892000000000181e+01 -2.347373000000000154e+00 1.551689000000000078e+02
-1.876230999999999938e+01 -2.322646999999999906e+00 1.541173000000000002e+02
-1.877789999999999893e+01 -2.297426999999999886e+00 1.530880999999999972e+02
-1.879239000000000104e+01 -2.274461000000000066e+00 1.520872999999999990e+02
-1.880437000000000225e+01 -2.252345000000000041e+00 1.511110999999999933e+02
-1.881642000000000081e+01 -2.230220000000000091e+00 1.501621000000000095e+02
-1.882737999999999801e+01 -2.209938000000000180e+00 1.492396999999999991e+02
-1.883765999999999963e+01 -2.187752999999999837e+00 1.483393000000000086e+02
-1.884753999999999863e+01 -2.164800999999999753e+00 1.474611999999999910e+02
-1.885475999999999885e+01 -2.144195999999999991e+00 1.465988999999999862e+02
-1.886279000000000039e+01 -2.123511000000000148e+00 1.457538000000000125e+02
-1.887376000000000076e+01 -2.100874000000000130e+00 1.449223000000000070e+02
-1.888239000000000090e+01 -2.078340999999999994e+00 1.441037000000000035e+02
-1.888626999999999967e+01 -2.059412000000000020e+00 1.433024000000000058e+02
-1.889195000000000135e+01 -2.042113000000000067e+00 1.425198000000000036e+02
-1.890126000000000062e+01 -2.022990000000000066e+00 1.417521999999999878e+02
-1.890872000000000241e+01 -2.005120999999999931e+00 1.409928999999999917e+02
-1.891347999999999985e+01 -1.989402999999999810e+00 1.402421999999999969e+02
-1.891945000000000121e+01 -1.974561999999999928e+00 1.394994000000000085e+02
-1.892677000000000120e+01 -1.960533999999999999e+00 1.387653999999999996e+02
-1.893511000000000166e+01 -1.944374000000000269e+00 1.380440000000000111e+02
-1.894437999999999889e+01 -1.928158000000000261e+00 1.373298000000000059e+02
-1.895463999999999771e+01 -1.914990999999999888e+00 1.366213999999999942e+02
-1.896431000000000111e+01 -1.905324999999999935e+00 1.359170000000000016e+02
-1.897372000000000014e+01 -1.895274000000000125e+00 1.352161000000000115e+02
-1.897911000000000215e+01 -1.881347000000000103e+00 1.345168999999999926e+02
-1.898310999999999993e+01 -1.867920000000000025e+00 1.338197000000000116e+02
-1.899097000000000079e+01 -1.854861000000000093e+00 1.331237999999999886e+02
-1.900388999999999839e+01 -1.839020000000000099e+00 1.324285999999999888e+02
-1.900819999999999865e+01 -1.829068999999999834e+00 1.317401999999999873e+02
-1.900737999999999772e+01 -1.823556000000000177e+00 1.310598999999999990e+02
-1.901168999999999798e+01 -1.813486999999999849e+00 1.303773999999999944e+02
-1.902655999999999992e+01 -1.799997000000000069e+00 1.296925999999999988e+02
-1.902975999999999956e+01 -1.790406000000000164e+00 1.289952000000000112e+02
-1.902967999999999904e+01 -1.783236000000000043e+00 1.282866999999999962e+02
-1.903291000000000111e+01 -1.773597000000000090e+00 1.275639000000000038e+02
-1.903688999999999965e+01 -1.762349000000000165e+00 1.268316999999999979e+02
-1.904092999999999947e+01 -1.751741999999999910e+00 1.260904000000000025e+02
-1.904309999999999903e+01 -1.739549000000000234e+00 1.253385999999999996e+02
-1.904060000000000130e+01 -1.721883000000000274e+00 1.245754000000000019e+02
-1.903397999999999968e+01 -1.704963999999999924e+00 1.237927999999999997e+02
-1.902608999999999995e+01 -1.689113000000000087e+00 1.229911000000000030e+02
-1.901736999999999966e+01 -1.671608000000000205e+00 1.221723999999999961e+02
-1.900788000000000011e+01 -1.651372999999999980e+00 1.213371999999999957e+02
-1.899550999999999945e+01 -1.630462999999999996e+00 1.204889000000000010e+02
-1.898110000000000142e+01 -1.606830999999999898e+00 1.196222999999999956e+02
-1.896236000000000033e+01 -1.583863000000000021e+00 1.187403999999999940e+02
-1.894088999999999956e+01 -1.562359999999999971e+00 1.178409999999999940e+02
-1.891248999999999825e+01 -1.539441999999999977e+00 1.169209000000000032e+02
-1.888164000000000087e+01 -1.518579999999999819e+00 1.159843000000000046e+02
-1.884566000000000230e+01 -1.495740000000000069e+00 1.150276000000000067e+02
-1.880737999999999843e+01 -1.472690999999999972e+00 1.140572999999999979e+02
-1.876261000000000223e+01 -1.449606999999999868e+00 1.130721000000000060e+02
-1.871096000000000004e+01 -1.425818999999999948e+00 1.120704999999999956e+02
-1.865466999999999942e+01 -1.402778999999999998e+00 1.110501000000000005e+02
-1.859272999999999954e+01 -1.382088999999999901e+00 1.100104000000000042e+02
-1.852665000000000006e+01 -1.362587999999999910e+00 1.089547000000000025e+02
-1.845844999999999914e+01 -1.343345999999999929e+00 1.078846999999999952e+02
-1.838973999999999975e+01 -1.326089999999999991e+00 1.067964999999999947e+02
-1.832376999999999967e+01 -1.307555000000000023e+00 1.056928999999999945e+02
-1.825675999999999988e+01 -1.288138999999999923e+00 1.045622000000000043e+02
-1.818724999999999881e+01 -1.269054000000000126e+00 1.034111000000000047e+02
-1.811737000000000108e+01 -1.244731000000000032e+00 1.022463999999999942e+02
-1.804504000000000019e+01 -1.219975999999999949e+00 1.010739999999999981e+02
-1.797200000000000131e+01 -1.195662999999999920e+00 9.988170999999999822e+01
-1.789756000000000213e+01 -1.172886000000000095e+00 9.867175000000000296e+01
-1.782502999999999815e+01 -1.151221999999999968e+00 9.744780000000000086e+01
-1.775374000000000052e+01 -1.126794999999999991e+00 9.620855000000000246e+01
-1.768421000000000021e+01 -1.102524999999999977e+00 9.495274999999999466e+01
-1.761270000000000024e+01 -1.077492000000000116e+00 9.367749000000000592e+01
-1.754365999999999914e+01 -1.049971999999999905e+00 9.239323000000000263e+01
-1.747710000000000008e+01 -1.022257999999999889e+00 9.109028000000000702e+01
-1.740999000000000052e+01 -9.990056000000000491e-01 8.977476999999998952e+01
-1.735065000000000168e+01 -9.753403000000000489e-01 8.845413000000000636e+01
-1.729334000000000060e+01 -9.584783999999999526e-01 8.710974000000000217e+01
-1.723975000000000080e+01 -9.440549000000001412e-01 8.573751000000000033e+01
-1.718834000000000017e+01 -9.218291999999999042e-01 8.435170999999999708e+01
-1.713847000000000165e+01 -8.925920999999999994e-01 8.295643000000001166e+01
-1.709087000000000245e+01 -8.621183000000001151e-01 8.155321999999999605e+01
-1.704827999999999832e+01 -8.330613999999999519e-01 8.012645999999999447e+01
-1.700912000000000290e+01 -8.053784000000000498e-01 7.868381999999999721e+01
-1.697362000000000037e+01 -7.771295000000000286e-01 7.722778000000000986e+01
-1.693890000000000029e+01 -7.478601999999999750e-01 7.575751999999999953e+01
-1.690537999999999741e+01 -7.187593000000001009e-01 7.428435000000000343e+01
-1.687363999999999820e+01 -6.886180000000000634e-01 7.280870999999999071e+01
-1.684487000000000023e+01 -6.588975000000000248e-01 7.133451999999999771e+01
-1.682112000000000052e+01 -6.266961999999999255e-01 6.986186999999999614e+01
-1.679851000000000028e+01 -5.936206999999998901e-01 6.839400999999999442e+01
-1.677917000000000058e+01 -5.617779999999999996e-01 6.692461999999999023e+01
-1.676018999999999792e+01 -5.300473000000001100e-01 6.545692999999999984e+01
-1.674127000000000010e+01 -4.983233000000000246e-01 6.398723000000000383e+01
-1.672373999999999938e+01 -4.662391999999999648e-01 6.252253999999999934e+01
-1.670738000000000056e+01 -4.342215999999999299e-01 6.105928000000000111e+01
-1.669261000000000195e+01 -4.028966999999999965e-01 5.958850000000000335e+01
-1.667727999999999966e+01 -3.696660999999999420e-01 5.811853000000000691e+01
-1.666066999999999965e+01 -3.318749999999999756e-01 5.665100000000000335e+01
-1.664288999999999774e+01 -2.928005999999999664e-01 5.518854999999999933e+01
-1.662285999999999930e+01 -2.553498999999999630e-01 5.373519000000000290e+01
-1.660088000000000008e+01 -2.238775999999999822e-01 5.227703999999999951e+01
-1.657777000000000100e+01 -1.950878000000000057e-01 5.082074000000000069e+01
-1.655445999999999884e+01 -1.667537000000000047e-01 4.936683000000000021e+01
-1.653153999999999968e+01 -1.361188999999999871e-01 4.791138000000000119e+01
-1.650590000000000046e+01 -1.018661000000000011e-01 4.646110999999999791e+01
-1.647824999999999918e+01 -6.682976999999999668e-02 4.501382000000000261e+01
-1.645171000000000205e+01 -3.390796000000000088e-02 4.357573000000000008e+01
-1.642535000000000167e+01 -4.286154000000000353e-03 4.213695999999999486e+01
-1.640183000000000035e+01 2.267274999999999846e-02 4.069789000000000101e+01
-1.638002999999999787e+01 5.139880000000000143e-02 3.926176999999999850e+01
-1.635679000000000016e+01 8.060551999999999995e-02 3.782482999999999862e+01
-1.633245000000000147e+01 1.118253999999999915e-01 3.639684000000000452e+01
-1.630757999999999797e+01 1.414094000000000184e-01 3.497003000000000128e+01
-1.628473999999999933e+01 1.706822999999999813e-01 3.354440999999999917e+01
-1.626399999999999935e+01 1.998713000000000017e-01 3.212471000000000032e+01
-1.624607999999999919e+01 2.279987999999999737e-01 3.070782999999999774e+01
-1.622987000000000180e+01 2.572809999999999819e-01 2.928474000000000288e+01
-1.621275999999999939e+01 2.860072999999999643e-01 2.786759999999999948e+01
-1.619487999999999772e+01 3.156600999999999435e-01 2.645737000000000094e+01
-1.617482000000000042e+01 3.455315999999999943e-01 2.505017000000000138e+01
-1.615362999999999971e+01 3.743585999999999858e-01 2.364610000000000056e+01
-1.613407000000000124e+01 4.041375999999999857e-01 2.224839000000000055e+01
-1.611622999999999806e+01 4.323654000000000663e-01 2.085659000000000063e+01
-1.610043999999999897e+01 4.615577999999999625e-01 1.947254999999999825e+01
-1.608657999999999788e+01 4.926781000000000077e-01 1.808842999999999890e+01
-1.607257999999999853e+01 5.236602999999999675e-01 1.670842000000000027e+01
-1.605730000000000146e+01 5.539333000000000728e-01 1.533298999999999879e+01
-1.604038999999999859e+01 5.822458000000000355e-01 1.396230000000000082e+01
-1.601956000000000202e+01 6.052059000000000744e-01 1.259501000000000026e+01
-1.599987000000000137e+01 6.277812999999999866e-01 1.122151999999999994e+01
-1.598184000000000005e+01 6.536359999999999948e-01 9.852997999999999479e+00
-1.596752999999999822e+01 6.821975999999999596e-01 8.487382000000000204e+00
-1.595763999999999960e+01 7.126679000000000208e-01 7.122797000000000267e+00
-1.594955999999999996e+01 7.443265000000000020e-01 5.763789000000000051e+00
-1.593877000000000166e+01 7.787213000000000607e-01 4.400318000000000396e+00
-1.592590000000000039e+01 8.125998999999999306e-01 3.038918000000000230e+00
-1.590917999999999921e+01 8.446650999999999465e-01 1.676097000000000170e+00
-1.588962999999999859e+01 8.754178000000000237e-01 3.089439000000000490e-01
-1.587121000000000137e+01 9.045038000000000800e-01 -1.063172000000000006e+00
-1.585397000000000034e+01 9.332548000000000510e-01 -2.436522999999999772e+00
-1.583842999999999890e+01 9.601235999999998549e-01 -3.813594999999999846e+00
-1.582319999999999993e+01 9.870965000000000433e-01 -5.192326000000000441e+00
-1.580824999999999925e+01 1.014087999999999878e+00 -6.576469999999999594e+00
-1.579122999999999877e+01 1.041955999999999882e+00 -7.966033999999999615e+00
-1.577389999999999937e+01 1.070724999999999927e+00 -9.357139000000000095e+00
-1.575586000000000020e+01 1.100589999999999957e+00 -1.075521999999999956e+01
-1.573852000000000118e+01 1.129670999999999870e+00 -1.214992999999999945e+01
-1.572232999999999947e+01 1.159921999999999898e+00 -1.354746000000000095e+01
-1.570577000000000112e+01 1.188721999999999834e+00 -1.495102999999999938e+01
-1.569089999999999918e+01 1.214562999999999837e+00 -1.635914000000000001e+01
-1.567518999999999885e+01 1.238904000000000005e+00 -1.776435000000000031e+01
-1.565947000000000067e+01 1.258377999999999997e+00 -1.917351000000000028e+01
-1.564352999999999838e+01 1.279113999999999862e+00 -2.058415000000000106e+01
-1.562986000000000075e+01 1.298205999999999971e+00 -2.200393000000000043e+01
-1.561782000000000181e+01 1.320133999999999919e+00 -2.342438999999999893e+01
-1.560601000000000127e+01 1.342475000000000085e+00 -2.484504000000000090e+01
-1.559027000000000029e+01 1.362532000000000076e+00 -2.626783000000000001e+01
-1.557331000000000110e+01 1.381668000000000118e+00 -2.768797999999999959e+01
-1.555400999999999989e+01 1.401278000000000024e+00 -2.911535999999999902e+01
-1.553676000000000101e+01 1.423844000000000110e+00 -3.054782999999999760e+01
-1.552139999999999986e+01 1.450595999999999997e+00 -3.197309000000000268e+01
-1.550772000000000084e+01 1.474487000000000103e+00 -3.339612999999999943e+01
-1.549326000000000114e+01 1.496909000000000045e+00 -3.481999000000000422e+01
-1.547662000000000049e+01 1.519635000000000069e+00 -3.624447999999999581e+01
-1.546087999999999951e+01 1.542756999999999934e+00 -3.766557999999999851e+01
-1.544410000000000061e+01 1.566848999999999936e+00 -3.908216999999999786e+01
-1.542667999999999928e+01 1.593712999999999935e+00 -4.049900999999999840e+01
-1.540927000000000113e+01 1.621145999999999976e+00 -4.191387999999999892e+01
-1.539245000000000019e+01 1.647343000000000002e+00 -4.332259000000000526e+01
-1.537522999999999840e+01 1.670184999999999809e+00 -4.472464999999999691e+01
-1.535698999999999970e+01 1.689779999999999838e+00 -4.613040999999999769e+01
-1.533782999999999852e+01 1.710256999999999916e+00 -4.753795000000000215e+01
-1.531709999999999994e+01 1.733636999999999873e+00 -4.894397999999999627e+01
-1.529715000000000025e+01 1.757777999999999841e+00 -5.034660000000000224e+01
-1.527696000000000076e+01 1.783279999999999976e+00 -5.174849999999999994e+01
-1.525675999999999988e+01 1.808697000000000221e+00 -5.315271999999999508e+01
-1.523748999999999931e+01 1.833986999999999812e+00 -5.454794000000000409e+01
-1.521771000000000029e+01 1.859641999999999795e+00 -5.594950000000000045e+01
-1.519945000000000057e+01 1.883020999999999834e+00 -5.735211999999999222e+01
-1.518410000000000082e+01 1.905888000000000027e+00 -5.875140999999999991e+01
-1.517007999999999868e+01 1.927806000000000131e+00 -6.015069000000000443e+01
-1.515697000000000116e+01 1.949197999999999986e+00 -6.154936000000000007e+01
-1.514226000000000028e+01 1.969588000000000116e+00 -6.295148999999999972e+01
-1.512800999999999974e+01 1.989950000000000108e+00 -6.435075999999999397e+01
-1.511337999999999937e+01 2.010299999999999976e+00 -6.575074000000000751e+01
-1.510121000000000002e+01 2.031550999999999885e+00 -6.714652999999999849e+01
-1.509140999999999977e+01 2.052436999999999845e+00 -6.853878000000000270e+01
-1.508302999999999905e+01 2.071234000000000020e+00 -6.993461999999999534e+01
-1.507452999999999932e+01 2.087359999999999882e+00 -7.132326000000000477e+01
-1.506437999999999811e+01 2.102810999999999986e+00 -7.270839000000000851e+01
-1.505382999999999960e+01 2.117081000000000213e+00 -7.409526999999999930e+01
-1.504316000000000031e+01 2.130723000000000145e+00 -7.547624000000000422e+01
-1.503083999999999953e+01 2.146554000000000073e+00 -7.685641999999999996e+01
-1.501677999999999891e+01 2.163459999999999717e+00 -7.822646000000000299e+01
-1.499832999999999927e+01 2.179822999999999844e+00 -7.959324999999999761e+01
-1.497930000000000028e+01 2.191193999999999864e+00 -8.095359999999999445e+01
-1.495957000000000114e+01 2.200915999999999872e+00 -8.231728000000001089e+01
-1.494127999999999901e+01 2.214390999999999998e+00 -8.368053000000000452e+01
-1.492467000000000077e+01 2.232508999999999855e+00 -8.503494999999999493e+01
-1.490817000000000192e+01 2.250863000000000280e+00 -8.638401000000000352e+01
-1.489187000000000083e+01 2.268642999999999965e+00 -8.772673000000000343e+01
-1.487397999999999954e+01 2.282364999999999977e+00 -8.907040000000000646e+01
-1.485657000000000139e+01 2.296993000000000062e+00 -9.040801000000000442e+01
-1.483918999999999855e+01 2.311151999999999873e+00 -9.174111999999999512e+01
-1.482426000000000066e+01 2.326926999999999968e+00 -9.307671999999999457e+01
-1.481076000000000015e+01 2.341502000000000194e+00 -9.440039000000000158e+01
-1.479797999999999902e+01 2.357904000000000000e+00 -9.572436000000000433e+01
-1.478702999999999967e+01 2.374192999999999998e+00 -9.704550999999999306e+01
-1.477602999999999867e+01 2.389834000000000014e+00 -9.836341000000000179e+01
-1.476702999999999832e+01 2.407843000000000178e+00 -9.967659999999999343e+01
-1.475853999999999999e+01 2.426874000000000198e+00 -1.009838000000000022e+02
-1.475176000000000087e+01 2.444390999999999980e+00 -1.022903000000000020e+02
-1.474409999999999954e+01 2.462668999999999997e+00 -1.035926000000000045e+02
-1.473959999999999937e+01 2.480363000000000095e+00 -1.048919999999999959e+02
-1.473424999999999940e+01 2.498308000000000195e+00 -1.061858000000000004e+02
-1.473066000000000031e+01 2.514949000000000101e+00 -1.074728000000000065e+02
-1.472823999999999955e+01 2.530663000000000107e+00 -1.087629000000000019e+02
-1.472728999999999999e+01 2.547385999999999928e+00 -1.100459000000000032e+02
-1.472555000000000014e+01 2.563690000000000246e+00 -1.113290999999999968e+02
-1.472478999999999871e+01 2.582152999999999921e+00 -1.126054000000000030e+02
-1.472152999999999956e+01 2.600373999999999963e+00 -1.138770999999999987e+02
-1.471959999999999980e+01 2.617243999999999904e+00 -1.151477000000000004e+02
-1.471780000000000044e+01 2.634202000000000155e+00 -1.164111000000000047e+02
-1.471582000000000079e+01 2.650908999999999960e+00 -1.176691000000000003e+02
-1.471283999999999992e+01 2.667793000000000081e+00 -1.189238000000000000e+02
-1.470982999999999841e+01 2.685656999999999961e+00 -1.201734000000000009e+02
-1.470565999999999995e+01 2.703911000000000175e+00 -1.214141000000000048e+02
-1.470293999999999990e+01 2.719940999999999942e+00 -1.226449000000000069e+02
-1.470054000000000016e+01 2.735913000000000039e+00 -1.238670999999999935e+02
-1.469880999999999993e+01 2.751503000000000032e+00 -1.250815000000000055e+02
-1.469829999999999970e+01 2.767800999999999956e+00 -1.262870999999999952e+02
-1.469852000000000203e+01 2.784820999999999991e+00 -1.274852000000000061e+02
-1.470117999999999903e+01 2.801394999999999857e+00 -1.286704000000000008e+02
-1.470613999999999955e+01 2.817528999999999950e+00 -1.298453000000000088e+02
-1.471232999999999969e+01 2.833172000000000246e+00 -1.310089000000000112e+02
-1.471896000000000093e+01 2.848691000000000084e+00 -1.321621000000000095e+02
-1.472487999999999886e+01 2.863999000000000184e+00 -1.332995999999999981e+02
-1.473334000000000010e+01 2.880266999999999911e+00 -1.344173999999999864e+02
-1.474313999999999858e+01 2.895211000000000201e+00 -1.355140000000000100e+02
-1.474618999999999858e+01 2.913165999999999922e+00 -1.365942000000000007e+02
-1.475232999999999883e+01 2.928942999999999852e+00 -1.376542000000000030e+02
-1.475847000000000087e+01 2.946711000000000080e+00 -1.386869000000000085e+02
-1.476466000000000101e+01 2.964758000000000226e+00 -1.396956999999999880e+02
-1.477357000000000120e+01 2.979528999999999872e+00 -1.406762999999999977e+02
-1.478487000000000151e+01 2.993256000000000139e+00 -1.416311000000000035e+02
-1.479742999999999853e+01 3.006784000000000123e+00 -1.425561999999999898e+02
-1.480845000000000056e+01 3.020004999999999828e+00 -1.434522000000000048e+02
-1.481802000000000064e+01 3.032842000000000038e+00 -1.443211000000000013e+02
-1.482329999999999970e+01 3.044706999999999830e+00 -1.451550000000000011e+02
-1.481877000000000066e+01 3.055661000000000183e+00 -1.459633000000000038e+02
-1.479757000000000033e+01 3.065593999999999930e+00 -1.467444999999999879e+02
-1.475456000000000145e+01 3.071965000000000057e+00 -1.474992000000000019e+02
-1.468815999999999988e+01 3.079106000000000343e+00 -1.482245000000000061e+02
-1.459928999999999988e+01 3.086043000000000092e+00 -1.489259999999999877e+02
-1.449202000000000190e+01 3.088829999999999742e+00 -1.495946999999999889e+02
-1.436420000000000030e+01 3.087775000000000158e+00 -1.502249999999999943e+02
-1.421312000000000175e+01 3.089329999999999909e+00 -1.508334999999999866e+02
-1.403647999999999918e+01 3.090777999999999803e+00 -1.514162000000000035e+02
-1.383342000000000205e+01 3.086577000000000126e+00 -1.519504000000000019e+02
-1.360853999999999964e+01 3.076709999999999834e+00 -1.524769000000000005e+02
-1.336040999999999990e+01 3.060859999999999914e+00 -1.529501999999999953e+02
-1.308243000000000045e+01 3.046759999999999913e+00 -1.534240000000000066e+02
-1.277722999999999942e+01 3.032264000000000070e+00 -1.538743000000000052e+02
-1.244653000000000098e+01 3.015234999999999665e+00 -1.542672000000000025e+02
-1.209329999999999927e+01 2.992922999999999778e+00 -1.546664000000000101e+02
-1.171654999999999980e+01 2.969218000000000135e+00 -1.550328000000000088e+02
-1.131814999999999927e+01 2.947184000000000026e+00 -1.553309999999999889e+02
-1.090106999999999893e+01 2.926438999999999790e+00 -1.556300999999999988e+02
-1.046588999999999992e+01 2.901562999999999892e+00 -1.558564000000000078e+02
-1.002043000000000106e+01 2.872762999999999955e+00 -1.560826000000000136e+02
-9.567122999999998711e+00 2.844586000000000059e+00 -1.562778000000000134e+02
-9.106292999999999083e+00 2.815747000000000000e+00 -1.564059000000000026e+02
-8.642034999999999911e+00 2.787237999999999882e+00 -1.565389000000000124e+02
-8.174402000000000612e+00 2.755500000000000060e+00 -1.566350999999999942e+02
-7.699411999999999701e+00 2.722687000000000079e+00 -1.566630999999999858e+02
-7.221458000000000155e+00 2.690342999999999929e+00 -1.566903000000000077e+02
-6.734167000000000236e+00 2.665011000000000241e+00 -1.566510000000000105e+02
-6.243159999999999599e+00 2.641270000000000007e+00 -1.566170999999999935e+02
-5.751237000000000599e+00 2.615199000000000051e+00 -1.565443999999999960e+02
-5.261916999999999511e+00 2.593306999999999807e+00 -1.563935999999999922e+02
-4.779010999999999676e+00 2.569363999999999759e+00 -1.562438999999999965e+02
-4.305429000000000173e+00 2.552945999999999938e+00 -1.560244000000000142e+02
-3.838335999999999970e+00 2.542408000000000001e+00 -1.558077999999999861e+02
-3.375344000000000122e+00 2.534833000000000336e+00 -1.555541000000000054e+02
-2.922417999999999960e+00 2.530704000000000065e+00 -1.552209000000000003e+02
-2.480571999999999999e+00 2.522616999999999887e+00 -1.548906000000000063e+02
-2.057962999999999987e+00 2.510377000000000081e+00 -1.544839000000000055e+02
-1.653879000000000099e+00 2.499815000000000342e+00 -1.540794999999999959e+02
-1.268487000000000142e+00 2.493093000000000004e+00 -1.536400999999999897e+02
-8.983581999999999956e-01 2.487045000000000172e+00 -1.531408999999999878e+02
-5.510776999999998926e-01 2.478813999999999851e+00 -1.526324999999999932e+02
-2.261365999999999932e-01 2.467171000000000003e+00 -1.520605999999999938e+02
6.230717000000000200e-02 2.456904000000000199e+00 -1.514835999999999956e+02
3.234819999999999918e-01 2.446327000000000140e+00 -1.508797000000000139e+02
5.523554000000000519e-01 2.433161000000000129e+00 -1.502165999999999997e+02
7.484821000000000391e-01 2.422188999999999925e+00 -1.495497000000000014e+02
9.129123999999999572e-01 2.410622999999999738e+00 -1.488379999999999939e+02
1.048249999999999904e+00 2.402930000000000010e+00 -1.481125000000000114e+02
1.163229000000000068e+00 2.393425000000000136e+00 -1.473482999999999947e+02
1.265054000000000123e+00 2.383452000000000126e+00 -1.465668000000000006e+02
1.348495999999999917e+00 2.371922999999999782e+00 -1.457604000000000042e+02
1.407669999999999977e+00 2.359471000000000096e+00 -1.449267000000000110e+02
1.444779999999999953e+00 2.346915000000000084e+00 -1.440738000000000056e+02
1.463451000000000057e+00 2.332663000000000153e+00 -1.431976999999999975e+02
1.469675000000000065e+00 2.319984999999999964e+00 -1.423032000000000039e+02
1.468737999999999877e+00 2.305914000000000019e+00 -1.413866999999999905e+02
1.471319000000000043e+00 2.290967999999999893e+00 -1.404508999999999901e+02
1.479967000000000033e+00 2.274697999999999887e+00 -1.394923000000000002e+02
1.489345000000000141e+00 2.260153999999999996e+00 -1.385153999999999996e+02
1.499365999999999977e+00 2.246738000000000124e+00 -1.375181000000000040e+02
1.504842000000000013e+00 2.234016999999999697e+00 -1.365045000000000073e+02
1.505414000000000030e+00 2.220167000000000002e+00 -1.354735000000000014e+02
1.504501000000000088e+00 2.205688000000000315e+00 -1.344218999999999937e+02
1.503329000000000137e+00 2.190202000000000204e+00 -1.333517999999999972e+02
1.501627000000000045e+00 2.176140000000000185e+00 -1.322648000000000081e+02
1.498560000000000114e+00 2.159629000000000243e+00 -1.311603000000000065e+02
1.491649999999999920e+00 2.144473000000000074e+00 -1.300389999999999873e+02
1.482380000000000031e+00 2.128143000000000118e+00 -1.288995999999999924e+02
1.470023999999999997e+00 2.111152000000000140e+00 -1.277441000000000031e+02
1.458442999999999934e+00 2.092642999999999809e+00 -1.265764000000000067e+02
1.447720999999999814e+00 2.073752999999999957e+00 -1.253883000000000010e+02
1.436722999999999972e+00 2.053638000000000297e+00 -1.241850000000000023e+02
1.426398000000000055e+00 2.032684999999999853e+00 -1.229654000000000025e+02
1.418039999999999967e+00 2.009876999999999914e+00 -1.217343999999999937e+02
1.413177000000000127e+00 1.984399999999999942e+00 -1.204916999999999945e+02
1.410380999999999885e+00 1.956743000000000121e+00 -1.192314999999999969e+02
1.407397999999999927e+00 1.927292999999999923e+00 -1.179509000000000043e+02
1.405768000000000129e+00 1.897027000000000019e+00 -1.166572000000000031e+02
1.402662000000000075e+00 1.864275999999999822e+00 -1.153482999999999947e+02
1.396731999999999863e+00 1.832056000000000129e+00 -1.140290999999999997e+02
1.385028000000000148e+00 1.800206000000000195e+00 -1.126949999999999932e+02
1.369687000000000099e+00 1.767520999999999898e+00 -1.113405000000000058e+02
1.351798000000000055e+00 1.734254000000000184e+00 -1.099725999999999999e+02
1.330548999999999982e+00 1.700356999999999896e+00 -1.085927999999999969e+02
1.308289999999999953e+00 1.668466999999999922e+00 -1.072002999999999986e+02
1.284826999999999941e+00 1.635925000000000074e+00 -1.057911000000000001e+02
1.259616000000000069e+00 1.601652000000000076e+00 -1.043679000000000059e+02
1.230258999999999991e+00 1.565325999999999995e+00 -1.029321000000000055e+02
1.202212000000000058e+00 1.530046999999999935e+00 -1.014787000000000035e+02
1.170074999999999976e+00 1.495851000000000042e+00 -1.000075999999999965e+02
1.142136000000000040e+00 1.463279999999999914e+00 -9.852911000000000286e+01
1.115542999999999951e+00 1.436156999999999906e+00 -9.702600999999999942e+01
1.089274000000000076e+00 1.410679999999999934e+00 -9.551570999999999856e+01
1.062981999999999871e+00 1.390692999999999957e+00 -9.400229000000000212e+01
1.036567999999999934e+00 1.374673000000000034e+00 -9.249143000000000825e+01
1.009147999999999934e+00 1.361423999999999968e+00 -9.098225999999999658e+01
9.847339999999999982e-01 1.348471999999999893e+00 -8.947608999999999924e+01
9.616474000000000411e-01 1.333401000000000058e+00 -8.797323000000000093e+01
9.399983000000000644e-01 1.316473000000000004e+00 -8.646689999999999543e+01
9.191411999999999916e-01 1.298308000000000018e+00 -8.496724000000000387e+01
8.995469000000001492e-01 1.282846999999999849e+00 -8.345435999999999410e+01
8.834484000000000226e-01 1.268237000000000059e+00 -8.194950000000000045e+01
8.679533000000001497e-01 1.252709999999999990e+00 -8.044554000000000826e+01
8.520469000000000515e-01 1.234831000000000012e+00 -7.894240000000000634e+01
8.381738999999999162e-01 1.219713999999999965e+00 -7.743959999999999866e+01
8.255732000000000070e-01 1.207956000000000030e+00 -7.593444000000000926e+01
8.134234999999999660e-01 1.199178999999999995e+00 -7.443200000000000216e+01
8.003154999999999575e-01 1.189369000000000121e+00 -7.293635999999999342e+01
7.849788000000000876e-01 1.176895999999999942e+00 -7.144335999999999842e+01
7.639540000000000219e-01 1.160600000000000076e+00 -6.995600000000000307e+01
7.450432000000000166e-01 1.144296999999999898e+00 -6.846259999999999479e+01
7.252410999999999719e-01 1.128317000000000014e+00 -6.697131999999999152e+01
7.107630000000000337e-01 1.111895999999999995e+00 -6.548910999999999660e+01
6.946295000000000108e-01 1.096104000000000189e+00 -6.400515000000000043e+01
6.777408000000000321e-01 1.080621999999999971e+00 -6.252550999999999704e+01
6.587745999999999880e-01 1.067484000000000099e+00 -6.104535999999999518e+01
6.370383000000000573e-01 1.049225999999999992e+00 -5.957556999999999192e+01
6.135026000000000090e-01 1.030980999999999925e+00 -5.810345999999999833e+01
5.856643999999999739e-01 1.015669000000000155e+00 -5.662761999999999318e+01
5.571176999999999380e-01 1.005762999999999963e+00 -5.516060000000000230e+01
5.253982000000000374e-01 9.957027999999999990e-01 -5.369801999999999254e+01
4.907090999999999537e-01 9.846880999999999551e-01 -5.223667999999999978e+01
4.561314999999999675e-01 9.709515999999999147e-01 -5.077853999999999957e+01
4.235406999999999922e-01 9.558653000000000288e-01 -4.932287000000000177e+01
3.928533000000000164e-01 9.391869000000000467e-01 -4.786939999999999884e+01
3.621643999999999974e-01 9.230089000000000210e-01 -4.641797000000000395e+01
3.335672000000000081e-01 9.069681000000000548e-01 -4.496842000000000183e+01
3.070323999999999831e-01 8.911135000000000028e-01 -4.352559000000000111e+01
2.806277999999999828e-01 8.754699000000000231e-01 -4.207912000000000319e+01
2.543730000000000158e-01 8.594364999999999366e-01 -4.063655999999999580e+01
2.281179000000000123e-01 8.436095999999999595e-01 -3.919716999999999985e+01
2.029690000000000105e-01 8.253285000000000204e-01 -3.776252000000000209e+01
1.777993999999999963e-01 8.063359999999999417e-01 -3.632795999999999736e+01
1.537248999999999977e-01 7.865138000000000407e-01 -3.489508000000000010e+01
1.326690000000000091e-01 7.682860999999999718e-01 -3.346380999999999517e+01
1.133741999999999944e-01 7.522313000000000471e-01 -3.203603999999999985e+01
9.746084000000000691e-02 7.352840000000000487e-01 -3.061395999999999873e+01
8.482879999999999587e-02 7.168959000000000303e-01 -2.919399000000000299e+01
7.224084000000000061e-02 6.980984000000000078e-01 -2.777752999999999872e+01
6.062565000000000315e-02 6.785993000000000164e-01 -2.635595999999999606e+01
5.256870999999999766e-02 6.586933999999999845e-01 -2.494767999999999830e+01
4.390241000000000282e-02 6.329309000000000740e-01 -2.354342000000000112e+01
3.720920999999999951e-02 6.021743000000000512e-01 -2.213989000000000118e+01
3.232865000000000044e-02 5.653751000000000193e-01 -2.073844000000000065e+01
2.925888000000000100e-02 5.295575999999999617e-01 -1.934062999999999732e+01
2.669735999999999984e-02 4.947389000000000370e-01 -1.794366000000000128e+01
2.516130999999999923e-02 4.624740999999999991e-01 -1.655026000000000153e+01
2.416041999999999842e-02 4.312537999999999649e-01 -1.516613999999999862e+01
2.354534999999999961e-02 3.987550999999999735e-01 -1.378258999999999901e+01
2.158788999999999847e-02 3.670074999999999865e-01 -1.240381999999999962e+01
1.528089000000000010e-02 3.343853999999999993e-01 -1.102736999999999945e+01
8.955878999999999923e-03 3.016034999999999688e-01 -9.654738999999999294e+00
-5.365659000000000053e-04 2.716196000000000166e-01 -8.285136999999998864e+00
-9.785478000000000232e-03 2.414501000000000286e-01 -6.914128999999999081e+00
-2.044469999999999968e-02 2.108317999999999859e-01 -5.548032000000000075e+00
-3.114139999999999964e-02 1.812867999999999979e-01 -4.183285999999999838e+00
-4.437224000000000029e-02 1.473328999999999889e-01 -2.818515000000000104e+00
-5.789727000000000068e-02 1.134698999999999847e-01 -1.456295000000000117e+00
-7.289734000000000491e-02 7.816926000000000430e-02 -9.070031000000000621e-02
-8.864260999999999668e-02 4.590357999999999938e-02 1.269419000000000075e+00
-1.031706999999999902e-01 1.177150000000000071e-02 2.629004999999999814e+00
-1.175645000000000023e-01 -2.016323999999999894e-02 3.988036000000000136e+00
-1.318827000000000194e-01 -5.346279999999999782e-02 5.344098999999999933e+00
-1.458828000000000069e-01 -8.812058000000000391e-02 6.704414999999999125e+00
-1.601769000000000109e-01 -1.221721999999999947e-01 8.059835000000001415e+00
-1.750950000000000006e-01 -1.546372999999999776e-01 9.415894999999999015e+00
-1.926087000000000216e-01 -1.870421999999999918e-01 1.077106999999999992e+01
-2.081545000000000201e-01 -2.207458999999999949e-01 1.212317000000000000e+01
-2.231039999999999968e-01 -2.534492999999999885e-01 1.347732999999999848e+01
-2.355329999999999924e-01 -2.892015000000000002e-01 1.483032000000000039e+01
-2.482197000000000153e-01 -3.237105999999999595e-01 1.618093000000000004e+01
-2.588532000000000055e-01 -3.582792999999999672e-01 1.753356000000000137e+01
-2.709142000000000494e-01 -3.936047000000000295e-01 1.888305000000000078e+01
-2.833572999999999786e-01 -4.284890999999999561e-01 2.023329999999999984e+01
-2.952092000000000049e-01 -4.630009999999999959e-01 2.158015999999999934e+01
-3.094675000000000065e-01 -4.966127999999999654e-01 2.292652999999999963e+01
-3.233764000000000083e-01 -5.315031999999999535e-01 2.427308000000000021e+01
-3.380715000000000248e-01 -5.652420999999999696e-01 2.561352999999999724e+01
-3.534582000000000557e-01 -5.991642000000000357e-01 2.695489000000000246e+01
-3.674572000000000394e-01 -6.308020000000000849e-01 2.829305999999999699e+01
-3.836724999999999719e-01 -6.611411000000000371e-01 2.962384000000000128e+01
-3.976799000000000306e-01 -6.925713000000001118e-01 3.095090000000000074e+01
-4.139984999999999915e-01 -7.240354999999999430e-01 3.228247999999999962e+01
-4.270073000000000341e-01 -7.566562000000000010e-01 3.360651000000000010e+01
-4.397568000000000032e-01 -7.887161000000000310e-01 3.492690999999999946e+01
-4.515374999999999805e-01 -8.206354999999999622e-01 3.624335999999999558e+01
-4.615286000000000111e-01 -8.517037000000000635e-01 3.755497000000000440e+01
-4.718551999999999746e-01 -8.824569999999999359e-01 3.886652000000000129e+01
-4.839122000000000146e-01 -9.115305000000000213e-01 4.017377000000000464e+01
-4.974895000000000289e-01 -9.403595999999999622e-01 4.148015999999999792e+01
-5.125042999999999127e-01 -9.685698000000000363e-01 4.277844999999999942e+01
-5.346231000000000178e-01 -9.956524999999999403e-01 4.407601999999999975e+01
-5.552040999999999782e-01 -1.019284999999999997e+00 4.537317000000000178e+01
-5.782583000000000029e-01 -1.038532999999999928e+00 4.667009999999999792e+01
-5.999916000000000693e-01 -1.053627000000000091e+00 4.796110999999999791e+01
-6.230982999999999938e-01 -1.066505000000000036e+00 4.924943999999999988e+01
-6.456359000000000403e-01 -1.075808000000000098e+00 5.052765000000000128e+01
-6.740058000000000993e-01 -1.087279000000000106e+00 5.181040999999999741e+01
-7.020633000000000568e-01 -1.100737999999999994e+00 5.308721999999999497e+01
-7.311396999999999480e-01 -1.115793000000000035e+00 5.436090000000000089e+01
-7.624769000000000130e-01 -1.130430999999999964e+00 5.562948000000000803e+01
-7.942812000000000205e-01 -1.144782999999999884e+00 5.690156999999999243e+01
-8.268986999999998755e-01 -1.159940999999999889e+00 5.817085000000000150e+01
-8.597865999999999564e-01 -1.174663999999999930e+00 5.943408000000000158e+01
-8.950914000000000925e-01 -1.188757000000000064e+00 6.069463000000000363e+01
-9.282884000000000135e-01 -1.203864999999999963e+00 6.194930999999999699e+01
-9.621791999999999012e-01 -1.218811000000000089e+00 6.320739999999999981e+01
-9.961733999999999867e-01 -1.234089999999999909e+00 6.445843000000000700e+01
-1.031827999999999967e+00 -1.250518000000000018e+00 6.571016999999999086e+01
-1.068653999999999993e+00 -1.267808999999999964e+00 6.695369999999999777e+01
-1.107413999999999898e+00 -1.284607000000000054e+00 6.819143000000001109e+01
-1.148264999999999869e+00 -1.303042999999999951e+00 6.943308000000000391e+01
-1.188154999999999850e+00 -1.321203000000000127e+00 7.066875000000000284e+01
-1.227082999999999924e+00 -1.338072999999999846e+00 7.190028000000000930e+01
-1.261384999999999978e+00 -1.354665999999999926e+00 7.312718999999999880e+01
-1.293463999999999947e+00 -1.370635000000000048e+00 7.434109000000000833e+01
-1.318224999999999980e+00 -1.387753000000000014e+00 7.554359000000000890e+01
-1.337075999999999931e+00 -1.406295000000000073e+00 7.672275999999999385e+01
-1.359395999999999827e+00 -1.424262999999999835e+00 7.788693999999999562e+01
-1.377966000000000024e+00 -1.443308000000000035e+00 7.903737999999999886e+01
-1.392300000000000093e+00 -1.459770999999999930e+00 8.015989999999999327e+01
-1.402951000000000059e+00 -1.475612000000000146e+00 8.126767999999999859e+01
-1.407265999999999906e+00 -1.495463999999999904e+00 8.236681999999998993e+01
-1.406565999999999983e+00 -1.518542000000000058e+00 8.346189999999999998e+01
-1.402635999999999994e+00 -1.542197000000000040e+00 8.455750999999999351e+01
-1.397294000000000036e+00 -1.566145000000000120e+00 8.565524000000000626e+01
-1.394093999999999944e+00 -1.587212999999999985e+00 8.675113000000000341e+01
-1.391329000000000038e+00 -1.608125999999999944e+00 8.783653000000001043e+01
-1.385562999999999878e+00 -1.630039000000000016e+00 8.891916999999999405e+01
-1.380200000000000093e+00 -1.654700999999999755e+00 8.999810999999999694e+01
-1.372396999999999867e+00 -1.681008999999999975e+00 9.107568000000000552e+01
-1.363831999999999933e+00 -1.705257000000000023e+00 9.214961999999999875e+01
-1.356111000000000066e+00 -1.726170999999999900e+00 9.321864000000000772e+01
-1.348851999999999940e+00 -1.747689000000000048e+00 9.428213999999999828e+01
-1.343107000000000051e+00 -1.769082000000000043e+00 9.534468000000001098e+01
-1.341283000000000003e+00 -1.790649000000000157e+00 9.639851000000000170e+01
-1.346362000000000059e+00 -1.812458000000000125e+00 9.745206000000000301e+01
-1.357998000000000038e+00 -1.835038000000000169e+00 9.850800999999999874e+01
-1.375059000000000031e+00 -1.861895000000000078e+00 9.957007000000000119e+01
-1.397412000000000099e+00 -1.887691000000000008e+00 1.006363999999999947e+02
-1.426690999999999931e+00 -1.913251999999999953e+00 1.017103000000000037e+02
-1.463117999999999919e+00 -1.939200000000000035e+00 1.027874000000000052e+02
-1.507808000000000037e+00 -1.964418999999999915e+00 1.038682000000000016e+02
-1.561792000000000069e+00 -1.988222000000000156e+00 1.049565999999999946e+02
-1.622720000000000162e+00 -2.010966999999999949e+00 1.060502000000000038e+02
-1.686243999999999854e+00 -2.034406000000000159e+00 1.071474999999999937e+02
-1.748772999999999911e+00 -2.056668999999999858e+00 1.082514000000000038e+02
-1.806034999999999835e+00 -2.079756000000000160e+00 1.093615999999999957e+02
-1.855700999999999823e+00 -2.102084000000000064e+00 1.104821000000000026e+02
-1.897032000000000052e+00 -2.123091999999999757e+00 1.116084000000000032e+02
-1.928091999999999917e+00 -2.145151999999999948e+00 1.127436000000000007e+02
-1.949091999999999825e+00 -2.166434000000000193e+00 1.138811000000000035e+02
-1.958712000000000009e+00 -2.187910000000000021e+00 1.150263000000000062e+02
-1.956136000000000097e+00 -2.210288000000000252e+00 1.161787999999999954e+02
-1.940134999999999943e+00 -2.235786999999999747e+00 1.173413999999999930e+02
-1.913208999999999937e+00 -2.261146000000000100e+00 1.185075999999999965e+02
-1.876270000000000104e+00 -2.286958000000000268e+00 1.196838999999999942e+02
-1.833079999999999821e+00 -2.312120000000000175e+00 1.208658999999999963e+02
-1.781388000000000194e+00 -2.338143999999999778e+00 1.220559999999999974e+02
-1.725065999999999988e+00 -2.362700999999999940e+00 1.232580999999999989e+02
-1.665950999999999738e+00 -2.387598000000000109e+00 1.244659000000000049e+02
-1.602096999999999882e+00 -2.410925000000000207e+00 1.256835999999999984e+02
-1.529042000000000012e+00 -2.432250999999999941e+00 1.269095999999999975e+02
-1.454189999999999872e+00 -2.455779000000000156e+00 1.281427999999999940e+02
-1.374919000000000002e+00 -2.480550999999999728e+00 1.293864000000000090e+02
-1.292610000000000037e+00 -2.504395000000000149e+00 1.306410999999999945e+02
-1.212752000000000052e+00 -2.530425000000000146e+00 1.319105000000000132e+02
-1.135332000000000008e+00 -2.552624000000000226e+00 1.331887999999999863e+02
-1.063477000000000006e+00 -2.571936000000000000e+00 1.344808999999999912e+02
-9.982535999999999632e-01 -2.593742999999999910e+00 1.357807999999999993e+02
-9.419915000000000926e-01 -2.613858000000000015e+00 1.370886999999999887e+02
-8.957983999999999947e-01 -2.633690000000000087e+00 1.384139999999999873e+02
-8.600700000000001122e-01 -2.654047999999999963e+00 1.397490999999999985e+02
-8.326781999999999240e-01 -2.674907000000000146e+00 1.410911999999999864e+02
-8.166246999999999812e-01 -2.693331999999999837e+00 1.424513000000000034e+02
-8.082126000000000587e-01 -2.711653000000000091e+00 1.438174999999999955e+02
-8.063070999999999433e-01 -2.728963000000000250e+00 1.451908999999999992e+02
-8.107741999999998894e-01 -2.750986999999999849e+00 1.465741999999999905e+02
-8.181994000000000211e-01 -2.779541000000000039e+00 1.479620999999999924e+02
-8.311337999999999226e-01 -2.811042000000000041e+00 1.493662999999999954e+02
-8.465133999999999714e-01 -2.846681000000000239e+00 1.507790999999999997e+02
-8.636978000000000710e-01 -2.884422999999999959e+00 1.522016999999999882e+02
-8.818613999999999065e-01 -2.922677000000000191e+00 1.536297000000000139e+02
-9.031409999999999716e-01 -2.959475999999999996e+00 1.550654999999999859e+02
-9.252285999999999566e-01 -2.995495999999999714e+00 1.565081999999999880e+02
-9.505879000000000412e-01 -3.030264999999999986e+00 1.579490000000000123e+02
-9.765171000000000268e-01 -3.064934999999999743e+00 1.593916999999999859e+02
-1.007338999999999984e+00 -3.096652999999999878e+00 1.608317000000000121e+02
-1.039444000000000035e+00 -3.129506000000000121e+00 1.622713999999999999e+02
-1.075629000000000168e+00 -3.162047000000000274e+00 1.637087999999999965e+02
-1.112662000000000040e+00 -3.196968000000000032e+00 1.651447000000000003e+02
-1.150963999999999876e+00 -3.232057000000000180e+00 1.665807000000000073e+02
-1.188887000000000027e+00 -3.267866999999999855e+00 1.680141999999999882e+02
-1.225583000000000089e+00 -3.303342999999999918e+00 1.694544999999999959e+02
-1.262467999999999924e+00 -3.337773999999999575e+00 1.708875999999999920e+02
-1.297633999999999954e+00 -3.371687000000000101e+00 1.723194000000000017e+02
-1.333193999999999990e+00 -3.405559999999999921e+00 1.737467000000000041e+02
-1.366304000000000185e+00 -3.440419999999999590e+00 1.751688000000000045e+02
-1.398479000000000028e+00 -3.475354000000000276e+00 1.765928999999999860e+02
-1.427528000000000130e+00 -3.511715000000000142e+00 1.780112000000000023e+02
-1.453390999999999877e+00 -3.547073000000000143e+00 1.794250999999999863e+02
-1.476326000000000027e+00 -3.583633999999999542e+00 1.808386000000000138e+02
-1.498240999999999934e+00 -3.619674999999999976e+00 1.822502000000000066e+02
-1.518870000000000164e+00 -3.652469000000000410e+00 1.836607999999999947e+02
-1.539735000000000076e+00 -3.680137000000000214e+00 1.850615999999999985e+02
-1.559212000000000042e+00 -3.708116999999999663e+00 1.864556000000000040e+02
-1.576112999999999875e+00 -3.742055000000000131e+00 1.878483999999999980e+02
-1.590302000000000104e+00 -3.777662999999999549e+00 1.892418000000000120e+02
-1.603073999999999888e+00 -3.811744000000000021e+00 1.906343999999999994e+02
-1.613326999999999956e+00 -3.843742999999999910e+00 1.920206000000000017e+02
-1.623755999999999977e+00 -3.875123000000000317e+00 1.934008000000000038e+02
-1.633866999999999958e+00 -3.905876000000000126e+00 1.947763999999999953e+02
-1.645538999999999863e+00 -3.938930000000000486e+00 1.961509000000000071e+02
-1.657445000000000057e+00 -3.973594999999999544e+00 1.975228999999999928e+02
-1.669866999999999768e+00 -4.009132000000000140e+00 1.988896000000000015e+02
-1.682304000000000022e+00 -4.042826999999999948e+00 2.002547000000000139e+02
-1.694877999999999885e+00 -4.074850999999999779e+00 2.016109999999999900e+02
-1.705983999999999945e+00 -4.106859000000000037e+00 2.029697999999999922e+02
-1.717411999999999939e+00 -4.139884999999999593e+00 2.043225999999999942e+02
-1.727574000000000165e+00 -4.171861999999999959e+00 2.056689000000000078e+02
-1.737777999999999823e+00 -4.204811000000000298e+00 2.070122000000000071e+02
-1.746441999999999828e+00 -4.238780999999999466e+00 2.083505999999999858e+02
-1.757195999999999980e+00 -4.270953999999999695e+00 2.096907999999999959e+02
-1.768399000000000054e+00 -4.303817999999999699e+00 2.110251000000000090e+02
-1.780004999999999837e+00 -4.335485000000000255e+00 2.123505000000000109e+02
-1.792488000000000081e+00 -4.366042000000000201e+00 2.136667999999999950e+02
-1.802727999999999886e+00 -4.397363999999999606e+00 2.149667000000000030e+02
-1.814956999999999931e+00 -4.428603999999999985e+00 2.162478000000000122e+02
-1.826713999999999949e+00 -4.458315999999999946e+00 2.175072000000000116e+02
-1.842513000000000067e+00 -4.486883999999999872e+00 2.187426000000000101e+02
-1.859733999999999998e+00 -4.515013999999999861e+00 2.199507999999999868e+02
-1.877890000000000059e+00 -4.540479000000000376e+00 2.211287000000000091e+02
-1.895167999999999964e+00 -4.569334999999999702e+00 2.222852000000000032e+02
-1.917243999999999948e+00 -4.598297000000000523e+00 2.234107999999999947e+02
-1.941670000000000007e+00 -4.625178000000000011e+00 2.245050999999999988e+02
-1.971965999999999886e+00 -4.651832999999999885e+00 2.255672000000000139e+02
-2.004580999999999946e+00 -4.679494999999999294e+00 2.266034999999999968e+02
-2.040150999999999826e+00 -4.706338999999999828e+00 2.276034999999999968e+02
-2.073777999999999899e+00 -4.731016000000000332e+00 2.285741999999999905e+02
-2.106014000000000053e+00 -4.755442999999999643e+00 2.295124999999999886e+02
-2.139616999999999880e+00 -4.778137999999999330e+00 2.304146000000000072e+02
-2.174190000000000289e+00 -4.799161999999999928e+00 2.312867999999999995e+02
-2.207888000000000073e+00 -4.818373999999999491e+00 2.321262999999999863e+02
-2.243668999999999691e+00 -4.838574999999999626e+00 2.329333000000000027e+02
-2.280067999999999984e+00 -4.860371999999999915e+00 2.337188999999999908e+02
-2.314970999999999890e+00 -4.881632999999999889e+00 2.344920999999999935e+02
-2.346878999999999937e+00 -4.903083000000000524e+00 2.352653999999999996e+02
-2.372558999999999862e+00 -4.923693000000000097e+00 2.360372000000000128e+02
-2.391164999999999985e+00 -4.943064999999999820e+00 2.368075000000000045e+02
-2.406340000000000146e+00 -4.961683999999999983e+00 2.375762000000000000e+02
-2.421540000000000248e+00 -4.979605999999999533e+00 2.383384000000000071e+02
-2.438172000000000228e+00 -4.997815000000000119e+00 2.391021000000000072e+02
-2.449187999999999921e+00 -5.016119999999999912e+00 2.398592999999999904e+02
-2.457470999999999961e+00 -5.032856999999999914e+00 2.406137999999999977e+02
-2.464847999999999928e+00 -5.049015999999999948e+00 2.413651999999999873e+02
-2.471118000000000148e+00 -5.064022000000000467e+00 2.421129999999999995e+02
-2.477940000000000254e+00 -5.076751999999999931e+00 2.428584999999999923e+02
-2.481228999999999907e+00 -5.090455000000000396e+00 2.436012000000000057e+02
-2.485940999999999956e+00 -5.103671000000000291e+00 2.443383000000000038e+02
-2.487604000000000148e+00 -5.118721999999999994e+00 2.450751999999999953e+02
-2.493249000000000049e+00 -5.131839000000000262e+00 2.458163999999999874e+02
-2.494730000000000114e+00 -5.147361000000000075e+00 2.465622999999999934e+02
-2.497272000000000158e+00 -5.164437999999999640e+00 2.473156999999999925e+02
-2.498606000000000105e+00 -5.182584999999999553e+00 2.480723000000000127e+02
-2.503085000000000004e+00 -5.199298000000000641e+00 2.488328999999999951e+02
-2.506486000000000214e+00 -5.218219000000000385e+00 2.495990999999999929e+02
-2.508504999999999985e+00 -5.237783999999999551e+00 2.503665000000000020e+02
-2.505562999999999985e+00 -5.256841000000000541e+00 2.511394999999999982e+02
-2.503452999999999928e+00 -5.273083999999999882e+00 2.519216000000000122e+02
-2.508541000000000132e+00 -5.289234999999999687e+00 2.527116000000000042e+02
-2.507120999999999711e+00 -5.306929000000000229e+00 2.535088000000000079e+02
-2.498934000000000211e+00 -5.321532000000000373e+00 2.543036999999999921e+02
-2.491981000000000002e+00 -5.336196000000000161e+00 2.550989999999999895e+02
-2.485561000000000131e+00 -5.351123000000000296e+00 2.559000000000000057e+02
-2.475778000000000034e+00 -5.370199999999999640e+00 2.567067999999999870e+02
-2.461593000000000142e+00 -5.392719999999999736e+00 2.575258999999999787e+02
-2.442073000000000160e+00 -5.414195999999999565e+00 2.583480999999999881e+02
-2.418788000000000160e+00 -5.432421999999999862e+00 2.591759000000000128e+02
-2.398099000000000203e+00 -5.451575000000000060e+00 2.600072000000000116e+02
-2.379399999999999959e+00 -5.472420999999999758e+00 2.608435999999999808e+02
-2.357177999999999773e+00 -5.492976000000000525e+00 2.616877999999999815e+02
-2.331649000000000083e+00 -5.513461000000000389e+00 2.625407999999999902e+02
-2.305210999999999899e+00 -5.536213000000000051e+00 2.634078000000000088e+02
-2.278445999999999749e+00 -5.560785000000000089e+00 2.642826999999999771e+02
-2.248879999999999768e+00 -5.585020000000000095e+00 2.651669999999999732e+02
-2.217025999999999719e+00 -5.608340000000000103e+00 2.660593000000000075e+02
-2.181048000000000098e+00 -5.632766000000000162e+00 2.669603999999999928e+02
-2.144562000000000079e+00 -5.657824999999999882e+00 2.678693000000000097e+02
-2.107091000000000047e+00 -5.684566000000000230e+00 2.687871999999999844e+02
-2.072995000000000143e+00 -5.710526999999999909e+00 2.697117000000000075e+02
-2.039857000000000031e+00 -5.735483999999999583e+00 2.706435000000000173e+02
-2.008137000000000061e+00 -5.759966999999999615e+00 2.715779999999999745e+02
-1.977183000000000135e+00 -5.786934999999999718e+00 2.725156000000000063e+02
-1.948577000000000004e+00 -5.813038999999999845e+00 2.734510999999999967e+02
-1.923693999999999793e+00 -5.837505999999999418e+00 2.743867999999999938e+02
-1.903306000000000164e+00 -5.862751999999999519e+00 2.753220000000000027e+02
-1.886300999999999783e+00 -5.888992000000000004e+00 2.762556000000000154e+02
-1.871958000000000233e+00 -5.914598999999999940e+00 2.771893999999999778e+02
-1.860171000000000019e+00 -5.940087000000000117e+00 2.781216999999999757e+02
-1.850165000000000060e+00 -5.965237000000000123e+00 2.790548999999999751e+02
-1.841129999999999933e+00 -5.989291999999999838e+00 2.799821999999999775e+02
-1.834877999999999787e+00 -6.011766000000000609e+00 2.809067000000000007e+02
-1.829538000000000109e+00 -6.033193999999999946e+00 2.818283999999999878e+02
-1.824422999999999906e+00 -6.054240000000000066e+00 2.827472000000000207e+02
-1.820377999999999830e+00 -6.076006999999999714e+00 2.836625999999999976e+02
-1.819188000000000027e+00 -6.097253000000000256e+00 2.845738000000000056e+02
-1.820077999999999863e+00 -6.118355999999999462e+00 2.854728999999999814e+02
-1.821293000000000051e+00 -6.140076000000000533e+00 2.863559000000000196e+02
-1.824665000000000203e+00 -6.162956999999999574e+00 2.872164999999999964e+02
-1.831131999999999982e+00 -6.186043999999999876e+00 2.880602000000000089e+02
-1.835811999999999999e+00 -6.208969999999999878e+00 2.888904999999999745e+02
-1.838573000000000013e+00 -6.232744999999999536e+00 2.897169000000000096e+02
-1.841599000000000208e+00 -6.257806999999999675e+00 2.905416000000000167e+02
-1.843827000000000105e+00 -6.281584999999999752e+00 2.913657000000000039e+02
-1.844052999999999942e+00 -6.305430999999999564e+00 2.921856999999999971e+02
-1.843242999999999965e+00 -6.332348000000000532e+00 2.930004000000000133e+02
-1.840208999999999984e+00 -6.360716000000000037e+00 2.938122000000000185e+02
-1.836186000000000096e+00 -6.387429000000000023e+00 2.946198999999999728e+02
-1.829836000000000018e+00 -6.414405000000000356e+00 2.954284000000000106e+02
-1.823831999999999898e+00 -6.440312999999999732e+00 2.962316999999999894e+02
-1.817940000000000111e+00 -6.464190000000000325e+00 2.970308999999999742e+02
-1.814743999999999913e+00 -6.486178999999999917e+00 2.978283000000000129e+02
-1.812034999999999840e+00 -6.506510999999999711e+00 2.986243000000000052e+02
-1.809516999999999820e+00 -6.524789000000000172e+00 2.994225999999999885e+02
-1.807620999999999922e+00 -6.541553999999999647e+00 3.002232000000000198e+02
