-5.509480834007263184e-03 -3.263509273529052734e-02 1.019255280494689941e+00
-7.724002003669738770e-03 -1.302495039999485016e-02 9.851437211036682129e-01
-7.901087403297424316e-03 -1.096141152083873749e-02 1.055345058441162109e+00
-4.864875972270965576e-02 -7.559334859251976013e-03 1.020644426345825195e+00
7.994517683982849121e-03 -8.598672226071357727e-03 9.461615085601806641e-01
-4.931731522083282471e-02 -1.276380009949207306e-02 1.128784060478210449e+00
-6.117372214794158936e-02 -1.770291477441787720e-02 1.003109931945800781e+00
-3.457145392894744873e-02 -1.291413046419620514e-02 1.051807403564453125e+00
-8.255724608898162842e-02 -1.263901591300964355e-02 1.142800569534301758e+00
-6.703029572963714600e-02 -1.729479618370532990e-02 1.177551269531250000e+00
-7.575194537639617920e-02 -1.357554830610752106e-02 1.207706332206726074e+00
4.734458029270172119e-02 -3.214620798826217651e-02 1.143002510070800781e+00
-1.677219569683074951e-02 -8.457252755761146545e-03 1.125231385231018066e+00
2.796281874179840088e-02 -1.182061620056629181e-02 1.113685607910156250e+00
-4.655316472053527832e-03 -1.120557822287082672e-02 1.066007971763610840e+00
-2.942879498004913330e-02 -2.049031294882297516e-02 1.005866050720214844e+00
-8.024500310420989990e-02 -1.643913798034191132e-02 1.081346631050109863e+00
1.150414347648620605e-03 -4.023213684558868408e-02 1.148156404495239258e+00
7.364644110202789307e-02 -4.272162914276123047e-02 1.192746996879577637e+00
4.631236195564270020e-03 -3.165762871503829956e-02 1.204079985618591309e+00
7.213832437992095947e-02 -3.769173473119735718e-02 1.295365691184997559e+00
2.172602713108062744e-02 -3.520575165748596191e-02 1.096331834793090820e+00
1.910223066806793213e-02 -3.905582800507545471e-02 1.110171914100646973e+00
-7.258220016956329346e-02 -1.996894367039203644e-02 1.110170364379882812e+00
-1.340168863534927368e-01 -1.095512416213750839e-02 1.149275183677673340e+00
-2.032230794429779053e-02 -9.041853249073028564e-03 1.137960433959960938e+00
2.770011126995086670e-02 -5.980060435831546783e-03 1.106255888938903809e+00
-4.729147255420684814e-02 2.326212264597415924e-02 1.136771440505981445e+00
8.664563298225402832e-03 -3.379101678729057312e-02 1.119067788124084473e+00
7.719601690769195557e-02 -3.289384767413139343e-02 1.174838066101074219e+00
1.670327931642532349e-01 -1.978904753923416138e-02 1.305372834205627441e+00
9.303547441959381104e-02 -5.780497193336486816e-02 1.267025351524353027e+00
2.418345361948013306e-01 -8.485445380210876465e-02 1.309931039810180664e+00
1.448630243539810181e-01 -1.052340492606163025e-01 1.241864800453186035e+00
1.063247472047805786e-01 -9.324043244123458862e-02 1.191096663475036621e+00
-3.053610026836395264e-02 -3.465358912944793701e-02 1.177128791809082031e+00
-2.517263591289520264e-02 -4.550137370824813843e-02 1.163642883300781250e+00
3.392890095710754395e-03 -5.973815917968750000e-02 1.133078813552856445e+00
8.294512331485748291e-02 -5.502530187368392944e-02 1.138744115829467773e+00
1.216007769107818604e-02 -5.373083055019378662e-02 1.190921783447265625e+00
2.030952274799346924e-02 -5.212130397558212280e-02 1.153233170509338379e+00
1.603692919015884399e-01 -4.921448230743408203e-02 9.834854006767272949e-01
1.691861450672149658e-02 -3.089696541428565979e-02 1.019649982452392578e+00
9.156085550785064697e-02 -9.230167418718338013e-02 1.172476291656494141e+00
-9.540040791034698486e-02 -3.127851337194442749e-02 1.015913724899291992e+00
-4.779614508152008057e-02 -2.865023910999298096e-02 1.041100382804870605e+00
-9.680406749248504639e-02 -9.520882740616798401e-03 1.023217082023620605e+00
-9.970872104167938232e-02 -1.497771963477134705e-02 9.933356642723083496e-01
-9.762187302112579346e-02 -7.735090330243110657e-03 1.056194543838500977e+00
-6.713609397411346436e-02 -7.671577855944633484e-03 1.134303092956542969e+00
-4.969410598278045654e-02 -7.017018273472785950e-03 1.110619902610778809e+00
2.807800471782684326e-02 -1.093385182321071625e-02 8.761222362518310547e-01
1.067166030406951904e-02 -1.586356945335865021e-02 9.393661618232727051e-01
-3.678239881992340088e-02 -1.447681896388530731e-02 1.100208282470703125e+00
-5.044846236705780029e-02 -2.175564132630825043e-02 1.038904905319213867e+00
-5.685590207576751709e-02 -2.408600412309169769e-02 1.097879528999328613e+00
-3.221987187862396240e-02 -1.738021150231361389e-02 1.105800986289978027e+00
-9.829078614711761475e-02 -1.422012969851493835e-02 1.096987009048461914e+00
-3.178946673870086670e-02 -1.251899637281894684e-02 1.087735652923583984e+00
-2.894698083400726318e-02 -1.986769214272499084e-02 1.105705976486206055e+00
-8.685405552387237549e-02 -1.644201204180717468e-02 1.148640036582946777e+00
-6.116883456707000732e-02 -2.424232847988605499e-02 1.111231446266174316e+00
-5.102519690990447998e-02 -1.383854448795318604e-02 1.063599348068237305e+00
-1.806752383708953857e-02 -1.571825146675109863e-02 9.595152735710144043e-01
-3.224457800388336182e-02 2.458518370985984802e-03 8.510377407073974609e-01
-9.021863341331481934e-03 -3.961635753512382507e-03 9.036704301834106445e-01
-2.575121819972991943e-02 -1.773861981928348541e-02 9.887612462043762207e-01
-5.786673724651336670e-02 -3.127215430140495300e-03 9.939650297164916992e-01
2.006490528583526611e-02 -1.325983554124832153e-02 9.747733473777770996e-01
6.885309517383575439e-02 -8.305691182613372803e-03 9.251052141189575195e-01
-4.039008915424346924e-02 -1.956912130117416382e-02 9.670894145965576172e-01
-1.592727005481719971e-02 -2.535696700215339661e-02 9.382230043411254883e-01
-3.631465137004852295e-02 -3.411525487899780273e-02 1.114548087120056152e+00
-7.487066090106964111e-02 -2.645465545356273651e-02 1.109582424163818359e+00
-5.326561629772186279e-02 -3.531797230243682861e-02 1.157359123229980469e+00
-2.034710347652435303e-02 -4.400099813938140869e-02 1.169125080108642578e+00
-3.851334750652313232e-02 -4.030463099479675293e-02 1.143913030624389648e+00
-2.496556937694549561e-02 -3.747047483921051025e-02 1.188755869865417480e+00
8.110170066356658936e-02 -5.882390588521957397e-02 1.229382991790771484e+00
5.704517662525177002e-02 -6.070552766323089600e-02 1.188397407531738281e+00
5.397166311740875244e-02 -5.658813565969467163e-02 1.275387525558471680e+00
2.249835431575775146e-02 -5.018279701471328735e-02 1.222445368766784668e+00
4.787106812000274658e-02 -5.995840579271316528e-02 1.200784325599670410e+00
9.176537394523620605e-03 -5.638359487056732178e-02 1.169290304183959961e+00
-9.261210262775421143e-02 -3.523899242281913757e-02 1.153088569641113281e+00
-5.911539494991302490e-02 -3.640774264931678772e-02 1.169837713241577148e+00
-2.126708626747131348e-03 -5.777242779731750488e-02 1.184567093849182129e+00
5.769388377666473389e-02 -5.812162160873413086e-02 1.189778089523315430e+00
3.556750714778900146e-02 -5.706737190485000610e-02 1.172400236129760742e+00
4.025886952877044678e-02 -5.801749229431152344e-02 1.191110730171203613e+00
-3.859935700893402100e-02 -4.546654224395751953e-02 1.246175289154052734e+00
-7.926948368549346924e-02 -4.059080779552459717e-02 1.268643975257873535e+00
-4.723973572254180908e-02 -4.336573183536529541e-02 1.229018568992614746e+00
-7.427237927913665771e-02 -3.422093391418457031e-02 1.240928649902343750e+00
-7.919888198375701904e-02 -3.847466036677360535e-02 1.233604431152343750e+00
-1.270633786916732788e-01 -3.291739523410797119e-02 1.225777149200439453e+00
-1.754627972841262817e-01 -1.940621435642242432e-02 1.230490922927856445e+00
-1.805233210325241089e-01 -1.143332291394472122e-02 1.236769556999206543e+00
-5.387176573276519775e-02 -2.790343016386032104e-02 1.209890007972717285e+00
-7.223583757877349854e-02 -3.136027604341506958e-02 1.206377267837524414e+00
-3.701208531856536865e-02 -4.121684283018112183e-02 1.152079224586486816e+00
-1.087619364261627197e-02 -3.827985376119613647e-02 1.162618279457092285e+00
-3.000016510486602783e-02 -3.055436164140701294e-02 1.206385254859924316e+00
-7.132034003734588623e-02 -2.969200909137725830e-02 1.215695619583129883e+00
-9.532229602336883545e-02 -2.452232316136360168e-02 1.142778635025024414e+00
-4.119072854518890381e-02 -3.252936899662017822e-02 1.217121124267578125e+00
-5.607353150844573975e-02 -3.772642463445663452e-02 1.241080522537231445e+00
-5.059288442134857178e-02 -3.763660043478012085e-02 1.230844259262084961e+00
-5.049167573451995850e-02 -3.407507389783859253e-02 1.180320978164672852e+00
-1.100321859121322632e-01 -2.669161744415760040e-02 1.252477169036865234e+00
1.944735646247863770e-03 -4.144519567489624023e-02 1.304075598716735840e+00
1.534978300333023071e-01 -6.927770376205444336e-02 1.358018875122070312e+00
-4.992543160915374756e-02 -2.874713577330112457e-02 1.244580388069152832e+00
-4.238615930080413818e-02 -2.872953750193119049e-02 1.246059894561767578e+00
4.983283579349517822e-02 -4.287383705377578735e-02 1.275318026542663574e+00
-4.640816152095794678e-02 -2.957614324986934662e-02 1.283616185188293457e+00
-5.681894719600677490e-02 -9.094653651118278503e-03 1.284019231796264648e+00
8.755639195442199707e-03 -2.965522930026054382e-02 1.235584855079650879e+00
-2.333401143550872803e-02 -2.917283773422241211e-02 1.193472385406494141e+00
8.228972554206848145e-03 -2.867621183395385742e-02 1.254423022270202637e+00
1.014228165149688721e-02 -4.444990307092666626e-02 1.309477686882019043e+00
-1.169811189174652100e-02 -3.761311620473861694e-02 1.195292353630065918e+00
-5.518242716789245605e-03 -3.237671405076980591e-02 1.181447625160217285e+00
-6.238578259944915771e-02 -3.058267198503017426e-02 1.189770936965942383e+00
-2.083717286586761475e-02 -4.371950030326843262e-02 1.248462915420532227e+00
-2.077190577983856201e-02 -4.054027050733566284e-02 1.160168886184692383e+00
4.634840786457061768e-02 -3.871627897024154663e-02 1.183512568473815918e+00
4.684151709079742432e-02 -4.119089245796203613e-02 1.208930134773254395e+00
1.309527456760406494e-02 -2.438589930534362793e-02 1.176734805107116699e+00
1.959462463855743408e-02 -3.128876537084579468e-02 1.246089577674865723e+00
-5.289028584957122803e-02 -3.263951838016510010e-02 1.216239094734191895e+00
-3.576740622520446777e-03 -3.545618802309036255e-02 1.213978767395019531e+00
1.095601469278335571e-01 -5.608014017343521118e-02 1.261952757835388184e+00
6.176646053791046143e-02 -4.910884052515029907e-02 1.186807274818420410e+00
3.864757716655731201e-02 -4.089528322219848633e-02 1.188874006271362305e+00
-3.953517973423004150e-02 -2.351505123078823090e-02 1.098412394523620605e+00
-1.334061473608016968e-01 -1.758028753101825714e-02 1.157718539237976074e+00
-6.668256223201751709e-02 -2.507619559764862061e-02 1.104858160018920898e+00
-6.032720208168029785e-03 -3.821663558483123779e-02 1.120009660720825195e+00
-1.842752099037170410e-03 -3.984273970127105713e-02 1.126308679580688477e+00
-8.439658582210540771e-02 -2.169148810207843781e-02 1.201397299766540527e+00
2.015878260135650635e-02 -2.775755710899829865e-02 1.200665593147277832e+00
2.506490051746368408e-02 -4.431810975074768066e-02 1.116968393325805664e+00
9.748037159442901611e-02 -6.789171695709228516e-02 1.238828301429748535e+00
4.764504730701446533e-02 -4.678249731659889221e-02 1.140280604362487793e+00
-5.013643205165863037e-02 -2.408389747142791748e-02 1.045987248420715332e+00
-7.103781402111053467e-02 -1.798395253717899323e-02 1.032265186309814453e+00
-5.030433833599090576e-02 -2.301956899464130402e-02 1.067018270492553711e+00
-5.983297526836395264e-02 -2.392503805458545685e-02 1.180834650993347168e+00
-6.477327644824981689e-02 -1.324523799121379852e-02 1.203390121459960938e+00
-4.643447697162628174e-02 -1.281917281448841095e-02 1.202093958854675293e+00
-3.702504932880401611e-02 -1.135944016277790070e-02 1.058658599853515625e+00
-6.712332367897033691e-03 -1.380104757845401764e-02 1.143029451370239258e+00
-5.400569736957550049e-02 -2.193904668092727661e-02 1.113795518875122070e+00
-1.054068654775619507e-01 -1.353243831545114517e-02 1.128384590148925781e+00
-1.044230312108993530e-01 -8.346531540155410767e-03 1.105774521827697754e+00
-2.014289796352386475e-02 -1.212489046156406403e-02 9.907095432281494141e-01
6.728366017341613770e-03 -2.173690684139728546e-02 1.034787893295288086e+00
-7.712425291538238525e-02 -1.472355797886848450e-03 9.971102476119995117e-01
-2.188548445701599121e-03 -1.179810799658298492e-02 1.040267825126647949e+00
-7.886399328708648682e-02 -3.173718228936195374e-03 1.077639102935791016e+00
-1.292208582162857056e-01 1.019895263016223907e-02 1.254814147949218750e+00
-1.053909212350845337e-01 3.546398133039474487e-03 1.110316991806030273e+00
-6.385694444179534912e-02 -9.012961760163307190e-03 1.174519658088684082e+00
-3.909860551357269287e-02 -2.799917943775653839e-02 1.145077943801879883e+00
1.094972044229507446e-01 -4.893390089273452759e-02 1.204701781272888184e+00
2.993787825107574463e-02 -3.059925511479377747e-02 1.102995395660400391e+00
4.451423883438110352e-04 -1.096925698220729828e-02 1.068643569946289062e+00
-5.287106335163116455e-02 -9.446453303098678589e-03 1.080344676971435547e+00
-5.977715551853179932e-02 -4.942247644066810608e-03 1.029389262199401855e+00
-8.456368744373321533e-02 -2.258973196148872375e-03 1.044193148612976074e+00
-1.225343495607376099e-01 2.556791529059410095e-03 1.085669398307800293e+00
-1.820329576730728149e-01 1.495544239878654480e-02 1.219817399978637695e+00
-1.692441552877426147e-01 2.268038876354694366e-02 1.210128784179687500e+00
-7.126609981060028076e-02 1.424270309507846832e-02 1.068216085433959961e+00
-1.313526183366775513e-01 3.551556169986724854e-02 1.168753027915954590e+00
-7.216547429561614990e-02 1.701948978006839752e-02 1.051342248916625977e+00
-4.785664379596710205e-02 8.166497573256492615e-03 1.041494131088256836e+00
8.091355860233306885e-02 -3.716556727886199951e-02 9.796197414398193359e-01
5.692251026630401611e-02 -4.479447752237319946e-02 1.008600473403930664e+00
-7.254175841808319092e-02 -1.646827347576618195e-02 1.008483886718750000e+00
-4.476539790630340576e-02 2.004181966185569763e-03 9.348486065864562988e-01
-3.874377906322479248e-02 -1.187631487846374512e-02 9.935082793235778809e-01
-2.748791873455047607e-02 -1.506615057587623596e-02 9.402171969413757324e-01
-4.701574146747589111e-02 -5.315812304615974426e-03 9.491009116172790527e-01
-7.388417422771453857e-02 -1.064209453761577606e-02 9.281516671180725098e-01
-5.340926349163055420e-02 -5.310743115842342377e-03 9.184950590133666992e-01
3.215749561786651611e-02 -2.671926841139793396e-02 7.976671457290649414e-01
9.537830948829650879e-03 -2.383190952241420746e-02 8.033602237701416016e-01
1.743327081203460693e-02 -2.818306721746921539e-02 7.862995862960815430e-01
3.409935534000396729e-02 -2.731185592710971832e-02 8.508384823799133301e-01
1.338139176368713379e-03 -2.893699519336223602e-02 8.144124746322631836e-01
4.090741276741027832e-03 -2.281339280307292938e-02 8.652016520500183105e-01
1.058550179004669189e-02 -6.447913125157356262e-03 8.529218435287475586e-01
-4.609678685665130615e-02 -1.054835505783557892e-02 8.236131072044372559e-01
-7.568563520908355713e-02 -2.305103838443756104e-02 8.732482194900512695e-01
-5.345977842807769775e-02 -1.962365210056304932e-02 9.367991685867309570e-01
-5.284990370273590088e-02 -2.288339473307132721e-02 9.748798608779907227e-01
-5.021052062511444092e-02 -1.938889548182487488e-02 9.191808104515075684e-01
-5.740673840045928955e-02 -2.878268808126449585e-02 9.584848284721374512e-01
-3.711538016796112061e-02 -6.257331930100917816e-03 8.383861780166625977e-01
-7.421405613422393799e-02 -2.986926771700382233e-02 8.473005890846252441e-01
-3.373090922832489014e-02 -2.434575371444225311e-02 9.249952435493469238e-01
-6.924681365489959717e-02 -2.963138371706008911e-02 9.490623474121093750e-01
-5.217675864696502686e-02 -3.456846997141838074e-02 9.067335128784179688e-01
-5.032430589199066162e-02 -2.657946012914180756e-02 9.127126336097717285e-01
-2.398337423801422119e-02 -3.390129655599594116e-02 9.301015138626098633e-01
-4.927323758602142334e-02 -2.536261081695556641e-02 9.191319346427917480e-01
-1.143719255924224854e-02 -1.644077710807323456e-02 9.584536552429199219e-01
1.598425209522247314e-02 -1.066626328974962234e-02 9.183546900749206543e-01
2.846188843250274658e-02 -1.018897257745265961e-02 9.756207466125488281e-01
3.571967780590057373e-02 -1.031648926436901093e-02 8.527485132217407227e-01
-1.833541691303253174e-02 -1.949039660394191742e-02 9.599807858467102051e-01
2.339474856853485107e-02 -1.583279110491275787e-02 9.903491139411926270e-01
-4.330441355705261230e-03 -1.342134177684783936e-02 8.613447546958923340e-01
5.183558166027069092e-02 -1.951099932193756104e-02 8.207417130470275879e-01
-2.701757848262786865e-02 -3.283413872122764587e-02 8.688647150993347168e-01
-8.735005557537078857e-02 -1.938590407371520996e-02 7.943617105484008789e-01
-5.783359706401824951e-02 -2.785814553499221802e-02 8.529310226440429688e-01
-6.545202434062957764e-02 -1.914851181209087372e-02 8.753055334091186523e-01
-2.432093024253845215e-03 -2.571685239672660828e-03 8.685390949249267578e-01
2.277298271656036377e-02 -1.275631971657276154e-02 8.073822259902954102e-01
-3.345504403114318848e-03 -1.067870669066905975e-02 8.074243068695068359e-01
-2.764491736888885498e-02 6.042700260877609253e-04 7.846621274948120117e-01
-8.850619196891784668e-03 -1.002977974712848663e-02 8.425984978675842285e-01
-1.516555249691009521e-02 -6.659682840108871460e-04 8.442542552947998047e-01
6.284601986408233643e-02 -3.907708451151847839e-02 7.553089857101440430e-01
5.592168867588043213e-02 -4.534349590539932251e-02 7.261641025543212891e-01
2.454720437526702881e-02 -4.197760671377182007e-02 7.317824363708496094e-01
6.599296629428863525e-02 -3.493308275938034058e-02 7.448529601097106934e-01
2.209378778934478760e-02 -2.572483010590076447e-02 8.285350799560546875e-01
-2.202992141246795654e-02 -4.321783781051635742e-02 7.635605931282043457e-01
7.357443869113922119e-02 -3.098845668137073517e-02 7.339394092559814453e-01
5.970765650272369385e-02 -2.950115501880645752e-02 7.163085937500000000e-01
7.476197183132171631e-02 -3.155624866485595703e-02 7.685812711715698242e-01
6.327231228351593018e-02 -3.183905780315399170e-02 7.882907986640930176e-01
4.299528896808624268e-02 -3.049955517053604126e-02 8.726938366889953613e-01
3.400529921054840088e-02 -3.378659114241600037e-02 8.680852055549621582e-01
9.763494133949279785e-03 -4.151031374931335449e-02 8.332543969154357910e-01
7.392004132270812988e-03 -2.381416037678718567e-02 8.293458819389343262e-01
-7.640108466148376465e-03 -2.332158386707305908e-02 9.018466472625732422e-01
2.384103834629058838e-02 -2.516111359000205994e-02 8.849809169769287109e-01
3.329978883266448975e-02 -4.314100742340087891e-02 8.375390172004699707e-01
5.821885168552398682e-02 -4.047744721174240112e-02 8.502860665321350098e-01
4.486240446567535400e-02 -3.868001699447631836e-02 8.504943251609802246e-01
5.542494356632232666e-02 -1.382381655275821686e-02 8.567422628402709961e-01
1.481325924396514893e-02 -1.944393478333950043e-02 8.938517570495605469e-01
6.634302437305450439e-02 -1.613733358681201935e-02 9.204960465431213379e-01
2.643556892871856689e-02 -2.663857676088809967e-02 8.899095654487609863e-01
6.230880320072174072e-02 -2.250084467232227325e-02 8.347836732864379883e-01
2.821739017963409424e-02 -2.093641646206378937e-02 8.569144010543823242e-01
-2.848826348781585693e-02 -1.475668884813785553e-02 9.231623411178588867e-01
2.583338320255279541e-02 -2.457830496132373810e-02 9.663443565368652344e-01
5.776181817054748535e-03 -1.945872046053409576e-02 9.361048936843872070e-01
3.024144470691680908e-02 -1.589097268879413605e-02 8.863843679428100586e-01
1.600076258182525635e-02 -2.372698858380317688e-03 8.774631619453430176e-01
7.609382271766662598e-03 4.497392103075981140e-03 8.831619024276733398e-01
3.298623859882354736e-02 1.299140974879264832e-03 9.046680331230163574e-01
-9.462088346481323242e-04 1.455880515277385712e-02 8.956109285354614258e-01
-1.224800944328308105e-03 1.169614307582378387e-02 8.785361647605895996e-01
2.450467646121978760e-02 1.843553036451339722e-04 8.924270272254943848e-01
-2.728961408138275146e-02 -7.007272914052009583e-03 8.912881612777709961e-01
-4.973664879798889160e-03 3.712540492415428162e-03 9.209687113761901855e-01
3.532578051090240479e-02 -1.170497573912143707e-02 8.662054538726806641e-01
8.400233089923858643e-02 -6.357433274388313293e-03 6.402913928031921387e-01
6.533069908618927002e-02 -8.535409346222877502e-03 8.462180495262145996e-01
1.354254782199859619e-02 5.299281328916549683e-04 8.714800477027893066e-01
-4.326881468296051025e-02 -4.602001979947090149e-03 9.139726161956787109e-01
-4.506240785121917725e-02 -1.980126835405826569e-02 9.362248182296752930e-01
-5.024418234825134277e-03 -2.830533310770988464e-03 8.838065266609191895e-01
-7.338096201419830322e-02 -1.322074420750141144e-02 9.099000692367553711e-01
-3.235915303230285645e-02 -2.306112460792064667e-02 9.048838615417480469e-01
-6.145040690898895264e-02 -2.089638635516166687e-02 9.617921113967895508e-01
-5.962602794170379639e-02 -2.023222483694553375e-02 9.449796676635742188e-01
-2.200399339199066162e-02 -2.629445679485797882e-02 9.177025556564331055e-01
-2.688451111316680908e-02 -3.449926525354385376e-02 8.477082848548889160e-01
-6.431482732295989990e-02 -2.463731355965137482e-02 8.710197210311889648e-01
-1.437012404203414917e-01 -1.624627597630023956e-02 8.929030895233154297e-01
-1.142251789569854736e-01 -2.580765821039676666e-02 8.767843842506408691e-01
-8.685894310474395752e-02 -2.120506204664707184e-02 7.928591966629028320e-01
-1.242487579584121704e-01 -2.081478200852870941e-02 8.074727654457092285e-01
-1.638194024562835693e-01 -3.246704488992691040e-02 8.165621161460876465e-01
-2.150087207555770874e-01 -2.875653095543384552e-02 7.469055056571960449e-01
-2.279240041971206665e-01 -2.382159978151321411e-02 7.720496654510498047e-01
-2.828120589256286621e-01 -1.583457179367542267e-02 8.670815825462341309e-01
-2.333527058362960815e-01 -1.597045734524726868e-02 8.980455398559570312e-01
-3.618350625038146973e-01 -1.690511591732501984e-02 9.278900027275085449e-01
-4.249756932258605957e-01 8.157404139637947083e-03 9.254935979843139648e-01
-4.171701073646545410e-01 1.050223223865032196e-02 8.728576302528381348e-01
-4.063403010368347168e-01 -1.442094705998897552e-02 8.155594468116760254e-01
-5.616773366928100586e-01 -2.978652715682983398e-03 8.778094053268432617e-01
-5.511569380760192871e-01 -4.759576171636581421e-03 8.063121438026428223e-01
-5.803872346878051758e-01 -6.052615121006965637e-03 6.973716020584106445e-01
-6.810414791107177734e-01 7.007425650954246521e-03 6.552754640579223633e-01
-6.561887264251708984e-01 -8.295746520161628723e-03 4.700649678707122803e-01
-6.731438636779785156e-01 8.810851722955703735e-04 4.000514745712280273e-01
-7.151877880096435547e-01 2.660869248211383820e-02 3.484077751636505127e-01
-7.443795204162597656e-01 1.525404863059520721e-02 3.048676848411560059e-01
-8.857187032699584961e-01 3.972233086824417114e-02 4.112432003021240234e-01
-8.331481218338012695e-01 2.925199083983898163e-02 2.037412822246551514e-01
-8.316223621368408203e-01 3.478942066431045532e-02 3.249624371528625488e-02
-8.241609334945678711e-01 3.442414849996566772e-02 4.083302617073059082e-02
-7.521383762359619141e-01 2.040537260472774506e-02 -2.234399132430553436e-02
-7.540032863616943359e-01 2.465322427451610565e-02 -1.726442389190196991e-02
-6.756762266159057617e-01 1.910624466836452484e-02 -1.609688699245452881e-01
-5.712205767631530762e-01 1.806810311973094940e-02 -2.362472712993621826e-01
-5.493987798690795898e-01 -1.079262979328632355e-02 -2.776852548122406006e-01
-5.787590742111206055e-01 3.163395076990127563e-02 -2.767908573150634766e-01
-5.329732894897460938e-01 2.638661675155162811e-02 -2.836079597473144531e-01
-5.712487697601318359e-01 3.759273886680603027e-02 -2.800609171390533447e-01
-5.646272897720336914e-01 2.731984667479991913e-02 -3.300780653953552246e-01
-5.327500104904174805e-01 -6.670000031590461731e-03 -3.728710412979125977e-01
-5.259057283401489258e-01 1.465195231139659882e-02 -3.493870496749877930e-01
-4.595567584037780762e-01 -7.405327633023262024e-03 -3.660517334938049316e-01
-4.534144401550292969e-01 4.219559952616691589e-03 -4.167275726795196533e-01
-4.617146253585815430e-01 3.674964606761932373e-02 -4.308556318283081055e-01
-3.953542113304138184e-01 5.135448276996612549e-02 -4.428980946540832520e-01
-4.555854797363281250e-01 1.543917320668697357e-02 -4.738437831401824951e-01
-3.681312203407287598e-01 2.490973100066184998e-03 -4.708250164985656738e-01
-4.331503510475158691e-01 4.361195489764213562e-03 -4.780265688896179199e-01
-3.260214924812316895e-01 -2.047469653189182281e-02 -5.540422201156616211e-01
-2.751225829124450684e-01 -5.017125979065895081e-03 -5.533878803253173828e-01
-2.782631516456604004e-01 1.562376134097576141e-02 -5.433569550514221191e-01
-2.639857530593872070e-01 6.274161860346794128e-03 -5.375952720642089844e-01
-3.178325295448303223e-01 3.694894909858703613e-02 -5.323358774185180664e-01
-3.005533814430236816e-01 1.793496124446392059e-02 -6.355523467063903809e-01
-2.965035438537597656e-01 1.754140295088291168e-02 -7.688071131706237793e-01
-3.100467324256896973e-01 2.199600078165531158e-02 -8.888344764709472656e-01
-2.013067156076431274e-01 1.048503629863262177e-02 -8.632546663284301758e-01
-1.940757781267166138e-01 5.755808204412460327e-03 -9.972342252731323242e-01
-1.346137076616287231e-01 7.318742573261260986e-03 -1.021497607231140137e+00
-1.174324005842208862e-01 7.532507181167602539e-03 -1.026478886604309082e+00
-8.366350829601287842e-02 1.399832963943481445e-02 -1.052506089210510254e+00
-1.082732528448104858e-01 7.402900606393814087e-03 -1.151534676551818848e+00
-8.852286636829376221e-02 3.147764131426811218e-03 -1.228064417839050293e+00
-2.871246635913848877e-02 7.727559655904769897e-03 -1.222191929817199707e+00
-2.919225394725799561e-02 5.088560283184051514e-05 -1.153757214546203613e+00
-2.849976718425750732e-02 2.022995986044406891e-02 -1.244619369506835938e+00
4.660494625568389893e-02 2.542328089475631714e-03 -1.153691530227661133e+00
5.031700432300567627e-02 -8.016657084226608276e-04 -1.274611592292785645e+00
5.686326324939727783e-02 -5.065812729299068451e-03 -1.225189208984375000e+00
9.708286821842193604e-02 -1.596466265618801117e-02 -1.208744645118713379e+00
8.512283861637115479e-02 -1.430151797831058502e-02 -1.182093977928161621e+00
8.075286448001861572e-02 -1.305484957993030548e-02 -1.158501386642456055e+00
7.851736247539520264e-02 -6.545258685946464539e-03 -1.213809728622436523e+00
1.060658544301986694e-01 1.568999141454696655e-04 -1.170700907707214355e+00
6.534595787525177002e-02 -2.318935468792915344e-03 -1.089351415634155273e+00
8.011563122272491455e-02 -9.759401902556419373e-03 -1.137271046638488770e+00
5.029897391796112061e-02 -2.432880178093910217e-02 -1.187767624855041504e+00
3.355796635150909424e-02 -4.753099754452705383e-03 -1.159049272537231445e+00
6.579823791980743408e-02 -1.195541210472583771e-02 -1.145282745361328125e+00
8.647011220455169678e-02 -8.558275178074836731e-03 -1.228748559951782227e+00
6.964825093746185303e-02 -3.084648214280605316e-02 -1.340546369552612305e+00
1.163776069879531860e-01 -1.507436297833919525e-02 -1.258031249046325684e+00
1.681050807237625122e-01 -2.128487639129161835e-02 -1.221094369888305664e+00
9.961192309856414795e-02 2.419983968138694763e-03 -1.168650507926940918e+00
1.302316933870315552e-01 -1.203675288707017899e-02 -1.219321966171264648e+00
1.395005434751510620e-01 -6.898412480950355530e-03 -1.320061326026916504e+00
1.552603393793106079e-01 -9.368738159537315369e-03 -1.307976961135864258e+00
1.005659252405166626e-01 -1.480440236628055573e-02 -1.258168578147888184e+00
4.355020821094512939e-02 -1.389520056545734406e-02 -1.228446960449218750e+00
9.613518416881561279e-02 -1.436858437955379486e-02 -1.164233446121215820e+00
8.462356030941009521e-02 -1.933458074927330017e-02 -1.239649415016174316e+00
1.012451201677322388e-01 -1.627436466515064240e-02 -1.247702956199645996e+00
6.716193258762359619e-02 -1.165813580155372620e-02 -1.205240845680236816e+00
7.069517672061920166e-02 -2.730709873139858246e-02 -1.191932439804077148e+00
6.641815602779388428e-02 -1.548918616026639938e-02 -1.180077075958251953e+00
5.922247469425201416e-02 -2.135215513408184052e-02 -1.146405458450317383e+00
2.381958067417144775e-02 -1.473992131650447845e-02 -1.143795371055603027e+00
3.937081992626190186e-02 -1.987149938941001892e-02 -1.133298397064208984e+00
2.510906755924224854e-02 -3.556527942419052124e-02 -1.213250756263732910e+00
1.676514744758605957e-03 -1.844361983239650726e-02 -1.201170563697814941e+00
-2.644106745719909668e-03 -6.674680858850479126e-03 -1.187549114227294922e+00
1.143537461757659912e-02 2.508807927370071411e-03 -1.196969270706176758e+00
2.065028250217437744e-02 8.856078609824180603e-03 -1.134341716766357422e+00
2.285902202129364014e-02 -3.143984824419021606e-03 -1.089615702629089355e+00
6.369547545909881592e-02 -9.025795385241508484e-03 -1.166193604469299316e+00
1.292763650417327881e-02 -1.291382126510143280e-02 -1.171669363975524902e+00
1.203875243663787842e-02 -1.474068500101566315e-02 -1.186000108718872070e+00
2.583293616771697998e-02 -1.886291988193988800e-02 -1.214636564254760742e+00
7.177613675594329834e-02 -1.434572972357273102e-02 -1.172516942024230957e+00
7.775871455669403076e-02 -2.185978181660175323e-02 -1.226465463638305664e+00
1.106139868497848511e-01 -3.246920555830001831e-02 -1.261768817901611328e+00
6.386192142963409424e-02 -4.289872199296951294e-02 -1.294863462448120117e+00
3.538002073764801025e-02 -9.954117238521575928e-03 -1.222246170043945312e+00
5.385430157184600830e-02 -2.443705685436725616e-03 -1.187708258628845215e+00
3.706888854503631592e-02 1.245220750570297241e-02 -1.075557827949523926e+00
5.153335630893707275e-02 1.351159997284412384e-02 -1.067626476287841797e+00
2.803777158260345459e-02 4.645895212888717651e-03 -1.093773603439331055e+00
5.291582643985748291e-02 2.969158813357353210e-03 -1.080158591270446777e+00
3.606863319873809814e-02 -6.413231603801250458e-03 -1.118081688880920410e+00
5.097706615924835205e-02 -2.726044505834579468e-03 -1.010464429855346680e+00
6.037349998950958252e-02 -1.486549340188503265e-02 -1.076373457908630371e+00
3.496427834033966064e-02 -2.009494788944721222e-02 -1.172389745712280273e+00
5.090840160846710205e-02 -1.497691310942173004e-02 -1.189759135246276855e+00
2.445609867572784424e-02 -3.170805051922798157e-03 -1.221555590629577637e+00
3.359673917293548584e-02 4.566306248307228088e-03 -1.253364801406860352e+00
-1.254682242870330811e-02 1.574836112558841705e-02 -1.160892963409423828e+00
-1.445874571800231934e-03 1.383260451257228851e-02 -1.221048235893249512e+00
-5.976264178752899170e-02 1.090019941329956055e-02 -1.197127938270568848e+00
-6.646260619163513184e-03 2.037370391190052032e-02 -1.103749990463256836e+00
-5.096539855003356934e-03 1.308641210198402405e-02 -1.064799308776855469e+00
-1.214958727359771729e-02 2.085085771977901459e-02 -1.096701264381408691e+00
-1.922307908535003662e-02 1.297511719167232513e-02 -1.105372905731201172e+00
-1.558695733547210693e-02 2.179330401122570038e-02 -1.171755790710449219e+00
-2.942435443401336670e-02 2.920259721577167511e-02 -1.191689133644104004e+00
-3.154501318931579590e-03 3.971268981695175171e-02 -1.179556131362915039e+00
-4.276804625988006592e-02 3.090351261198520660e-02 -1.212127089500427246e+00
-2.480252087116241455e-02 2.933862991631031036e-02 -1.213753461837768555e+00
-2.799843251705169678e-02 1.946579478681087494e-02 -1.229750514030456543e+00
-1.045112311840057373e-02 2.619802020490169525e-02 -1.223741412162780762e+00
-2.690808475017547607e-02 2.630311809480190277e-02 -1.221704602241516113e+00
2.928748726844787598e-03 3.308313339948654175e-02 -1.283382296562194824e+00
7.059723138809204102e-04 1.989697851240634918e-02 -1.150642275810241699e+00
-1.640520989894866943e-02 4.185521602630615234e-02 -1.281489014625549316e+00
-6.600908935070037842e-02 2.624245546758174896e-02 -1.209093809127807617e+00
-5.581085383892059326e-02 2.663703449070453644e-02 -1.188995599746704102e+00
-7.278184592723846436e-02 2.366461791098117828e-02 -1.191127181053161621e+00
5.839839577674865723e-03 3.502062708139419556e-02 -1.201449632644653320e+00
2.629056572914123535e-03 3.240681439638137817e-02 -1.193809628486633301e+00
-8.012579381465911865e-02 3.448475897312164307e-02 -1.148955702781677246e+00
-9.872488677501678467e-02 3.868980705738067627e-02 -1.143100738525390625e+00
-9.338729083538055420e-02 3.128004819154739380e-02 -1.123057246208190918e+00
-5.664603412151336670e-02 3.912570327520370483e-02 -1.140672326087951660e+00
-1.382099092006683350e-02 3.684306889772415161e-02 -1.129019856452941895e+00
-5.111496150493621826e-02 3.909689933061599731e-02 -1.117288827896118164e+00
-7.713685929775238037e-02 3.589100390672683716e-02 -1.183029294013977051e+00
-4.867129027843475342e-02 3.034163080155849457e-02 -1.141014933586120605e+00
-2.925793826580047607e-02 2.987730316817760468e-02 -1.227658748626708984e+00
-3.668044507503509521e-02 4.546363651752471924e-02 -1.230161070823669434e+00
-4.205821454524993896e-02 4.357484728097915649e-02 -1.218449234962463379e+00
1.891404390335083008e-04 3.922458738088607788e-02 -1.184592962265014648e+00
-1.865433156490325928e-02 1.240118034183979034e-02 -1.332002639770507812e+00
-3.430084884166717529e-02 1.808354817330837250e-02 -1.328381538391113281e+00
-4.444329440593719482e-02 1.421168260276317596e-02 -1.367762327194213867e+00
-5.865298211574554443e-02 2.429722435772418976e-02 -1.302618503570556641e+00
-2.693144977092742920e-02 3.214192390441894531e-02 -1.268874526023864746e+00
1.106932759284973145e-03 2.474111504852771759e-02 -1.283693075180053711e+00
-1.196579635143280029e-02 1.426860317587852478e-02 -1.264948129653930664e+00
-1.907323300838470459e-02 1.038019917905330658e-02 -1.172741651535034180e+00
-5.895927548408508301e-03 -5.193761549890041351e-03 -1.133916139602661133e+00
-4.692837595939636230e-03 -1.527456566691398621e-03 -1.246293902397155762e+00
-4.855830967426300049e-02 1.984419301152229309e-03 -1.125784635543823242e+00
-4.858230054378509521e-02 1.289804093539714813e-02 -1.108134746551513672e+00
1.375760138034820557e-02 1.262309215962886810e-02 -1.152734756469726562e+00
-1.609672605991363525e-02 1.120037399232387543e-02 -1.120887041091918945e+00
-7.787629961967468262e-03 7.060712203383445740e-03 -1.128659725189208984e+00
-1.500450074672698975e-02 1.745251007378101349e-02 -1.143961906433105469e+00
8.853182196617126465e-03 1.191221736371517181e-02 -1.073336720466613770e+00
-9.904399514198303223e-03 1.584663055837154388e-02 -9.853570461273193359e-01
-1.636366546154022217e-02 2.045912854373455048e-02 -1.060481309890747070e+00
-1.873095333576202393e-02 2.071972005069255829e-02 -9.866285324096679688e-01
-2.408461272716522217e-02 1.790537498891353607e-02 -9.534770846366882324e-01
4.362478852272033691e-03 1.503751613199710846e-02 -9.650257825851440430e-01
5.349412560462951660e-03 4.187487065792083740e-02 -1.017973899841308594e+00
3.714247047901153564e-02 1.041251607239246368e-02 -1.038744449615478516e+00
3.673247992992401123e-02 1.603717543184757233e-02 -1.016535282135009766e+00
-1.167894899845123291e-02 2.356150560081005096e-02 -9.600638151168823242e-01
6.092473864555358887e-03 1.759466342628002167e-02 -9.810112118721008301e-01
-2.744795382022857666e-02 6.248073652386665344e-03 -1.001606225967407227e+00
7.159516215324401855e-03 -4.417484626173973083e-03 -9.971504211425781250e-01
2.480663359165191650e-02 4.113763570785522461e-03 -9.838056564331054688e-01
-3.648057579994201660e-03 8.829701691865921021e-03 -9.531336426734924316e-01
-3.515228629112243652e-03 1.322515308856964111e-02 -9.785007238388061523e-01
5.720749497413635254e-03 1.715612970292568207e-02 -9.594662189483642578e-01
3.335331380367279053e-02 1.494124531745910645e-02 -9.734954237937927246e-01
3.741382062435150146e-02 1.252117380499839783e-02 -9.514114260673522949e-01
3.168343007564544678e-02 1.361705549061298370e-02 -9.528509974479675293e-01
3.429801762104034424e-02 1.055863685905933380e-02 -9.634669423103332520e-01
4.741127789020538330e-02 1.660216599702835083e-03 -1.029548645019531250e+00
4.133780300617218018e-02 6.658440455794334412e-03 -1.023696660995483398e+00
2.733831107616424561e-02 1.874445565044879913e-02 -1.039885163307189941e+00
2.950991690158843994e-02 1.219237595796585083e-02 -1.055186033248901367e+00
1.624159514904022217e-02 1.768545620143413544e-02 -1.048272013664245605e+00
3.918133676052093506e-02 -3.416750580072402954e-03 -1.018272399902343750e+00
2.258481085300445557e-02 2.217635326087474823e-02 -1.017790079116821289e+00
4.655189812183380127e-02 1.722401194274425507e-02 -1.086527943611145020e+00
2.921293675899505615e-02 2.584683708846569061e-02 -1.005218386650085449e+00
9.052057564258575439e-02 1.473888941109180450e-02 -9.810722470283508301e-01
5.229605734348297119e-02 4.428705200552940369e-03 -1.061387658119201660e+00
9.784804284572601318e-02 3.110548295080661774e-02 -1.082002162933349609e+00
1.047346442937850952e-01 5.202707648277282715e-02 -1.070813417434692383e+00
2.705205976963043213e-02 4.193396866321563721e-02 -1.021752715110778809e+00
3.050886094570159912e-02 3.077996335923671722e-02 -1.001990318298339844e+00
3.699587285518646240e-02 2.391383610665798187e-02 -9.665659070014953613e-01
2.589015662670135498e-02 3.826849162578582764e-02 -9.407446384429931641e-01
-6.059989333152770996e-03 1.853120885789394379e-02 -1.037701845169067383e+00
6.099246442317962646e-02 3.152653574943542480e-02 -9.327095746994018555e-01
4.850114881992340088e-02 4.746116697788238525e-02 -9.975531101226806641e-01
1.504494249820709229e-02 3.250202536582946777e-02 -9.286620616912841797e-01
5.193234980106353760e-02 2.235664986073970795e-02 -9.594622254371643066e-01
5.678831040859222412e-02 3.093416057527065277e-02 -1.005961894989013672e+00
8.471985161304473877e-02 2.635283581912517548e-02 -9.430692791938781738e-01
7.469673454761505127e-02 1.810176111757755280e-02 -1.051471829414367676e+00
9.409312903881072998e-02 3.416875749826431274e-02 -9.705822467803955078e-01
1.145358383655548096e-02 3.187854588031768799e-02 -1.002256989479064941e+00
-3.941670060157775879e-03 2.641885541379451752e-02 -9.942641258239746094e-01
-2.660001814365386963e-02 2.042377553880214691e-02 -1.055454850196838379e+00
-1.518778502941131592e-02 2.703558467328548431e-02 -1.073314189910888672e+00
1.063172519207000732e-02 3.859451413154602051e-02 -1.079805254936218262e+00
-5.124792456626892090e-03 4.446118324995040894e-02 -1.078338027000427246e+00
7.637248933315277100e-02 4.983082413673400879e-02 -1.132774591445922852e+00
4.092259705066680908e-02 1.989992521703243256e-02 -1.107817173004150391e+00
7.978464663028717041e-02 2.772663347423076630e-02 -1.093453764915466309e+00
2.278219163417816162e-02 9.352523833513259888e-03 -1.072489380836486816e+00
3.674192726612091064e-02 1.802275143563747406e-02 -1.064096212387084961e+00
4.894258081912994385e-02 1.483309455215930939e-02 -1.154224395751953125e+00
4.678954184055328369e-02 4.056277126073837280e-02 -9.972655773162841797e-01
3.827436268329620361e-02 3.767614811658859253e-02 -1.096978187561035156e+00
7.436826825141906738e-03 2.309427969157695770e-02 -1.216531515121459961e+00
1.254871487617492676e-03 3.450231254100799561e-02 -1.275002479553222656e+00
-2.965037524700164795e-02 4.025478661060333252e-02 -1.199129104614257812e+00
4.437282681465148926e-03 2.663109265267848969e-02 -1.251963496208190918e+00
1.065798103809356689e-02 2.826029993593692780e-02 -1.252521157264709473e+00
2.865345776081085205e-02 3.930864483118057251e-02 -1.223058223724365234e+00
4.051555693149566650e-02 3.827583044767379761e-02 -1.276561379432678223e+00
2.810777723789215088e-02 3.893630206584930420e-02 -1.261866569519042969e+00
1.444424688816070557e-02 1.686657406389713287e-02 -1.266555547714233398e+00
2.848286926746368408e-02 2.748028747737407684e-02 -1.204955339431762695e+00
-4.808351397514343262e-03 2.874186076223850250e-02 -1.284658312797546387e+00
3.527148067951202393e-02 3.609646111726760864e-02 -1.184905529022216797e+00
5.532695353031158447e-02 2.614017389714717865e-02 -1.197875976562500000e+00
4.234333336353302002e-02 2.443131618201732635e-02 -1.260759472846984863e+00
5.796040594577789307e-02 2.188870869576931000e-02 -1.276496171951293945e+00
3.939010202884674072e-02 3.508075326681137085e-02 -1.266186118125915527e+00
1.102088838815689087e-01 2.017661370337009430e-02 -1.106983184814453125e+00
6.473644077777862549e-02 -2.108018845319747925e-03 -1.118295431137084961e+00
-8.637413382530212402e-03 8.297234773635864258e-03 -1.266171813011169434e+00
1.236992627382278442e-01 2.134781889617443085e-02 -1.311057686805725098e+00
9.679050743579864502e-02 4.676144570112228394e-02 -1.309180021286010742e+00
3.309826552867889404e-02 2.709897048771381378e-02 -1.143748879432678223e+00
5.842281877994537354e-02 1.608602516353130341e-02 -1.126371026039123535e+00
4.386802017688751221e-02 2.172704599797725677e-02 -1.174541831016540527e+00
3.590370714664459229e-02 1.684715412557125092e-02 -1.252735495567321777e+00
3.582687675952911377e-02 4.698136821389198303e-03 -1.306684374809265137e+00
4.548062384128570557e-02 1.012481935322284698e-02 -1.294583797454833984e+00
2.352167665958404541e-02 1.558007113635540009e-02 -1.215689897537231445e+00
1.047720015048980713e-02 8.710741996765136719e-03 -1.287046313285827637e+00
3.174121677875518799e-02 2.503945119678974152e-02 -1.203136444091796875e+00
1.236036419868469238e-03 2.874128334224224091e-02 -1.166599273681640625e+00
-1.940672099590301514e-02 1.583357714116573334e-02 -1.139458775520324707e+00
2.386914193630218506e-02 1.351161487400531769e-02 -1.240381717681884766e+00
-6.089791655540466309e-03 -1.039740629494190216e-02 -1.322308301925659180e+00
1.431830227375030518e-02 9.864401072263717651e-04 -1.193404078483581543e+00
9.078945219516754150e-02 6.887875497341156006e-04 -1.142219305038452148e+00
2.136081457138061523e-04 9.738614782691001892e-03 -1.116144657135009766e+00
1.145190745592117310e-01 2.802696637809276581e-02 -1.257290720939636230e+00
5.277620255947113037e-02 2.611359581351280212e-03 -1.173668622970581055e+00
1.807986199855804443e-02 7.685665041208267212e-04 -1.186968922615051270e+00
6.222613155841827393e-02 6.068481132388114929e-03 -1.101320028305053711e+00
-8.733287453651428223e-03 2.251794002950191498e-02 -1.078477263450622559e+00
-8.365064859390258789e-04 5.904579162597656250e-02 -9.813427925109863281e-01
2.217604219913482666e-02 2.977537177503108978e-02 -1.064900755882263184e+00
1.083950698375701904e-02 4.217863827943801880e-02 -1.059676170349121094e+00
3.953061997890472412e-02 -2.185123041272163391e-03 -9.946582317352294922e-01
-3.060658276081085205e-02 2.762515284121036530e-02 -1.054090976715087891e+00
-6.995037198066711426e-03 2.808314375579357147e-02 -1.122387886047363281e+00
-2.780653536319732666e-02 1.253176108002662659e-02 -1.147116303443908691e+00
1.191844046115875244e-02 7.547089830040931702e-03 -1.118707895278930664e+00
-2.984552085399627686e-02 3.290206938982009888e-02 -1.109371542930603027e+00
-1.776097714900970459e-02 1.425919495522975922e-02 -1.066466450691223145e+00
-1.443116366863250732e-02 1.770838908851146698e-02 -1.059779167175292969e+00
-8.685752749443054199e-03 2.293960563838481903e-02 -1.070515990257263184e+00
-4.779236018657684326e-02 2.854638360440731049e-02 -1.053659081459045410e+00
1.414598524570465088e-02 2.885542251169681549e-02 -1.109036326408386230e+00
-5.146965384483337402e-03 2.308977954089641571e-02 -1.110099911689758301e+00
-3.157660365104675293e-03 1.259872876107692719e-02 -1.124723911285400391e+00
-5.866453051567077637e-03 1.010872609913349152e-02 -1.204543948173522949e+00
-6.332550942897796631e-02 -5.513336509466171265e-03 -1.245245218276977539e+00
-4.482360184192657471e-02 1.487170718610286713e-02 -1.154274940490722656e+00
-4.996062815189361572e-02 1.229960285127162933e-02 -1.132763385772705078e+00
-4.390339553356170654e-02 3.437157720327377319e-02 -1.177273750305175781e+00
8.833065629005432129e-03 1.680667139589786530e-02 -1.183215379714965820e+00
1.170471310615539551e-03 1.926106028258800507e-02 -1.126926660537719727e+00
-2.206651866436004639e-02 1.750437356531620026e-02 -1.191418290138244629e+00
-7.658049464225769043e-03 1.830484904348850250e-02 -1.224957108497619629e+00
9.600117802619934082e-03 5.498779937624931335e-03 -1.225222706794738770e+00
5.149222910404205322e-02 -3.175178542733192444e-03 -1.226320981979370117e+00
1.889617741107940674e-02 -1.272922381758689880e-03 -1.223950982093811035e+00
-2.072222530841827393e-02 2.481187693774700165e-02 -1.123740673065185547e+00
-2.764238417148590088e-02 2.355009503662586212e-02 -1.052614808082580566e+00
-2.882331609725952148e-04 1.365187950432300568e-02 -1.096449017524719238e+00
5.289688706398010254e-03 2.211387641727924347e-02 -1.095911622047424316e+00
2.083927392959594727e-04 1.436648704111576080e-02 -1.167155385017395020e+00
-9.737417101860046387e-03 1.124974526464939117e-02 -1.218070030212402344e+00
-2.086023986339569092e-02 9.647155180573463440e-03 -1.175156116485595703e+00
-3.055299818515777588e-02 2.940947189927101135e-03 -1.282017827033996582e+00
-1.022528111934661865e-02 -8.698049932718276978e-04 -1.288967967033386230e+00
1.082874834537506104e-02 4.290221258997917175e-03 -1.275096654891967773e+00
2.096821367740631104e-02 1.920367591083049774e-02 -1.229498982429504395e+00
-1.250682771205902100e-02 3.799881041049957275e-02 -1.239365100860595703e+00
1.161207258701324463e-02 2.745409496128559113e-02 -1.244505286216735840e+00
-2.457885444164276123e-02 3.309445828199386597e-02 -1.224245786666870117e+00
-2.686366438865661621e-03 1.849175058305263519e-02 -1.281980037689208984e+00
-2.559821307659149170e-02 1.070762239396572113e-02 -1.267891645431518555e+00
1.514418423175811768e-02 -6.700085476040840149e-03 -1.291049003601074219e+00
-1.232956349849700928e-02 -5.223048850893974304e-03 -1.294342398643493652e+00
-1.439867913722991943e-02 -1.854380592703819275e-03 -1.326807498931884766e+00
3.983904421329498291e-02 1.263153366744518280e-02 -1.297747731208801270e+00
5.013574659824371338e-02 1.863441802561283112e-02 -1.255231499671936035e+00
7.839007675647735596e-02 1.419177465140819550e-02 -1.147401571273803711e+00
6.841059029102325439e-02 2.586313895881175995e-02 -1.130364179611206055e+00
8.518512547016143799e-02 7.649211212992668152e-03 -1.152549505233764648e+00
3.297401964664459229e-02 2.132120169699192047e-02 -1.236732363700866699e+00
-3.641007840633392334e-02 1.194114424288272858e-02 -1.300318956375122070e+00
-4.078941047191619873e-02 5.886912345886230469e-03 -1.205313324928283691e+00
-2.188859879970550537e-02 1.486343331634998322e-02 -1.231640815734863281e+00
-5.859538912773132324e-03 5.523202940821647644e-03 -1.280138134956359863e+00
-5.647061765193939209e-02 2.438160963356494904e-02 -1.310163974761962891e+00
1.406730711460113525e-02 3.033142723143100739e-02 -1.289322972297668457e+00
7.791534066200256348e-03 1.890336163341999054e-02 -1.211127281188964844e+00
-1.978211104869842529e-02 1.985583640635013580e-02 -1.191836237907409668e+00
-1.258085668087005615e-02 2.120610885322093964e-02 -1.207777261734008789e+00
3.077603876590728760e-02 2.270518802106380463e-02 -1.270435094833374023e+00
1.342482864856719971e-02 1.510113291442394257e-02 -1.271290779113769531e+00
7.578268647193908691e-03 -6.219353526830673218e-04 -1.215715527534484863e+00
-1.239363849163055420e-02 8.909834548830986023e-03 -1.212471246719360352e+00
-4.936687648296356201e-02 -7.839253172278404236e-03 -1.322551965713500977e+00
-3.973571956157684326e-02 2.241160161793231964e-02 -1.244898438453674316e+00
2.008457481861114502e-02 3.147285431623458862e-02 -1.091240048408508301e+00
-2.748148143291473389e-02 1.590994186699390411e-02 -1.095174074172973633e+00
3.086222708225250244e-02 2.101850695908069611e-02 -1.069107294082641602e+00
6.364203989505767822e-02 6.050700321793556213e-03 -1.072628974914550781e+00
-4.922792315483093262e-03 9.382678195834159851e-03 -1.103852272033691406e+00
1.785798370838165283e-02 4.492772743105888367e-03 -1.217823624610900879e+00
-6.883405148983001709e-02 2.279581688344478607e-02 -1.282187104225158691e+00
5.563750863075256348e-03 1.052620075643062592e-02 -1.295416712760925293e+00
-6.654237210750579834e-02 8.856697008013725281e-03 -1.310345530509948730e+00
-8.360140025615692139e-02 2.808901481330394745e-02 -1.263669013977050781e+00
1.310546696186065674e-02 2.269228734076023102e-02 -1.170032501220703125e+00
4.260767996311187744e-02 3.155528753995895386e-02 -1.159590482711791992e+00
8.029595017433166504e-03 2.879037894308567047e-02 -1.202272415161132812e+00
2.997370064258575439e-02 2.658664621412754059e-02 -1.139780044555664062e+00
1.374919712543487549e-02 5.066877603530883789e-02 -1.131643056869506836e+00
1.173301041126251221e-02 1.867162995040416718e-02 -1.131540179252624512e+00
-4.925236105918884277e-03 1.617495156824588776e-02 -1.052896976470947266e+00
-3.720076382160186768e-02 3.366094827651977539e-02 -1.120685219764709473e+00
-5.191500484943389893e-02 4.261387139558792114e-02 -1.088452816009521484e+00
-6.825475394725799561e-02 4.164667427539825439e-02 -1.122649431228637695e+00
-8.676023781299591064e-02 8.174356818199157715e-02 -1.192468881607055664e+00
-2.254541218280792236e-02 2.306828834116458893e-02 -1.106121182441711426e+00
-7.608877122402191162e-02 2.876364253461360931e-02 -1.063719153404235840e+00
-2.285777032375335693e-02 2.653273381292819977e-02 -1.085167050361633301e+00
-3.301562368869781494e-02 2.028236724436283112e-02 -1.093085289001464844e+00
-3.328536450862884521e-02 2.096010558307170868e-02 -1.173392415046691895e+00
-2.205054461956024170e-02 1.964092813432216644e-02 -1.279874205589294434e+00
3.710761666297912598e-03 2.281801588833332062e-02 -1.298389077186584473e+00
-4.645536839962005615e-02 1.717647723853588104e-02 -1.270879864692687988e+00
-2.775977551937103271e-02 1.976903341710567474e-02 -1.324142098426818848e+00
-5.152925848960876465e-03 2.132725156843662262e-02 -1.351833939552307129e+00
-5.792437493801116943e-02 1.299054361879825592e-02 -1.325550556182861328e+00
-9.007905423641204834e-02 2.232449688017368317e-02 -1.318846464157104492e+00
-2.223049104213714600e-02 1.247811131179332733e-02 -1.159767746925354004e+00
-7.967814803123474121e-03 2.289534173905849457e-02 -1.229690551757812500e+00
-2.883802354335784912e-02 9.073717519640922546e-03 -1.270934939384460449e+00
-3.010843694210052490e-02 1.487568579614162445e-02 -1.254038214683532715e+00
-1.928977668285369873e-02 1.053118519484996796e-02 -1.304335951805114746e+00
-7.671043276786804199e-03 1.145265065133571625e-02 -1.222332835197448730e+00
-8.747026324272155762e-03 1.529967598617076874e-02 -1.244454026222229004e+00
-3.114436566829681396e-02 1.923762075603008270e-02 -1.143334984779357910e+00
-3.818313777446746826e-02 1.945778168737888336e-02 -1.200756669044494629e+00
-3.228126466274261475e-02 1.875781081616878510e-02 -1.200020432472229004e+00
-2.336546778678894043e-03 2.892997674643993378e-02 -1.097624778747558594e+00
-4.075615108013153076e-02 2.330180816352367401e-02 -1.189980864524841309e+00
4.706159234046936035e-03 2.877452038228511810e-02 -1.178062677383422852e+00
1.070047914981842041e-02 1.599453575909137726e-02 -1.164590835571289062e+00
3.603591024875640869e-02 1.477992348372936249e-02 -1.127247095108032227e+00
5.925168097019195557e-02 5.178732797503471375e-03 -1.134383797645568848e+00
6.452788412570953369e-02 3.219624981284141541e-03 -1.054250240325927734e+00
6.512506306171417236e-02 2.591131255030632019e-03 -1.138528823852539062e+00
2.704992890357971191e-03 5.328571423888206482e-03 -1.126423120498657227e+00
2.917338907718658447e-02 9.761696681380271912e-03 -1.123080730438232422e+00
-3.580376505851745605e-03 3.576559945940971375e-03 -1.148208856582641602e+00
5.567272007465362549e-02 -4.354530945420265198e-03 -1.177408456802368164e+00
5.174036324024200439e-02 -3.597507253289222717e-03 -1.149719715118408203e+00
5.792744457721710205e-02 -4.136236384510993958e-03 -1.077785134315490723e+00
8.047361671924591064e-02 3.472175449132919312e-04 -9.878560304641723633e-01
9.715868532657623291e-02 -2.046996727585792542e-03 -1.090372443199157715e+00
1.497075706720352173e-01 -4.511801525950431824e-03 -1.074547052383422852e+00
1.783779114484786987e-01 1.504770480096340179e-02 -1.025931000709533691e+00
1.594329029321670532e-01 2.520712278783321381e-02 -9.725531339645385742e-01
1.500066667795181274e-01 2.113323099911212921e-02 -8.940716385841369629e-01
2.649663686752319336e-01 4.400422796607017517e-03 -9.050328135490417480e-01
4.411584138870239258e-01 -1.550221815705299377e-03 -1.025372862815856934e+00
4.724463820457458496e-01 -6.603525951504707336e-03 -9.629530310630798340e-01
5.382166504859924316e-01 -7.844084873795509338e-03 -8.737253546714782715e-01
4.750083088874816895e-01 -1.872762851417064667e-02 -7.723484039306640625e-01
4.815430641174316406e-01 -3.233792632818222046e-02 -7.137873172760009766e-01
6.038321852684020996e-01 -1.399227045476436615e-02 -7.141331434249877930e-01
6.305243968963623047e-01 -4.121871665120124817e-03 -8.047956228256225586e-01
7.724694013595581055e-01 3.469159826636314392e-03 -8.389348983764648438e-01
8.922195434570312500e-01 1.421547122299671173e-02 -8.445689678192138672e-01
1.135711908340454102e+00 2.158802561461925507e-02 -8.748644590377807617e-01
1.101654171943664551e+00 2.877859957516193390e-02 -6.470047831535339355e-01
1.045269370079040527e+00 3.556914627552032471e-02 -5.571992397308349609e-01
1.027709603309631348e+00 1.658141426742076874e-02 -4.252135157585144043e-01
1.048647999763488770e+00 2.804139815270900726e-02 -5.581467151641845703e-01
1.223070025444030762e+00 4.881343245506286621e-02 -5.710209608078002930e-01
1.174631476402282715e+00 4.776174575090408325e-02 -6.689466238021850586e-01
1.099446415901184082e+00 4.510403424501419067e-02 -5.187901854515075684e-01
9.297437071800231934e-01 1.556570269167423248e-02 -2.130121886730194092e-01
9.605546593666076660e-01 -1.788175292313098907e-02 5.727756023406982422e-02
8.851572275161743164e-01 -2.210184931755065918e-02 7.157605886459350586e-02
8.652476072311401367e-01 -2.201260626316070557e-02 1.660138554871082306e-02
8.582151532173156738e-01 -3.410813957452774048e-02 4.280728101730346680e-02
7.213645577430725098e-01 1.338642090559005737e-03 9.066140651702880859e-02
6.541281938552856445e-01 1.544220373034477234e-03 1.304858922958374023e-01
6.891811490058898926e-01 -8.960278704762458801e-03 1.829925179481506348e-01
6.722587347030639648e-01 -6.536184810101985931e-03 2.819391489028930664e-01
7.619007229804992676e-01 -1.115711405873298645e-03 2.822336554527282715e-01
6.726015806198120117e-01 -4.641678184270858765e-03 3.340578079223632812e-01
5.572267174720764160e-01 -6.552228704094886780e-03 4.702838659286499023e-01
5.000872611999511719e-01 3.111660480499267578e-04 4.474594593048095703e-01
3.997299075126647949e-01 -5.450716242194175720e-03 4.572779834270477295e-01
4.257169365882873535e-01 -2.244673669338226318e-05 3.961958587169647217e-01
4.425567984580993652e-01 -3.470078110694885254e-03 5.248110294342041016e-01
3.597314953804016113e-01 4.253549501299858093e-03 5.801111459732055664e-01
3.095632791519165039e-01 -5.560312420129776001e-04 7.529336810111999512e-01
2.856432199478149414e-01 1.166908256709575653e-02 7.718420028686523438e-01
2.729603052139282227e-01 -1.793634146451950073e-04 7.336978912353515625e-01
2.267507463693618774e-01 -9.327488020062446594e-03 7.379869222640991211e-01
1.054009348154067993e-01 -1.223794184625148773e-02 8.059182763099670410e-01
1.689325720071792603e-01 -1.956194825470447540e-02 8.995043039321899414e-01
1.603569090366363525e-02 -4.383325576782226562e-03 1.026293992996215820e+00
5.058075487613677979e-02 7.407275959849357605e-03 8.974276781082153320e-01
8.905257284641265869e-02 7.925076410174369812e-03 8.251424431800842285e-01
6.173123419284820557e-02 6.281403824687004089e-03 8.728028535842895508e-01
4.481138288974761963e-02 -4.216359928250312805e-03 7.674989700317382812e-01
-2.574901282787322998e-02 -1.117030717432498932e-02 8.779662847518920898e-01
-6.797127425670623779e-02 -1.418340764939785004e-02 9.084631204605102539e-01
-1.016072779893875122e-01 -2.137154154479503632e-02 1.006178140640258789e+00
-8.746658265590667725e-02 -1.826567389070987701e-02 9.336088895797729492e-01
-3.342290222644805908e-02 -1.700877770781517029e-02 1.045493364334106445e+00
-5.595609545707702637e-03 -1.626363582909107208e-02 9.503161907196044922e-01
-1.397058367729187012e-03 -1.664541102945804596e-02 9.145122170448303223e-01
-4.061223566532135010e-02 -1.874021999537944794e-02 9.666220545768737793e-01
-3.035824000835418701e-02 -4.600187763571739197e-03 9.269234538078308105e-01
-3.882010281085968018e-02 -7.859172299504280090e-03 1.005975127220153809e+00
-9.974895417690277100e-02 -1.580921746790409088e-02 9.570008516311645508e-01
-9.950189292430877686e-02 -1.965199224650859833e-02 8.732383847236633301e-01
-1.170879751443862915e-01 -2.378809265792369843e-02 8.938823342323303223e-01
-8.794187009334564209e-02 -1.257478818297386169e-02 9.007447957992553711e-01
-7.541267573833465576e-02 -1.760064251720905304e-02 9.942434430122375488e-01
-9.204743802547454834e-02 -1.304653845727443695e-02 1.039848804473876953e+00
-7.330711185932159424e-02 -8.668059483170509338e-03 9.316961169242858887e-01
-6.896708905696868896e-02 -6.792748346924781799e-03 8.858287334442138672e-01
-6.157930195331573486e-02 -8.928196504712104797e-03 9.587403535842895508e-01
-3.044469654560089111e-02 -9.792273864150047302e-03 1.000696182250976562e+00
-2.679501473903656006e-02 -1.365708000957965851e-02 1.013084173202514648e+00
-6.625695526599884033e-02 -5.016403272747993469e-03 1.006688356399536133e+00
5.145023763179779053e-02 -7.013531401753425598e-03 9.163804650306701660e-01
-3.575153648853302002e-02 -1.344989426434040070e-02 9.810218214988708496e-01
-6.785754859447479248e-02 -1.538940705358982086e-02 9.874018430709838867e-01
-1.074623614549636841e-01 -1.513064093887805939e-02 1.054546833038330078e+00
-9.331022202968597412e-02 -5.204269662499427795e-03 1.052385210990905762e+00
-6.739439070224761963e-02 -5.487138405442237854e-03 9.831048846244812012e-01
-1.055327504873275757e-01 -1.227754354476928711e-02 9.175472259521484375e-01
-1.178271621465682983e-01 -1.095250435173511505e-02 9.228583574295043945e-01
-6.064011156558990479e-02 -1.546333916485309601e-02 1.083322048187255859e+00
-1.971147954463958740e-02 -6.760010495781898499e-03 9.407892227172851562e-01
-6.788522005081176758e-04 -1.586913131177425385e-02 1.009688973426818848e+00
-3.617767989635467529e-02 -1.659947447478771210e-02 1.033133506774902344e+00
-7.279442250728607178e-02 -2.734768763184547424e-02 1.008047223091125488e+00
-1.171333640813827515e-01 -1.736382395029067993e-02 1.009293317794799805e+00
-1.005889326333999634e-01 -1.543590985238552094e-02 1.049067378044128418e+00
-1.187663823366165161e-01 -1.232652366161346436e-02 1.020101666450500488e+00
-5.097748339176177979e-02 -1.723334379494190216e-02 1.022952556610107422e+00
4.221335053443908691e-03 -4.693934693932533264e-03 1.055129408836364746e+00
-9.676352143287658691e-03 -6.366832181811332703e-03 9.163107872009277344e-01
-2.290724217891693115e-02 -8.995106443762779236e-03 8.738204240798950195e-01
-3.356979787349700928e-02 -1.142689399421215057e-02 9.473628997802734375e-01
-5.486209690570831299e-02 -1.029298081994056702e-02 1.034751057624816895e+00
-5.655299127101898193e-02 -1.580364257097244263e-02 1.082322239875793457e+00
-6.502257287502288818e-02 -1.786096207797527313e-02 1.146182775497436523e+00
-3.789015114307403564e-02 -1.322445366531610489e-02 9.685981273651123047e-01
-6.985530257225036621e-03 -1.455689780414104462e-02 1.058108687400817871e+00
3.429487347602844238e-03 -1.374221034348011017e-02 9.336271882057189941e-01
-4.444132745265960693e-02 -1.352459006011486053e-02 9.489580988883972168e-01
-7.018660008907318115e-02 -3.738555125892162323e-03 1.008446216583251953e+00
-1.112504303455352783e-02 -2.326303906738758087e-02 1.004456043243408203e+00
-4.838420450687408447e-02 -2.729898877441883087e-02 1.008873224258422852e+00
-2.424781024456024170e-02 -2.008357830345630646e-02 8.616527318954467773e-01
-1.935689151287078857e-02 -1.621693000197410583e-02 9.599002003669738770e-01
-1.827473938465118408e-02 -4.895927011966705322e-02 1.022184014320373535e+00
-5.424900352954864502e-02 -1.454921998083591461e-02 9.708538651466369629e-01
-6.388069689273834229e-02 -1.576879806816577911e-02 1.026618838310241699e+00
-2.244822680950164795e-02 -1.236313022673130035e-02 9.308741092681884766e-01
-4.052741825580596924e-02 -1.699517853558063507e-02 8.964446187019348145e-01
1.992098987102508545e-02 -1.179065741598606110e-02 8.683277368545532227e-01
3.372384607791900635e-02 -4.851242527365684509e-03 1.009332537651062012e+00
-1.012976467609405518e-02 -1.794716902077198029e-02 9.414349198341369629e-01
-3.814627230167388916e-02 -1.815722882747650146e-02 9.472338557243347168e-01
-4.553715884685516357e-02 -7.531953975558280945e-03 9.513387084007263184e-01
-9.725596010684967041e-02 -3.205509111285209656e-02 9.832417964935302734e-01
-9.307123720645904541e-02 -2.034259028732776642e-02 1.021824121475219727e+00
-6.970049440860748291e-02 -1.296936534345149994e-02 9.169160127639770508e-01
-3.860701620578765869e-02 -1.389537192881107330e-02 8.335318565368652344e-01
-3.120823204517364502e-02 -1.427208445966243744e-02 8.680382966995239258e-01
-4.733993113040924072e-02 -1.290554553270339966e-02 9.156661629676818848e-01
-5.893285572528839111e-02 -5.506727844476699829e-03 1.008220434188842773e+00
-6.657128036022186279e-02 -1.393339596688747406e-02 9.171825647354125977e-01
-5.512546002864837646e-02 -2.294454351067543030e-02 9.691452383995056152e-01
-5.424167215824127197e-02 -2.051114477217197418e-02 9.846076369285583496e-01
-2.875955402851104736e-02 -4.026252776384353638e-02 1.205864787101745605e+00
-1.822873950004577637e-03 -3.500042110681533813e-02 1.074228167533874512e+00
-3.540500998497009277e-03 -7.162974774837493896e-02 1.124876499176025391e+00
3.997758030891418457e-03 -2.258987165987491608e-02 9.503193497657775879e-01
-6.110303103923797607e-02 -1.364788599312305450e-02 1.012507796287536621e+00
-2.995476126670837402e-03 -4.876577854156494141e-02 1.121714115142822266e+00
-2.527292072772979736e-02 -1.276429556310176849e-02 9.621893763542175293e-01
2.793122828006744385e-02 -4.251665621995925903e-02 1.040319442749023438e+00
7.450811564922332764e-02 -1.143673360347747803e-01 1.229178786277770996e+00
8.563922345638275146e-02 -1.634210646152496338e-01 1.297648429870605469e+00
6.114695966243743896e-02 -1.350784897804260254e-01 1.288156628608703613e+00
3.484944999217987061e-02 -1.124553903937339783e-01 1.264057159423828125e+00
-6.283298134803771973e-03 -1.187729910016059875e-01 1.114400029182434082e+00
-5.000914633274078369e-02 -4.858172684907913208e-02 1.054237842559814453e+00
-1.925517618656158447e-02 -2.544676512479782104e-02 1.055344104766845703e+00
-3.372655808925628662e-02 -3.203927725553512573e-02 1.076538443565368652e+00
-4.898153245449066162e-02 -5.993708223104476929e-02 1.170201897621154785e+00
-3.153769671916961670e-02 -6.296782940626144409e-02 1.197768688201904297e+00
-2.511809766292572021e-02 -6.970330327749252319e-02 1.239325761795043945e+00
-1.354053616523742676e-03 -4.180295765399932861e-02 1.199873566627502441e+00
-4.365222156047821045e-02 -3.337624669075012207e-02 1.069519877433776855e+00
9.460732340812683105e-03 -1.975604332983493805e-02 9.629971981048583984e-01
-1.171393692493438721e-02 -1.965415664017200470e-02 9.600923061370849609e-01
6.080980598926544189e-02 -3.686854988336563110e-02 1.006301641464233398e+00
1.785591244697570801e-03 -1.409878768026828766e-02 9.492268562316894531e-01
2.325625717639923096e-02 -2.454652078449726105e-02 1.004057168960571289e+00
-1.866950094699859619e-02 -2.081317640841007233e-02 9.045580625534057617e-01
-4.796253144741058350e-02 -2.076956070959568024e-02 8.214452266693115234e-01
-7.363842427730560303e-02 -5.514265596866607666e-02 9.383156299591064453e-01
-1.052661985158920288e-01 -2.108863927423954010e-02 9.696778655052185059e-01
-8.471025526523590088e-02 -5.903789401054382324e-02 9.121122956275939941e-01
2.234235405921936035e-03 -3.539028018712997437e-02 9.680849909782409668e-01
-7.273182272911071777e-03 -1.747130043804645538e-02 1.005693316459655762e+00
-2.135543525218963623e-02 -1.331054605543613434e-02 1.062798023223876953e+00
2.452401816844940186e-02 -1.599441654980182648e-02 9.698539972305297852e-01
3.711728751659393311e-02 -1.694534905254840851e-02 9.871767759323120117e-01
-2.861370146274566650e-02 -4.595024511218070984e-03 9.895148873329162598e-01
-5.087725818157196045e-02 -9.508956223726272583e-03 1.019005060195922852e+00
-8.036355674266815186e-02 -1.921344175934791565e-02 1.116188883781433105e+00
-4.426096379756927490e-02 -1.422146521508693695e-02 1.141605377197265625e+00
-5.202998220920562744e-02 -2.512011863291263580e-02 1.157247900962829590e+00
2.477504312992095947e-02 -2.166000194847583771e-02 1.157989859580993652e+00
-4.938349127769470215e-03 -1.166350580751895905e-02 1.098834991455078125e+00
-7.418349385261535645e-03 -7.731350138783454895e-03 1.131606221199035645e+00
-1.593764126300811768e-02 -2.322635613381862640e-02 1.021045923233032227e+00
-6.322060525417327881e-02 -1.560924015939235687e-02 9.923820495605468750e-01
-5.641771852970123291e-02 -2.821644209325313568e-02 1.081198692321777344e+00
8.148504793643951416e-02 -3.646113723516464233e-02 1.138493537902832031e+00
1.247312128543853760e-02 -2.348714508116245270e-02 1.212008953094482422e+00
9.230561554431915283e-02 -3.645357489585876465e-02 1.191937446594238281e+00
3.049044311046600342e-02 -4.210697859525680542e-02 1.090024352073669434e+00
-5.230082571506500244e-02 -3.029093705117702484e-02 1.059808492660522461e+00
-7.485957443714141846e-02 -2.001783810555934906e-02 1.115522623062133789e+00
-5.135287344455718994e-02 -2.274091541767120361e-02 1.119186401367187500e+00
4.000742733478546143e-02 2.126395702362060547e-03 1.103220701217651367e+00
-3.890602290630340576e-02 -5.985571071505546570e-03 1.074199438095092773e+00
2.778127789497375488e-03 1.165952347218990326e-02 1.183063268661499023e+00
5.952794849872589111e-02 -4.444243013858795166e-02 1.173925518989562988e+00
1.059355288743972778e-01 -6.269611418247222900e-02 1.346733331680297852e+00
1.076827794313430786e-01 -5.249701440334320068e-02 1.304257035255432129e+00
1.793630868196487427e-01 -4.090128839015960693e-02 1.379302978515625000e+00
1.145540028810501099e-01 -8.445936441421508789e-02 1.227510571479797363e+00
-1.143448054790496826e-02 -4.703781753778457642e-02 1.191205859184265137e+00
5.314488708972930908e-02 -5.010741949081420898e-02 1.175409197807312012e+00
2.073867619037628174e-02 -4.667882621288299561e-02 1.171689271926879883e+00
1.141289621591567993e-01 -7.178255915641784668e-02 1.174920797348022461e+00
-6.651853024959564209e-02 -3.846734762191772461e-02 1.197863578796386719e+00
3.779794275760650635e-02 -5.019113421440124512e-02 1.117233157157897949e+00
1.107881218194961548e-01 -6.140198558568954468e-02 1.066959023475646973e+00
-2.991794049739837646e-02 -2.927524223923683167e-02 1.091665506362915039e+00
1.900978386402130127e-02 -5.842906981706619263e-02 1.267060518264770508e+00
-1.177191287279129028e-01 -2.200072258710861206e-02 1.102090597152709961e+00
-2.043144404888153076e-02 -5.795550346374511719e-02 1.178768873214721680e+00
-4.076473414897918701e-02 -2.523047477006912231e-02 1.054206728935241699e+00
-9.456942975521087646e-02 -1.625272259116172791e-02 1.055466294288635254e+00
-7.046206295490264893e-02 -1.439267024397850037e-02 1.053463816642761230e+00
-2.009476721286773682e-02 -8.056802675127983093e-03 1.062304019927978516e+00
1.334695518016815186e-02 -1.210579462349414825e-02 9.900204539299011230e-01
6.810173392295837402e-03 -7.390180602669715881e-03 9.627724885940551758e-01
-2.390085160732269287e-02 -1.901144348084926605e-02 1.100631952285766602e+00
-8.346484601497650146e-02 -3.991487622261047363e-02 1.057965755462646484e+00
-4.882250726222991943e-02 -2.666186727583408356e-02 1.057101488113403320e+00
2.830639481544494629e-03 -2.252268232405185699e-02 1.084396362304687500e+00
-1.079286783933639526e-01 -1.666741631925106049e-02 1.102199196815490723e+00
-4.511006176471710205e-02 -1.420580595731735229e-02 1.040627837181091309e+00
-4.436026513576507568e-02 -5.724137648940086365e-03 1.100367426872253418e+00
-5.611400306224822998e-02 -1.088160742074251175e-02 1.085820913314819336e+00
-5.079950392246246338e-02 -2.363477461040019989e-02 1.132555246353149414e+00
-3.073836863040924072e-02 -1.244655810296535492e-02 1.043143749237060547e+00
-1.580585539340972900e-02 -8.896546438336372375e-03 1.006212949752807617e+00
7.889717817306518555e-04 6.725452840328216553e-05 9.465491771697998047e-01
-2.379660308361053467e-02 -9.443601593375205994e-03 9.295275807380676270e-01
-4.280005395412445068e-02 -9.392566047608852386e-03 1.015450358390808105e+00
-1.959703862667083740e-02 -9.932303801178932190e-03 9.202594757080078125e-01
2.681185305118560791e-02 -8.724668994545936584e-03 9.128799438476562500e-01
3.808513283729553223e-03 -9.225299581885337830e-03 9.537787437438964844e-01
-6.565408408641815186e-02 -1.199672557413578033e-02 1.035847663879394531e+00
-8.724406361579895020e-03 -2.172973938286304474e-02 9.906306862831115723e-01
-6.337527930736541748e-02 -2.940089441835880280e-02 1.085388064384460449e+00
-6.268744170665740967e-02 -1.957517489790916443e-02 1.083809018135070801e+00
-6.532846391201019287e-02 -2.657093852758407593e-02 1.170821785926818848e+00
-6.445257365703582764e-02 -2.494787424802780151e-02 1.196246385574340820e+00
1.414045691490173340e-03 -3.341302275657653809e-02 1.049021720886230469e+00
-2.534605562686920166e-02 -2.694055624306201935e-02 1.106077075004577637e+00
-9.738288819789886475e-02 -2.591326646506786346e-02 1.164895296096801758e+00
-6.906436383724212646e-02 -2.645511366426944733e-02 1.102936029434204102e+00
-3.172160685062408447e-02 -2.549852244555950165e-02 1.205805540084838867e+00
1.633884012699127197e-02 -3.206798061728477478e-02 1.215074896812438965e+00
-1.102708280086517334e-02 -3.773378580808639526e-02 1.209172844886779785e+00
3.277510404586791992e-04 -3.664991259574890137e-02 1.130740404129028320e+00
2.562984824180603027e-03 -4.027517139911651611e-02 1.125169277191162109e+00
-2.350203692913055420e-02 -4.018693417310714722e-02 1.125182628631591797e+00
9.136421978473663330e-02 -4.886516928672790527e-02 1.082693219184875488e+00
-2.217815816402435303e-02 -4.001307487487792969e-02 1.028177857398986816e+00
-4.876588284969329834e-02 -3.474032878875732422e-02 1.119166970252990723e+00
-1.206484884023666382e-01 -2.656226046383380890e-02 1.133289337158203125e+00
-1.092933565378189087e-01 -3.043104149401187897e-02 1.079322576522827148e+00
-7.910035550594329834e-02 -3.496707230806350708e-02 1.063019752502441406e+00
-1.213059276342391968e-01 -2.570582926273345947e-02 1.057097434997558594e+00
-3.979779779911041260e-02 -2.735011279582977295e-02 1.063638806343078613e+00
-2.584390342235565186e-02 -2.800289914011955261e-02 1.045886039733886719e+00
-3.554050624370574951e-02 -2.569624967873096466e-02 1.065265178680419922e+00
-8.655384182929992676e-03 -2.367621101438999176e-02 1.054531693458557129e+00
3.630967438220977783e-02 -2.428643405437469482e-02 1.082050204277038574e+00
1.364950835704803467e-02 -3.130422532558441162e-02 1.105051755905151367e+00
7.532529532909393311e-02 -4.757286608219146729e-02 1.137357592582702637e+00
-1.123826205730438232e-02 -4.058257862925529480e-02 1.192499399185180664e+00
4.126228392124176025e-02 -5.125972628593444824e-02 1.203054308891296387e+00
4.621671140193939209e-02 -4.937961697578430176e-02 1.203544259071350098e+00
2.923734486103057861e-02 -4.206420108675956726e-02 1.208395242691040039e+00
8.196993172168731689e-02 -4.549460113048553467e-02 1.232668161392211914e+00
2.057273685932159424e-02 -3.479780629277229309e-02 1.231582403182983398e+00
-4.445962607860565186e-02 -2.250455506145954132e-02 1.165970683097839355e+00
7.262422144412994385e-02 -4.832327365875244141e-02 1.260908603668212891e+00
8.009876310825347900e-02 -5.783160775899887085e-02 1.266927599906921387e+00
2.050118148326873779e-02 -4.935012757778167725e-02 1.181461811065673828e+00
-1.810316741466522217e-02 -4.521908611059188843e-02 1.235870718955993652e+00
1.205608248710632324e-03 -3.961537033319473267e-02 1.224552035331726074e+00
5.511447787284851074e-03 -3.802549093961715698e-02 1.228416085243225098e+00
-1.631323993206024170e-02 -4.386978596448898315e-02 1.333196282386779785e+00
1.021356880664825439e-02 -3.649555146694183350e-02 1.238665461540222168e+00
1.608552038669586182e-02 -4.064623266458511353e-02 1.309040784835815430e+00
5.557824671268463135e-02 -5.408785492181777954e-02 1.324580311775207520e+00
1.238560229539871216e-01 -6.743744015693664551e-02 1.318842291831970215e+00
-4.624770581722259521e-02 -3.498425334692001343e-02 1.332712054252624512e+00
-1.000572592020034790e-01 -1.041844114661216736e-02 1.337043285369873047e+00
3.547623753547668457e-03 -2.340072020888328552e-02 1.398070812225341797e+00
-1.422451436519622803e-02 -2.947532013058662415e-02 1.302534341812133789e+00
-1.509711146354675293e-03 -4.405055940151214600e-02 1.342820763587951660e+00
5.663980543613433838e-02 -5.286408960819244385e-02 1.246334791183471680e+00
6.839409470558166504e-03 -3.843157738447189331e-02 1.186606645584106445e+00
5.490596592426300049e-02 -4.563941806554794312e-02 1.171215891838073730e+00
2.532519400119781494e-02 -5.226323008537292480e-02 1.183624505996704102e+00
-2.553449571132659912e-02 -3.971929103136062622e-02 1.146563529968261719e+00
4.072810709476470947e-02 -4.158375412225723267e-02 1.142641901969909668e+00
-4.620458185672760010e-02 -3.503133356571197510e-02 1.163313865661621094e+00
2.084214985370635986e-02 -3.187762945890426636e-02 1.161292314529418945e+00
1.645778119564056396e-02 -4.459729790687561035e-02 1.163822531700134277e+00
-1.217201352119445801e-03 -3.399042040109634399e-02 1.185749530792236328e+00
1.253030449151992798e-01 -5.902343243360519409e-02 1.245339393615722656e+00
7.197166979312896729e-02 -5.544662475585937500e-02 1.241399765014648438e+00
8.362354338169097900e-02 -4.782611876726150513e-02 1.153301596641540527e+00
4.546596109867095947e-02 -3.218574076890945435e-02 1.090384602546691895e+00
-8.490757644176483154e-02 -2.307694591581821442e-02 1.102462649345397949e+00
-7.716320455074310303e-02 -3.264866024255752563e-02 1.129466533660888672e+00
-1.443485915660858154e-02 -3.284419700503349304e-02 1.092621326446533203e+00
2.381439507007598877e-02 -3.314780443906784058e-02 1.176067471504211426e+00
2.510793507099151611e-02 -3.756496682763099670e-02 1.059663414955139160e+00
2.822671830654144287e-02 -4.579702019691467285e-02 1.178181648254394531e+00
9.497161209583282471e-02 -7.451370358467102051e-02 1.252992868423461914e+00
5.640019476413726807e-02 -4.734131693840026855e-02 1.132919907569885254e+00
-4.038231074810028076e-02 -1.801221258938312531e-02 1.067931175231933594e+00
-3.041498363018035889e-02 -2.329394407570362091e-02 1.058720111846923828e+00
-7.305245101451873779e-02 -2.601898647844791412e-02 1.159440279006958008e+00
-9.020085632801055908e-02 -1.638414897024631500e-02 1.177730917930603027e+00
-6.831745803356170654e-02 -6.586896255612373352e-03 1.179288625717163086e+00
-2.484656870365142822e-02 -8.399040438234806061e-03 1.167616367340087891e+00
-7.240667939186096191e-03 -1.382004283368587494e-02 1.104233026504516602e+00
-7.419194281101226807e-02 -1.113086100667715073e-02 1.091469407081604004e+00
-4.140616953372955322e-02 -9.476441890001296997e-03 1.074011206626892090e+00
4.164244234561920166e-02 -2.569188177585601807e-02 9.978887438774108887e-01
5.113710463047027588e-02 -2.624505572021007538e-02 1.008954644203186035e+00
-8.671775460243225098e-03 -1.362887956202030182e-02 1.049895882606506348e+00
-5.276028811931610107e-02 -1.348877325654029846e-03 1.009992122650146484e+00
-6.933595240116119385e-02 6.558503955602645874e-04 1.112062692642211914e+00
-1.142348200082778931e-01 -4.718046635389328003e-03 1.099167108535766602e+00
-7.218919694423675537e-02 2.226410433650016785e-03 1.055351734161376953e+00
-1.843346655368804932e-02 -2.454604022204875946e-02 1.076918125152587891e+00
1.058493405580520630e-01 -3.341940790414810181e-02 1.166422963142395020e+00
-3.465041518211364746e-03 -2.308756671845912933e-02 1.035799026489257812e+00
2.172942459583282471e-02 -7.507344707846641541e-03 1.037870883941650391e+00
-5.552782118320465088e-02 -3.485576249659061432e-03 1.084100604057312012e+00
-8.697603642940521240e-02 1.003889180719852448e-02 9.932271242141723633e-01
-1.139485388994216919e-01 -5.472792312502861023e-03 1.090105891227722168e+00
-1.549965888261795044e-01 5.795395001769065857e-03 1.111206173896789551e+00
-1.896927207708358765e-01 2.273549325764179230e-02 1.192932248115539551e+00
-1.141913682222366333e-01 1.548953168094158173e-02 1.066413521766662598e+00
-1.126139909029006958e-01 3.605266660451889038e-02 1.153379917144775391e+00
-7.721315324306488037e-02 1.107224635779857635e-02 9.503688216209411621e-01
-3.435032069683074951e-02 -1.233686320483684540e-02 9.820908308029174805e-01
4.119051992893218994e-02 -3.382004052400588989e-02 9.918847084045410156e-01
-7.333825528621673584e-02 -6.853511556982994080e-03 9.645389914512634277e-01
1.635923981666564941e-03 -9.883398190140724182e-03 9.255821704864501953e-01
-1.215468347072601318e-02 -1.094548217952251434e-02 1.007336616516113281e+00
-3.222154080867767334e-02 -1.531599089503288269e-03 9.869769215583801270e-01
-5.464749038219451904e-02 -1.376890949904918671e-02 9.204188585281372070e-01
-4.313059151172637939e-02 -1.290382817387580872e-02 8.774548172950744629e-01
-4.497751593589782715e-03 -2.100637741386890411e-02 7.572612166404724121e-01
1.975490152835845947e-02 -2.890926040709018707e-02 7.784162759780883789e-01
6.639255583286285400e-02 -2.614565379917621613e-02 7.775335311889648438e-01
1.057733595371246338e-02 -2.754654176533222198e-02 8.214148283004760742e-01
2.776548266410827637e-03 -1.875507272779941559e-02 8.595643043518066406e-01
-1.358403265476226807e-02 -1.439348049461841583e-02 8.726998567581176758e-01
-4.628868401050567627e-02 -2.371140196919441223e-02 8.842268586158752441e-01
-5.459265410900115967e-02 -1.841000653803348541e-02 8.720185756683349609e-01
-2.670739591121673584e-02 -1.971914805471897125e-02 8.782383203506469727e-01
-2.425383031368255615e-02 -2.144070342183113098e-03 8.898622989654541016e-01
-2.902261912822723389e-02 -2.683783881366252899e-03 8.611043691635131836e-01
-1.468434929847717285e-03 -2.367258071899414062e-02 7.426694035530090332e-01
-1.806513965129852295e-02 -4.557715356349945068e-02 8.187378644943237305e-01
-6.778076291084289551e-03 -3.110012225806713104e-02 8.843577504158020020e-01
-1.512472331523895264e-02 -4.593646526336669922e-02 7.930498123168945312e-01
-9.301200509071350098e-03 -3.311796486377716064e-02 7.723467946052551270e-01
6.670489907264709473e-03 -3.298075497150421143e-02 7.956017255783081055e-01
-1.996393501758575439e-02 -3.569403290748596191e-02 8.495694398880004883e-01
-6.069019436836242676e-03 -1.286975108087062836e-02 8.842133879661560059e-01
4.515483975410461426e-03 -1.669241301715373993e-02 8.559796214103698730e-01
4.701082408428192139e-02 -1.084593310952186584e-02 8.379386663436889648e-01
7.659181952476501465e-03 -2.528408914804458618e-02 8.488956093788146973e-01
-3.812099993228912354e-02 -2.405670285224914551e-02 9.198483228683471680e-01
1.173238456249237061e-02 -2.907625958323478699e-02 8.906024694442749023e-01
-2.363754808902740479e-02 -1.654327288269996643e-02 8.766104578971862793e-01
-5.422528088092803955e-02 -3.594008088111877441e-02 8.218806385993957520e-01
-6.391142308712005615e-02 -2.987807989120483398e-02 8.943931460380554199e-01
-4.251916706562042236e-02 -1.915267109870910645e-02 9.726402163505554199e-01
-5.709864199161529541e-02 -2.755768969655036926e-02 8.897327184677124023e-01
-4.022787511348724365e-02 -7.093435153365135193e-03 8.522276282310485840e-01
-2.875255048274993896e-02 -1.086219213902950287e-02 8.298901319503784180e-01
-2.881182730197906494e-02 -9.223287925124168396e-03 7.835155725479125977e-01
-3.756597638130187988e-03 -1.310639642179012299e-02 7.375128865242004395e-01
2.818837761878967285e-03 -6.139898672699928284e-03 7.754170298576354980e-01
1.420713961124420166e-02 -1.607005856931209564e-02 8.148170113563537598e-01
7.351718842983245850e-02 -2.999891899526119232e-02 7.103632688522338867e-01
5.235387384891510010e-02 -4.812632501125335693e-02 7.326413393020629883e-01
2.793304622173309326e-02 -3.800714761018753052e-02 7.695057392120361328e-01
5.008910596370697021e-02 -4.130074381828308105e-02 7.742850780487060547e-01
1.703961193561553955e-02 -3.517680987715721130e-02 8.247720599174499512e-01
4.428671300411224365e-02 -3.922907263040542603e-02 7.675058245658874512e-01
5.587913095951080322e-02 -2.663029357790946960e-02 7.369048595428466797e-01
7.931800186634063721e-02 -2.818374149501323700e-02 7.255664467811584473e-01
5.469353497028350830e-02 -2.843412384390830994e-02 7.546529173851013184e-01
6.715972721576690674e-02 -2.578234113752841949e-02 8.073346018791198730e-01
3.562785685062408447e-02 -3.317004442214965820e-02 8.738621473312377930e-01
1.505942642688751221e-02 -3.795082867145538330e-02 8.677412867546081543e-01
-1.242281496524810791e-02 -4.734597355127334595e-02 8.609720468521118164e-01
-1.742094755172729492e-04 -3.252002596855163574e-02 8.331741690635681152e-01
-7.914021611213684082e-03 -3.573686629533767700e-02 8.876169919967651367e-01
4.981085658073425293e-03 -3.724122047424316406e-02 9.079282283782958984e-01
1.555056869983673096e-02 -4.564621299505233765e-02 8.858343362808227539e-01
3.018505871295928955e-02 -4.620962589979171753e-02 8.857148289680480957e-01
3.690917789936065674e-02 -2.663693390786647797e-02 8.821782469749450684e-01
6.007567048072814941e-03 -1.990126632153987885e-02 9.549564719200134277e-01
6.439484655857086182e-02 -3.301580250263214111e-02 9.186175465583801270e-01
1.775331795215606689e-02 -3.142444789409637451e-02 9.004491567611694336e-01
4.575492441654205322e-02 -2.497932501137256622e-02 8.266109824180603027e-01
7.884159684181213379e-03 -1.737334765493869781e-02 8.773094415664672852e-01
-2.808986604213714600e-02 -1.206302084028720856e-02 9.179210066795349121e-01
-5.007086694240570068e-02 -2.044465579092502594e-02 9.717019796371459961e-01
8.304610848426818848e-03 -1.100542582571506500e-02 9.313617348670959473e-01
-2.944335341453552246e-03 -1.681404188275337219e-03 8.917417526245117188e-01
3.504253923892974854e-02 -1.578347757458686829e-03 8.193800449371337891e-01
-3.041867911815643311e-02 1.022563688457012177e-02 9.281810522079467773e-01
-3.272579610347747803e-02 1.737403683364391327e-02 9.216517806053161621e-01
-8.231982588768005371e-03 1.443810574710369110e-02 9.421122074127197266e-01
-1.388387382030487061e-02 2.128524705767631531e-03 9.650861620903015137e-01
1.811578869819641113e-03 -9.508581832051277161e-03 8.924934267997741699e-01
-5.959942936897277832e-03 -1.863487996160984039e-02 8.975233435630798340e-01
4.758019745349884033e-02 -1.632640324532985687e-02 8.389210700988769531e-01
5.857326090335845947e-02 -7.517578080296516418e-03 8.829903602600097656e-01
1.234345138072967529e-02 -6.409550085663795471e-03 9.887031912803649902e-01
7.009655237197875977e-04 -5.216864868998527527e-03 9.000153541564941406e-01
-1.207132637500762939e-02 -9.133672341704368591e-03 9.387841820716857910e-01
-3.135845065116882324e-03 -9.692208841443061829e-03 9.477440118789672852e-01
-1.223880052566528320e-02 -1.469358988106250763e-02 9.677376151084899902e-01
-1.617737114429473877e-02 -1.926826871931552887e-02 9.866403937339782715e-01
-5.436855554580688477e-02 -2.677513286471366882e-02 1.019131064414978027e+00
-5.533713102340698242e-02 -2.988440170884132385e-02 1.011591315269470215e+00
-2.684496343135833740e-02 -3.179855272173881531e-02 9.743027091026306152e-01
-4.653562605381011963e-02 -2.610895037651062012e-02 9.791687726974487305e-01
-3.370021283626556396e-02 -2.411207742989063263e-02 1.036102890968322754e+00
-1.212440431118011475e-02 -2.030128613114356995e-02 1.058113455772399902e+00
1.148565113544464111e-02 -3.003426641225814819e-02 1.064443469047546387e+00
3.185574710369110107e-02 -1.347595453262329102e-02 9.923763871192932129e-01
1.686851680278778076e-02 -1.405832730233669281e-02 1.031201839447021484e+00
-1.849974691867828369e-02 -1.606023684144020081e-02 1.050031423568725586e+00
-2.187393605709075928e-02 -1.507654227316379547e-02 1.077627062797546387e+00
-2.704595029354095459e-02 -8.723389357328414917e-03 1.075265645980834961e+00
