0.000000000000000000e+00 0.000000000000000000e+00 0.000000000000000000e+00
-2.214521169662475586e-03 1.961014233529567719e-02 -3.411155939102172852e-02
-1.770853996276855469e-04 2.063538879156112671e-03 7.020133733749389648e-02
-4.074767231941223145e-02 3.402076661586761475e-03 -3.470063209533691406e-02
5.664327740669250488e-02 -1.039337366819381714e-03 -7.448291778564453125e-02
-5.731183290481567383e-02 -4.165127873420715332e-03 1.826225519180297852e-01
-1.185640692710876465e-02 -4.939114674925804138e-03 -1.256741285324096680e-01
2.660226821899414062e-02 4.788784310221672058e-03 4.869747161865234375e-02
-4.798579216003417969e-02 2.751145511865615845e-04 9.099316596984863281e-02
1.552695035934448242e-02 -4.655780270695686340e-03 3.475069999694824219e-02
-8.721649646759033203e-03 3.719247877597808838e-03 3.015506267547607422e-02
1.230965256690979004e-01 -1.857065968215465546e-02 -6.470382213592529297e-02
-6.411677598953247070e-02 2.368895523250102997e-02 -1.777112483978271484e-02
4.473501443862915039e-02 -3.363363444805145264e-03 -1.154577732086181641e-02
-3.261813521385192871e-02 6.150379776954650879e-04 -4.767763614654541016e-02
-2.477347850799560547e-02 -9.284734725952148438e-03 -6.014192104339599609e-02
-5.081620812416076660e-02 4.051174968481063843e-03 7.548058032989501953e-02
8.139541745185852051e-02 -2.379299886524677277e-02 6.680977344512939453e-02
7.249602675437927246e-02 -2.489492297172546387e-03 4.459059238433837891e-02
-6.901520490646362305e-02 1.106400042772293091e-02 1.133298873901367188e-02
6.750708818435668945e-02 -6.034106016159057617e-03 9.128570556640625000e-02
-5.041229724884033203e-02 2.485983073711395264e-03 -1.990338563919067383e-01
-2.623796463012695312e-03 -3.850076347589492798e-03 1.384007930755615234e-02
-9.168443083763122559e-02 1.908688433468341827e-02 -1.549720764160156250e-06
-6.143468618392944336e-02 9.013819508254528046e-03 3.910481929779052734e-02
1.136945784091949463e-01 1.913270913064479828e-03 -1.131474971771240234e-02
4.802241921424865723e-02 3.061792813241481781e-03 -3.170454502105712891e-02
-7.499158382415771484e-02 2.924218401312828064e-02 3.051555156707763672e-02
5.595603585243225098e-02 -5.705314129590988159e-02 -1.770365238189697266e-02
6.853145360946655273e-02 8.971691131591796875e-04 5.577027797698974609e-02
8.983677625656127930e-02 1.310480013489723206e-02 1.305347681045532227e-01
-7.399731874465942383e-02 -3.801592439413070679e-02 -3.834748268127441406e-02
1.487990617752075195e-01 -2.704948186874389648e-02 4.290568828582763672e-02
-9.697151184082031250e-02 -2.037959545850753784e-02 -6.806623935699462891e-02
-3.853827714920043945e-02 1.199361681938171387e-02 -5.076813697814941406e-02
-1.368608474731445312e-01 5.858684331178665161e-02 -1.396787166595458984e-02
5.363464355468750000e-03 -1.084778457880020142e-02 -1.348590850830078125e-02
2.856552600860595703e-02 -1.423678547143936157e-02 -3.056406974792480469e-02
7.955223321914672852e-02 4.712857306003570557e-03 5.665302276611328125e-03
-7.078504562377929688e-02 1.294471323490142822e-03 5.217766761779785156e-02
8.149445056915283203e-03 1.609526574611663818e-03 -3.768861293792724609e-02
1.400597691535949707e-01 2.906821668148040771e-03 -1.697477698326110840e-01
-1.434506773948669434e-01 1.831751689314842224e-02 3.616458177566528320e-02
7.464224100112915039e-02 -6.140470877289772034e-02 1.528263092041015625e-01
-1.869612634181976318e-01 6.102316081523895264e-02 -1.565625667572021484e-01
4.760426282882690430e-02 2.628274261951446533e-03 2.518665790557861328e-02
-4.900792241096496582e-02 1.912935636937618256e-02 -1.788330078125000000e-02
-2.904653549194335938e-03 -5.456836894154548645e-03 -2.988141775131225586e-02
2.086848020553588867e-03 7.242629304528236389e-03 6.285887956619262695e-02
3.048577904701232910e-02 6.351247429847717285e-05 7.810854911804199219e-02
1.744198799133300781e-02 6.545595824718475342e-04 -2.368319034576416016e-02
7.777211070060729980e-02 -3.916833549737930298e-03 -2.344976663589477539e-01
-1.740634441375732422e-02 -4.929717630147933960e-03 6.324392557144165039e-02
-4.745405912399291992e-02 1.386750489473342896e-03 1.608421206474304199e-01
-1.366606354713439941e-02 -7.278822362422943115e-03 -6.130337715148925781e-02
-6.407439708709716797e-03 -2.330362796783447266e-03 5.897462368011474609e-02
2.463603019714355469e-02 6.705792620778083801e-03 7.921457290649414062e-03
-6.607091426849365234e-02 3.160081803798675537e-03 -8.813977241516113281e-03
6.650131940841674805e-02 1.701133325695991516e-03 -9.251356124877929688e-03
2.842485904693603516e-03 -7.348695769906044006e-03 1.797032356262207031e-02
-5.790707468986511230e-02 3.425680100917816162e-03 4.293406009674072266e-02
2.568522095680236816e-02 -7.800316438078880310e-03 -3.740859031677246094e-02
1.014363765716552734e-02 1.040378399193286896e-02 -4.763209819793701172e-02
3.295767307281494141e-02 -1.879706978797912598e-03 -1.040840744972229004e-01
-1.417705416679382324e-02 1.817676983773708344e-02 -1.084775328636169434e-01
2.322271466255187988e-02 -6.420154124498367310e-03 5.263268947601318359e-02
-1.672935485839843750e-02 -1.377698406577110291e-02 8.509081602096557617e-02
-3.211551904678344727e-02 1.461140438914299011e-02 5.203783512115478516e-03
7.793164253234863281e-02 -1.013262011110782623e-02 -1.919168233871459961e-02
4.878818988800048828e-02 4.954144358634948730e-03 -4.966813325881958008e-02
-1.092431843280792236e-01 -1.126343011856079102e-02 4.198420047760009766e-02
2.446281909942626953e-02 -5.787845700979232788e-03 -2.886641025543212891e-02
-2.038738131523132324e-02 -8.758287876844406128e-03 1.763250827789306641e-01
-3.855600953102111816e-02 7.660599425435066223e-03 -4.965662956237792969e-03
2.160504460334777832e-02 -8.863316848874092102e-03 4.777669906616210938e-02
3.291851282119750977e-02 -8.683025836944580078e-03 1.176595687866210938e-02
-1.816624402999877930e-02 3.696367144584655762e-03 -2.521204948425292969e-02
1.354777812957763672e-02 2.834156155586242676e-03 4.484283924102783203e-02
1.060672700405120850e-01 -2.135343104600906372e-02 4.062712192535400391e-02
-2.405652403831481934e-02 -1.881621778011322021e-03 -4.098558425903320312e-02
-3.073513507843017578e-03 4.117392003536224365e-03 8.699011802673339844e-02
-3.147330880165100098e-02 6.405338644981384277e-03 -5.294215679168701172e-02
2.537271380424499512e-02 -9.775608777999877930e-03 -2.166104316711425781e-02
-3.869453072547912598e-02 3.574810922145843506e-03 -3.149402141571044922e-02
-1.017886400222778320e-01 2.114460244774818420e-02 -1.620173454284667969e-02
3.349670767784118652e-02 -1.168750226497650146e-03 1.674914360046386719e-02
5.698868632316589355e-02 -2.136468514800071716e-02 1.472938060760498047e-02
5.982059240341186523e-02 -3.491938114166259766e-04 5.210995674133300781e-03
-2.212637662887573242e-02 1.054249703884124756e-03 -1.737785339355468750e-02
4.691362380981445312e-03 -9.501203894615173340e-04 1.871049404144287109e-02
-7.885822653770446777e-02 1.255095005035400391e-02 5.506455898284912109e-02
-4.067012667655944824e-02 4.875734448432922363e-03 2.246868610382080078e-02
3.202974796295166016e-02 -2.774924039840698242e-03 -3.962540626525878906e-02
-2.703264355659484863e-02 9.144797921180725098e-03 1.191008090972900391e-02
-4.926502704620361328e-03 -4.253726452589035034e-03 -7.324218750000000000e-03
-4.786449670791625977e-02 5.557265132665634155e-03 -7.827281951904296875e-03
-4.839941859245300293e-02 1.351118087768554688e-02 4.713773727416992188e-03
-5.060523748397827148e-03 7.972891442477703094e-03 6.278634071350097656e-03
1.266515552997589111e-01 -1.647010818123817444e-02 -2.687954902648925781e-02
-1.836407184600830078e-02 -3.456845879554748535e-03 -3.512740135192871094e-03
3.522375226020812988e-02 -9.856566786766052246e-03 -5.429804325103759766e-02
2.613589167594909668e-02 2.936989068984985352e-03 1.053905487060546875e-02
-1.912397146224975586e-02 7.725492119789123535e-03 4.376697540283203125e-02
-4.132017493247985840e-02 8.623525500297546387e-04 9.310364723205566406e-03
-2.400195598602294922e-02 5.169685930013656616e-03 -7.291698455810546875e-02
5.413156747817993164e-02 -8.007045835256576538e-03 7.434248924255371094e-02
-1.488280296325683594e-02 -5.197055637836456299e-03 2.395939826965332031e-02
5.480647087097167969e-03 8.982419967651367188e-05 -1.023626327514648438e-02
1.012086868286132812e-04 3.561526536941528320e-03 -5.052328109741210938e-02
-5.954051017761230469e-02 7.383456453680992126e-03 7.215619087219238281e-02
1.119769215583801270e-01 -1.475357823073863983e-02 5.159842967987060547e-02
1.515530943870544434e-01 -2.783250808715820312e-02 5.394327640533447266e-02
-2.034232616424560547e-01 4.053056985139846802e-02 -1.134384870529174805e-01
7.539272308349609375e-03 1.759827136993408203e-05 1.479506492614746094e-03
9.221899509429931641e-02 -1.414429955184459686e-02 2.925813198089599609e-02
-9.624099731445312500e-02 1.329769380390644073e-02 8.298158645629882812e-03
-1.041078567504882812e-02 2.048148959875106812e-02 4.030466079711914062e-04
6.557458639144897461e-02 -2.056057564914226532e-02 -4.843437671661376953e-02
-3.208965063095092773e-02 4.823915660381317139e-04 -4.211246967315673828e-02
3.156298398971557617e-02 4.966259002685546875e-04 6.095063686370849609e-02
1.913309097290039062e-03 -1.577369123697280884e-02 5.505466461181640625e-02
-2.184039354324340820e-02 6.836786866188049316e-03 -1.141853332519531250e-01
6.179869174957275391e-03 5.236402153968811035e-03 -1.384472846984863281e-02
-5.686753988265991211e-02 1.794042065739631653e-03 8.323311805725097656e-03
4.154860973358154297e-02 -1.313682831823825836e-02 5.869197845458984375e-02
6.526708602905273438e-05 3.179229795932769775e-03 -8.829402923583984375e-02
6.712031364440917969e-02 1.823991537094116211e-03 2.334368228912353516e-02
4.931092262268066406e-04 -2.474613487720489502e-03 2.541756629943847656e-02
-3.374624252319335938e-02 1.680499315261840820e-02 -3.219532966613769531e-02
6.499350070953369141e-03 -6.902866065502166748e-03 6.935477256774902344e-02
-7.248491048812866211e-02 -1.350753009319305420e-03 -2.985048294067382812e-02
4.931354522705078125e-02 -2.816669642925262451e-03 -2.260327339172363281e-03
1.131368875503540039e-01 -2.062395215034484863e-02 4.797399044036865234e-02
-4.779368638992309570e-02 6.971299648284912109e-03 -7.514548301696777344e-02
-2.311888337135314941e-02 8.213557302951812744e-03 2.066731452941894531e-03
-7.818275690078735352e-02 1.738023199141025543e-02 -9.046161174774169922e-02
-9.387096762657165527e-02 5.934763699769973755e-03 5.930614471435546875e-02
6.672358512878417969e-02 -7.495908066630363464e-03 -5.286037921905517578e-02
6.064984202384948730e-02 -1.314043998718261719e-02 1.515150070190429688e-02
4.189968109130859375e-03 -1.626104116439819336e-03 6.299018859863281250e-03
-8.255383372306823730e-02 1.815125159919261932e-02 7.508862018585205078e-02
1.045553684234619141e-01 -6.066069006919860840e-03 -7.317066192626953125e-04
4.906117916107177734e-03 -1.656055264174938202e-02 -8.369719982147216797e-02
7.241547107696533203e-02 -2.357360720634460449e-02 1.218599081039428711e-01
-4.983532428741455078e-02 2.110921964049339294e-02 -9.854769706726074219e-02
-9.778147935867309570e-02 2.269859984517097473e-02 -9.429335594177246094e-02
-2.090138196945190430e-02 6.099944934248924255e-03 -1.372206211090087891e-02
2.073347568511962891e-02 -5.035616457462310791e-03 3.475308418273925781e-02
-9.528636932373046875e-03 -9.054690599441528320e-04 1.138163805007934570e-01
-4.940301179885864258e-03 1.067980006337165833e-02 2.255547046661376953e-02
1.833879947662353516e-02 4.260651767253875732e-04 -1.296162605285644531e-03
9.409427642822265625e-03 1.459732651710510254e-03 -1.434353590011596680e-01
3.031271696090698242e-02 -2.441607415676116943e-03 8.437085151672363281e-02
-4.729336500167846680e-02 -8.137999102473258972e-03 -2.923393249511718750e-02
-5.140116810798645020e-02 8.406608365476131439e-03 1.458907127380371094e-02
9.838342666625976562e-04 5.185906775295734406e-03 -2.261006832122802734e-02
8.428013324737548828e-02 -3.778358921408653259e-03 -1.150649785995483398e-01
2.687126398086547852e-02 -9.612016379833221436e-03 4.407835006713867188e-02
-8.385261893272399902e-02 2.026455104351043701e-02 -3.767764568328857422e-02
7.493570446968078613e-02 -1.032575219869613647e-02 4.315757751464843750e-02
-7.667544484138488770e-02 8.624389767646789551e-03 3.737127780914306641e-02
-5.035686492919921875e-02 1.337267085909843445e-02 1.771750450134277344e-01
2.382993698120117188e-02 -6.652554497122764587e-03 -1.444971561431884766e-01
4.153397679328918457e-02 -1.255935989320278168e-02 6.420266628265380859e-02
2.475833892822265625e-02 -1.898621767759323120e-02 -2.944171428680419922e-02
1.485958099365234375e-01 -2.093472145497798920e-02 5.962383747100830078e-02
-7.955932617187500000e-02 1.833464577794075012e-02 -1.017063856124877930e-01
-2.949273586273193359e-02 1.962999813258647919e-02 -3.435182571411132812e-02
-5.331620573997497559e-02 1.522803679108619690e-03 1.170110702514648438e-02
-6.906092166900634766e-03 4.504205659031867981e-03 -5.095541477203369141e-02
-2.478653192520141602e-02 2.683274447917938232e-03 1.480388641357421875e-02
-3.797066211700439453e-02 4.815764725208282471e-03 4.147624969482421875e-02
-5.949860811233520508e-02 1.239865086972713470e-02 1.341480016708374023e-01
1.278880238533020020e-02 7.724946364760398865e-03 -9.688615798950195312e-03
9.797805547714233398e-02 -8.437685668468475342e-03 -1.419126987457275391e-01
-6.008651852607727051e-02 2.127285860478878021e-02 1.005369424819946289e-01
5.918714404106140137e-02 -1.849607191979885101e-02 -1.174107789993286133e-01
2.430883049964904785e-02 -8.852992206811904907e-03 -9.848117828369140625e-03
1.287702023983001709e-01 -4.533206671476364136e-02 -6.187438964843750000e-02
-2.399104833602905273e-02 -7.628910243511199951e-03 2.898073196411132812e-02
-1.294642686843872070e-01 2.832620404660701752e-02 -1.165866851806640625e-04
2.777636051177978516e-02 1.847245544195175171e-02 -7.363528013229370117e-02
6.021618843078613281e-03 -1.388049684464931488e-02 5.865967273712158203e-02
1.125586032867431641e-02 -3.189835697412490845e-03 -5.329108238220214844e-02
-1.952782273292541504e-02 9.750338271260261536e-03 8.883714675903320312e-03
-2.686843276023864746e-02 -5.326282232999801636e-03 -2.094924449920654297e-02
2.047491073608398438e-02 5.331351421773433685e-03 -9.656608104705810547e-03
8.556675910949707031e-02 -2.140852436423301697e-02 -1.208279132843017578e-01
-2.261966466903686523e-02 2.887358888983726501e-03 5.693078041076660156e-03
7.895439863204956055e-03 -4.351157695055007935e-03 -1.706063747406005859e-02
1.666608452796936035e-02 8.712112903594970703e-04 6.453889608383178711e-02
-3.276121616363525391e-02 -1.625139266252517700e-03 -3.642600774765014648e-02
2.752602100372314453e-03 6.123602390289306641e-03 5.078917741775512695e-02
6.494760513305664062e-03 1.636547967791557312e-02 -1.227980852127075195e-02
-5.668228864669799805e-02 -4.100441932678222656e-03 -2.930873632431030273e-02
-2.958884835243225098e-02 -1.250268332660198212e-02 4.963511228561401367e-02
2.222585678100585938e-02 3.427386283874511719e-03 6.355094909667968750e-02
6.098747253417968750e-04 -3.259742632508277893e-03 3.808069229125976562e-02
2.639383077621459961e-03 3.494499251246452332e-03 -5.569905042648315430e-02
-7.196217775344848633e-03 -9.393792599439620972e-03 3.930401802062988281e-02
2.029135823249816895e-02 2.252535521984100342e-02 -1.200986504554748535e-01
-3.709867596626281738e-02 -2.361193671822547913e-02 8.914411067962646484e-03
4.048314690589904785e-02 5.523514002561569214e-03 7.769465446472167969e-02
-3.551590442657470703e-02 -5.285630002617835999e-03 2.406710386276245117e-02
1.707005500793457031e-02 -4.937086254358291626e-03 -4.232883453369140625e-02
1.852452754974365234e-03 7.989009842276573181e-03 5.979120731353759766e-03
2.634093165397644043e-02 -7.321836426854133606e-03 1.738888025283813477e-02
-2.528986334800720215e-02 8.538685739040374756e-03 -1.096957921981811523e-02
3.783604502677917480e-02 8.921833708882331848e-03 3.932172060012817383e-02
2.742144465446472168e-02 5.774513818323612213e-03 -4.009896516799926758e-02
1.247763633728027344e-02 4.772907122969627380e-04 5.726605653762817383e-02
7.257789373397827148e-03 -1.275166869163513184e-04 -1.228722333908081055e-01
-5.405509471893310547e-02 -9.173907339572906494e-03 1.072322726249694824e-01
4.173016548156738281e-02 3.657605499029159546e-03 3.036832809448242188e-02
-2.772518992424011230e-02 2.411449328064918518e-03 -1.290043592453002930e-01
5.616602301597595215e-02 -6.089657545089721680e-03 -4.060304164886474609e-02
-7.885316014289855957e-02 -1.332313939929008484e-02 4.812300205230712891e-02
-6.033247709274291992e-02 1.344823464751243591e-02 -7.450300455093383789e-02
2.951645851135253906e-02 -8.472241461277008057e-03 5.856931209564208984e-02
-7.618427276611328125e-03 8.709633722901344299e-03 2.237451076507568359e-02
6.301993131637573242e-02 1.657682657241821289e-02 -6.766438484191894531e-03
2.520507574081420898e-02 -1.018463447690010071e-02 -6.115686893463134766e-02
-2.611848711967468262e-02 2.077613025903701782e-03 4.208087921142578125e-05
-2.429941296577453613e-02 1.128297671675682068e-02 -2.276217937469482422e-02
1.879429817199707031e-02 -1.063404977321624756e-02 5.793637037277221680e-02
-6.314933300018310547e-03 9.363811463117599487e-03 1.655757427215576172e-03
7.801157236099243164e-02 -3.841111809015274048e-02 -8.894526958465576172e-02
-6.924331188201904297e-03 -6.266411393880844116e-03 -2.914488315582275391e-02
-3.137448430061340332e-02 3.365889191627502441e-03 5.618333816528320312e-03
4.144576191902160645e-02 7.044523954391479492e-03 1.307052373886108398e-02
-4.389917850494384766e-02 9.208252653479576111e-03 8.368211984634399414e-02
-4.412370920181274414e-02 -1.749300770461559296e-02 -6.497448682785034180e-02
9.560436010360717773e-02 1.222938112914562225e-02 -2.962118387222290039e-02
-1.386678218841552734e-02 1.487301662564277649e-03 -1.763081550598144531e-02
1.505431532859802246e-02 -2.055093646049499512e-03 5.227267742156982422e-02
-1.148965954780578613e-02 -2.828091382980346680e-04 1.970952749252319336e-02
-2.027702331542968750e-02 1.339502632617950439e-03 8.440303802490234375e-02
-8.989989757537841797e-03 -3.287035971879959106e-03 -4.608631134033203125e-03
-2.424180507659912109e-02 -7.723722606897354126e-03 -3.483080863952636719e-02
-2.371490001678466797e-03 1.769615337252616882e-02 -3.908514976501464844e-03
-1.503211259841918945e-02 4.925765097141265869e-04 7.250076532363891602e-02
3.148114681243896484e-02 -1.839529722929000854e-03 -1.686573028564453125e-02
9.458750486373901367e-03 -1.797989383339881897e-02 -4.744189977645874023e-02
2.491906285285949707e-02 2.663560211658477783e-03 1.274704933166503906e-02
-1.335644721984863281e-02 1.797430217266082764e-03 2.082586288452148438e-04
1.056253910064697266e-02 2.485620044171810150e-02 6.247937679290771484e-03
-4.061168432235717773e-02 -5.620118230581283569e-03 3.710949420928955078e-02
5.152976512908935547e-02 3.306601196527481079e-03 2.664428949356079102e-02
-3.990745544433593750e-02 -1.050124317407608032e-02 -3.058648109436035156e-02
3.587323427200317383e-02 4.137732088565826416e-03 -5.512589216232299805e-02
-3.409141302108764648e-02 1.564428210258483887e-03 2.213072776794433594e-02
-5.670565366744995117e-02 6.179727613925933838e-03 6.624794006347656250e-02
5.432164669036865234e-02 -9.821616113185882568e-03 4.318201541900634766e-02
-2.005720138549804688e-02 5.119584500789642334e-03 -3.023946285247802734e-02
2.446526288986206055e-02 3.567747771739959717e-03 -4.972052574157714844e-02
-1.424068212509155273e-02 1.351827383041381836e-02 -8.921205997467041016e-03
-8.391380310058593750e-03 6.870090961456298828e-03 5.698740482330322266e-03
2.537685632705688477e-02 -3.198251128196716309e-03 2.150613069534301758e-02
-3.393244743347167969e-02 1.325966417789459229e-02 -9.057104587554931641e-03
-2.785921096801757812e-04 -2.862662076950073242e-03 -1.707476377487182617e-02
2.572947740554809570e-02 -1.151178777217864990e-02 1.389086246490478516e-02
-5.179429054260253906e-02 -7.191628217697143555e-03 -1.138865947723388672e-03
2.231594920158386230e-02 1.071981340646743774e-02 2.968055009841918945e-02
4.029944539070129395e-02 -1.541751623153686523e-02 -5.476325750350952148e-02
4.867655038833618164e-02 5.347542464733123779e-03 -2.259140610694885254e-01
-1.867163181304931641e-02 -2.177976071834564209e-03 2.059266567230224609e-01
-5.178815126419067383e-02 9.065337479114532471e-03 2.526199817657470703e-02
-5.681136250495910645e-02 -5.131930112838745117e-03 4.249256849288940430e-02
-1.793593168258666992e-03 -1.519926637411117554e-02 2.225220203399658203e-02
4.003798961639404297e-02 1.697073504328727722e-02 -5.241829156875610352e-02
-6.835654377937316895e-02 -1.039021089673042297e-02 2.609354257583618164e-02
4.102180898189544678e-02 -9.840380400419235229e-03 -5.016207695007324219e-03
-2.909125387668609619e-02 2.164738252758979797e-03 5.690824985504150391e-02
1.824378967285156250e-03 6.641615182161331177e-04 -1.681244373321533203e-02
3.762203454971313477e-02 -6.062231957912445068e-03 -2.727711200714111328e-02
-4.880517721176147461e-03 -8.204808458685874939e-03 -6.999427080154418945e-02
-3.743031620979309082e-02 9.861951693892478943e-03 2.331143617630004883e-02
-7.938641309738159180e-02 8.391037583351135254e-03 2.188336849212646484e-02
2.947606146335601807e-02 -9.561382234096527100e-03 -1.611870527267456055e-02
2.736623585224151611e-02 4.602596163749694824e-03 -8.392518758773803711e-02
-3.738981485366821289e-02 3.902800381183624268e-04 1.461356878280639648e-02
-3.957064449787139893e-02 -1.165226288139820099e-02 9.089350700378417969e-03
-5.118931829929351807e-02 3.710513934493064880e-03 -6.965661048889160156e-02
-1.291528344154357910e-02 4.934931173920631409e-03 2.514415979385375977e-02
-5.488805472850799561e-02 7.987027987837791443e-03 9.503191709518432617e-02
4.945935308933258057e-02 -1.358855515718460083e-04 3.096395730972290039e-02
-1.284823566675186157e-01 -9.346585720777511597e-04 2.984446287155151367e-02
-6.314063072204589844e-02 2.506252005696296692e-02 -2.396404743194580078e-03
7.805585861206054688e-03 2.344828099012374878e-03 -5.263596773147583008e-02
1.082980632781982422e-02 -2.492317929863929749e-02 -5.729818344116210938e-02
-1.553370356559753418e-01 1.144229434430599213e-02 6.224995851516723633e-02
1.052039861679077148e-02 -1.780923455953598022e-03 -7.149726152420043945e-02
-2.923029661178588867e-02 -1.293038949370384216e-03 -1.089405417442321777e-01
-1.006542444229125977e-01 1.306004077196121216e-02 -4.209613800048828125e-02
2.485275268554687500e-02 -1.530317217111587524e-02 -1.852104961872100830e-01
-1.695513725280761719e-02 9.176831692457199097e-03 -7.001349329948425293e-02
-4.204392433166503906e-02 2.572760730981826782e-02 -5.164369940757751465e-02
-2.919173240661621094e-02 -1.135464385151863098e-02 -4.354009032249450684e-02
-1.413391828536987305e-01 2.446828223764896393e-02 1.063755154609680176e-01
5.257058143615722656e-02 -1.047034002840518951e-02 -2.075019180774688721e-01
1.525759696960449219e-03 5.537429824471473694e-03 -1.712450385093688965e-01
7.461428642272949219e-03 -3.652721643447875977e-04 8.336782455444335938e-03
7.202255725860595703e-02 -1.401877589523792267e-02 -6.317701935768127441e-02
-1.864910125732421875e-03 4.247851669788360596e-03 5.079567432403564453e-03
7.832705974578857422e-02 -5.546979606151580811e-03 -1.437044441699981689e-01
1.044556498527526855e-01 -1.038141548633575439e-03 -7.527840137481689453e-02
2.182179689407348633e-02 -2.886073291301727295e-02 -4.143798351287841797e-02
-2.936029434204101562e-02 4.242657870054244995e-02 8.943974971771240234e-04
4.578578472137451172e-02 -5.247334018349647522e-03 -6.817102432250976562e-03
-3.827548027038574219e-02 1.120612211525440216e-02 3.547042608261108398e-03
6.621479988098144531e-03 -1.027289219200611115e-02 -5.001714825630187988e-02
3.187727928161621094e-02 -3.398984670639038086e-02 -4.279297590255737305e-02
6.844282150268554688e-03 2.132195234298706055e-02 2.348399162292480469e-02
6.634896993637084961e-02 -2.205727994441986084e-02 -1.666468381881713867e-02
6.142318248748779297e-03 1.162488758563995361e-02 -5.067583918571472168e-02
-8.300185203552246094e-03 3.253008425235748291e-02 -1.412805914878845215e-02
6.636041402816772461e-02 1.460483670234680176e-02 -1.204246282577514648e-02
-6.023126840591430664e-02 -3.591530770063400269e-02 -3.094568848609924316e-02
8.745425939559936523e-02 -1.294820010662078857e-02 3.018766641616821289e-03
-6.501913070678710938e-02 1.870222389698028564e-03 -7.201552391052246094e-03
1.071288585662841797e-01 -2.483589202165603638e-02 -7.601565122604370117e-02
5.089890956878662109e-02 1.545757055282592773e-02 6.543397903442382812e-04
-3.140568733215332031e-03 2.064088732004165649e-02 1.003092527389526367e-02
1.427739858627319336e-02 -9.349599480628967285e-03 5.761682987213134766e-03
-5.384677648544311523e-02 3.067478723824024200e-02 5.259394645690917969e-03
1.727914810180664062e-02 -1.901398785412311554e-02 -1.032164692878723145e-01
4.049837589263916016e-03 -3.935582935810089111e-04 -1.332547664642333984e-01
-1.354318857192993164e-02 4.454597830772399902e-03 -1.200273633003234863e-01
1.087400168180465698e-01 -1.151096448302268982e-02 2.557981014251708984e-02
7.230937480926513672e-03 -4.729228094220161438e-03 -1.339795589447021484e-01
5.946207046508789062e-02 1.562934368848800659e-03 -2.426338195800781250e-02
1.718130707740783691e-02 2.137646079063415527e-04 -4.981279373168945312e-03
3.376889228820800781e-02 6.465822458267211914e-03 -2.602720260620117188e-02
-2.460974454879760742e-02 -6.595429033041000366e-03 -9.902858734130859375e-02
1.975038647651672363e-02 -4.255136474967002869e-03 -7.652974128723144531e-02
5.981040000915527344e-02 4.579795524477958679e-03 5.872488021850585938e-03
-4.797875881195068359e-04 -7.676674053072929382e-03 6.843471527099609375e-02
6.924867630004882812e-04 2.017907425761222839e-02 -9.086215496063232422e-02
7.510471343994140625e-02 -1.768763177096843719e-02 9.092783927917480469e-02
3.712058067321777344e-03 -3.343993797898292542e-03 -1.209200620651245117e-01
6.546258926391601562e-03 -4.264147020876407623e-03 4.942238330841064453e-02
4.021960496902465820e-02 -1.089884992688894272e-02 1.644456386566162109e-02
-1.196002960205078125e-02 1.663144677877426147e-03 2.665066719055175781e-02
-4.369974136352539062e-03 1.246668398380279541e-03 2.359259128570556641e-02
-2.235502004623413086e-03 6.509590893983840942e-03 -5.530834197998046875e-02
2.754849195480346680e-02 6.702158600091934204e-03 4.310882091522216797e-02
-4.071989655494689941e-02 -2.475835382938385010e-03 8.134949207305908203e-02
1.476967334747314453e-02 -7.440466433763504028e-03 -4.791963100433349609e-02
-2.981665730476379395e-02 -1.456939987838268280e-02 -5.049657821655273438e-02
-1.674100756645202637e-02 1.957570202648639679e-02 2.871835231781005859e-02
3.224027156829833984e-02 -7.202312350273132324e-03 1.376652717590332031e-02
2.067187428474426270e-02 3.397136926651000977e-03 -8.346581459045410156e-02
-1.682186126708984375e-02 -2.228820696473121643e-02 -1.117978096008300781e-01
4.672935605049133301e-02 1.577211916446685791e-02 8.251512050628662109e-02
5.172747373580932617e-02 -6.210513412952423096e-03 3.693687915802001953e-02
-6.849315762519836426e-02 2.370486035943031311e-02 5.244386196136474609e-02
3.061977028846740723e-02 -1.445673685520887375e-02 -5.067145824432373047e-02
9.268850088119506836e-03 5.138340406119823456e-03 -1.007393598556518555e-01
1.575979590415954590e-02 -2.470325678586959839e-03 1.208436489105224609e-02
-5.469441413879394531e-02 -5.435664206743240356e-03 4.980838298797607422e-02
-5.701571702957153320e-02 9.092018008232116699e-04 2.972161769866943359e-02
5.258497595787048340e-02 -4.733838140964508057e-04 6.421351432800292969e-02
-1.151162385940551758e-02 -4.965996369719505310e-03 -7.541596889495849609e-02
1.662155985832214355e-02 3.060216084122657776e-03 -8.053541183471679688e-03
-3.408318758010864258e-02 4.616228863596916199e-03 4.246211051940917969e-02
3.533244132995605469e-03 -1.564896292984485626e-02 1.330840587615966797e-02
-4.277020692825317383e-03 1.181791257113218307e-02 1.185536384582519531e-02
-7.195681333541870117e-03 -5.862968973815441132e-03 3.367161750793457031e-02
-3.540289402008056641e-02 6.612233817577362061e-03 2.610087394714355469e-03
1.555123925209045410e-02 -5.131578072905540466e-03 1.049697399139404297e-02
-1.426175236701965332e-02 -1.569378003478050232e-02 -7.995235919952392578e-02
-2.343255281448364258e-02 1.712165959179401398e-02 1.208019256591796875e-02
-4.320621490478515625e-03 1.176893897354602814e-02 1.362144947052001953e-02
1.407948136329650879e-02 9.183488786220550537e-03 -9.420156478881835938e-03
9.214907884597778320e-03 6.347270682454109192e-03 6.262755393981933594e-02
2.208739519119262695e-03 -1.200006343424320221e-02 4.472601413726806641e-02
4.083645343780517578e-02 -5.881810560822486877e-03 -7.657790184020996094e-02
-5.076783895492553711e-02 -3.888025879859924316e-03 -5.475759506225585938e-03
-8.888840675354003906e-04 -1.826863735914230347e-03 -1.433074474334716797e-02
1.379418373107910156e-02 -4.122234880924224854e-03 -2.863645553588867188e-02
4.594320058822631836e-02 4.517190158367156982e-03 4.211962223052978516e-02
5.982577800750732422e-03 -7.514052093029022217e-03 -5.394852161407470703e-02
3.285527229309082031e-02 -1.060942374169826508e-02 -3.530335426330566406e-02
-4.675206542015075684e-02 -1.042951643466949463e-02 -3.309464454650878906e-02
-2.848190069198608398e-02 3.294460475444793701e-02 7.261729240417480469e-02
1.847428083419799805e-02 7.510411553084850311e-03 3.453791141510009766e-02
-1.678541302680969238e-02 1.489591319113969803e-02 1.121504306793212891e-01
1.446446776390075684e-02 1.059392467141151428e-03 7.931351661682128906e-03
-2.349558472633361816e-02 -8.865704759955406189e-03 -2.614712715148925781e-02
2.487805485725402832e-02 -1.676736399531364441e-03 1.361501216888427734e-02
-1.684719324111938477e-02 -9.382390417158603668e-03 -3.792309761047363281e-02
1.490843296051025391e-02 3.687187097966670990e-03 1.076172590255737305e-01
9.396433830261230469e-03 -1.213944889605045319e-02 -6.590902805328369141e-02
-2.540922164916992188e-02 -5.229454487562179565e-03 -9.601628780364990234e-02
1.594412326812744141e-02 5.118034780025482178e-03 -1.736938953399658203e-02
-2.645230293273925781e-02 1.180610805749893188e-02 -3.179645538330078125e-02
9.140640497207641602e-03 7.737111300230026245e-03 -3.180921077728271484e-02
-4.614356160163879395e-02 1.118205487728118896e-02 9.247183799743652344e-02
1.110094785690307617e-02 -1.915756613016128540e-03 -6.015527248382568359e-02
-5.831676721572875977e-02 -2.932405099272727966e-03 2.392029762268066406e-02
5.311638116836547852e-02 9.473504498600959778e-03 9.337794780731201172e-02
1.549720764160156250e-03 -7.287291809916496277e-03 3.895068168640136719e-02
-7.053047418594360352e-03 7.764445617794990540e-03 -3.190195560455322266e-02
-7.073491811752319336e-03 -7.875740528106689453e-03 -8.671641349792480469e-03
3.636121749877929688e-03 8.818186819553375244e-03 -6.638288497924804688e-02
-1.383739709854125977e-02 7.409293204545974731e-03 -1.993334293365478516e-02
2.626985311508178711e-02 1.051009260118007660e-02 1.213300228118896484e-02
-3.961354494094848633e-02 -8.809177204966545105e-03 -3.257095813751220703e-02
1.796552538871765137e-02 -1.564882695674896240e-03 -1.626372337341308594e-03
-3.195911645889282227e-03 -9.872835129499435425e-03 -1.599705219268798828e-02
1.754730939865112305e-02 6.732225418090820312e-03 6.009101867675781250e-03
-1.645696163177490234e-02 1.050978899002075195e-04 2.036809921264648438e-03
2.983683347702026367e-02 6.780015304684638977e-03 -6.167769432067871094e-02
-2.222776412963867188e-03 -1.318615488708019257e-02 1.327400207519531250e-01
-1.711118221282958984e-02 2.195823751389980316e-02 -1.308467388153076172e-01
-4.960387945175170898e-02 -1.561276055872440338e-02 7.239520549774169922e-02
1.019823551177978516e-02 3.945790231227874756e-04 2.009820938110351562e-02
-1.697099208831787109e-02 -2.972416579723358154e-03 -2.131581306457519531e-03
7.862168550491333008e-02 1.135600917041301727e-02 -1.032245159149169922e-02
-3.210783004760742188e-03 -2.613812685012817383e-03 7.640004158020019531e-03
-8.275485038757324219e-02 2.077944576740264893e-03 4.485392570495605469e-02
-1.859909296035766602e-02 4.205048084259033203e-03 5.854964256286621094e-03
5.337595939636230469e-03 -7.409758865833282471e-03 2.004349231719970703e-02
3.674125671386718750e-02 7.845655083656311035e-03 -1.761507987976074219e-02
4.282504320144653320e-02 -2.282634377479553223e-03 1.165246963500976562e-02
-3.729397058486938477e-02 2.253830432891845703e-03 1.173102855682373047e-02
-2.602189779281616211e-02 -3.205895423889160156e-03 -6.574046611785888672e-02
2.846556901931762695e-02 -5.549373105168342590e-03 4.201436042785644531e-02
1.941335201263427734e-02 -4.643276333808898926e-04 -8.664381504058837891e-02
-7.422506809234619141e-03 1.558633334934711456e-02 -2.502322196960449219e-03
-5.377769470214843750e-03 -1.888789236545562744e-03 1.171183586120605469e-02
4.224735498428344727e-02 -4.350259900093078613e-03 3.385627269744873047e-02
-1.884347200393676758e-02 -2.682340703904628754e-02 -1.474096775054931641e-01
-1.564651727676391602e-02 5.682367831468582153e-03 3.621101379394531250e-03
-1.014244556427001953e-02 -3.871865570545196533e-03 -3.938078880310058594e-02
-1.420968770980834961e-02 1.008554175496101379e-02 6.514382362365722656e-02
3.172153234481811523e-02 7.844699546694755554e-03 3.374397754669189453e-02
2.803838253021240234e-02 -7.400808855891227722e-03 -1.481854915618896484e-02
-1.307272911071777344e-02 -1.047251187264919281e-02 1.874494552612304688e-02
-7.107436656951904297e-03 -3.888403996825218201e-03 9.220647811889648438e-02
1.317730545997619629e-02 -1.557396072894334793e-02 3.882551193237304688e-02
1.203089952468872070e-03 3.666304983198642731e-03 -1.123777627944946289e-01
-4.386547207832336426e-02 3.511875867843627930e-03 1.205092668533325195e-01
-2.399086952209472656e-05 1.091362163424491882e-02 1.764988899230957031e-02
6.233990192413330078e-02 -2.749487757682800293e-04 -4.460000991821289062e-02
-2.985432744026184082e-02 -1.422718167304992676e-03 3.184771537780761719e-02
8.309096097946166992e-03 -4.139661788940429688e-03 -7.772684097290039062e-03
-7.216870784759521484e-03 1.039179787039756775e-02 -1.530218124389648438e-02
2.385768294334411621e-02 -5.540292710065841675e-03 7.062518596649169922e-02
-1.875758171081542969e-02 3.934413194656372070e-03 8.797967433929443359e-02
-6.459265947341918945e-03 4.612497985363006592e-03 -7.512426376342773438e-02
-2.367287874221801758e-03 2.605915069580078125e-04 7.385277748107910156e-02
-5.353659391403198242e-03 -2.814345061779022217e-03 3.315144777297973633e-02
2.844709157943725586e-02 -2.867858856916427612e-03 -1.154869794845581055e-02
9.869337081909179688e-04 2.683735452592372894e-02 -5.294811725616455078e-02
3.179305791854858398e-02 -3.146235644817352295e-02 -2.077054977416992188e-02
-4.099905490875244141e-04 5.624659359455108643e-03 2.220916748046875000e-02
-4.841142892837524414e-02 7.524330168962478638e-03 5.647146701812744141e-02
1.777142286300659180e-02 -5.966842174530029297e-03 -2.094739675521850586e-02
-3.354042768478393555e-02 -1.134658977389335632e-02 -2.059501409530639648e-02
3.460747003555297852e-02 -1.066555827856063843e-02 4.455804824829101562e-03
1.764711737632751465e-02 8.531248196959495544e-03 1.334476470947265625e-02
-2.845469117164611816e-02 4.715938121080398560e-03 3.067201375961303711e-02
1.328289508819580078e-04 4.395451396703720093e-03 -2.536708116531372070e-02
9.235978126525878906e-03 3.930976614356040955e-03 1.903450489044189453e-02
2.763256430625915527e-02 -2.214884385466575623e-03 -1.402920484542846680e-02
4.060506820678710938e-03 -2.420071512460708618e-03 2.208399772644042969e-02
-5.730390548706054688e-03 1.095881685614585876e-03 -1.439571380615234375e-03
2.614587545394897461e-03 -3.058418631553649902e-03 -1.061594486236572266e-02
1.311326026916503906e-02 -8.898420259356498718e-03 -6.608170270919799805e-02
-6.073474884033203125e-03 4.998223856091499329e-03 5.851984024047851562e-03
-1.399949193000793457e-02 1.208601519465446472e-02 -1.618850231170654297e-02
2.171605825424194336e-03 -6.552079692482948303e-03 -1.530086994171142578e-02
-1.326832175254821777e-02 5.493080243468284607e-03 6.914019584655761719e-03
2.293974161148071289e-02 -2.110220678150653839e-02 2.999961376190185547e-02
-1.659652590751647949e-02 2.559310384094715118e-02 4.823207855224609375e-04
2.396708726882934570e-02 -4.952341318130493164e-03 -6.873786449432373047e-02
-1.733896136283874512e-02 8.622825145721435547e-03 8.130955696105957031e-02
6.130763888359069824e-02 -1.110794767737388611e-02 2.414613962173461914e-02
-3.822451829910278320e-02 -1.031018421053886414e-02 -8.031541109085083008e-02
4.555198550224304199e-02 2.667677775025367737e-02 -2.061450481414794922e-02
6.886601448059082031e-03 2.092159353196620941e-02 1.118874549865722656e-02
-7.768258452415466309e-02 -1.009310781955718994e-02 4.906070232391357422e-02
3.456801176071166992e-03 -1.115400530397891998e-02 1.976239681243896484e-02
6.487011909484863281e-03 -6.866127252578735352e-03 3.542441129684448242e-02
-1.110571622848510742e-02 1.435465551912784576e-02 2.582126855850219727e-02
-3.195014595985412598e-02 -1.973728276789188385e-02 -9.695720672607421875e-02
6.705245375633239746e-02 1.299532689154148102e-02 1.049922704696655273e-01
-1.249131560325622559e-02 1.593463122844696045e-02 -6.484353542327880859e-02
-3.345620632171630859e-02 -1.495914161205291748e-02 6.889104843139648438e-02
3.688740730285644531e-02 -1.014537550508975983e-02 -3.080016374588012695e-02
4.855960607528686523e-03 8.577510714530944824e-03 -4.649966955184936523e-02
2.793154120445251465e-02 -4.581324756145477295e-03 6.289261579513549805e-02
-1.002311706542968750e-02 -8.251074701547622681e-03 -1.084025502204895020e-01
1.939639449119567871e-02 1.606699638068675995e-02 8.088958263397216797e-02
-8.263954520225524902e-02 -2.290211617946624756e-03 -3.167474269866943359e-02
-1.539525389671325684e-02 -5.459690466523170471e-03 7.992863655090332031e-03
-2.265834808349609375e-02 -5.995079874992370605e-03 -6.119072437286376953e-02
1.141223311424255371e-02 6.611809134483337402e-03 -1.785933971405029297e-02
2.581951022148132324e-02 1.155892945826053619e-02 -6.491065025329589844e-03
-1.575651764869689941e-02 5.866669118404388428e-03 1.467227935791015625e-03
8.149728178977966309e-02 5.369640886783599854e-03 -5.443656444549560547e-02
-3.544989228248596191e-02 -2.993089891970157623e-02 2.495741844177246094e-02
3.886204957962036133e-02 7.826708257198333740e-03 1.436340808868408203e-02
-5.700245499610900879e-02 -1.837410964071750641e-02 2.096438407897949219e-02
1.395973563194274902e-02 8.670227602124214172e-03 8.393168449401855469e-03
1.220065355300903320e-02 -3.189656883478164673e-03 -9.012818336486816406e-02
-2.153038978576660156e-03 2.572967670857906342e-02 1.569588184356689453e-01
-8.515179157257080078e-03 -2.886623144149780273e-03 -9.971261024475097656e-02
-3.083753585815429688e-02 -1.458186842501163483e-02 -1.195533275604248047e-01
-6.181955337524414062e-03 1.140803284943103790e-02 -5.847096443176269531e-02
-3.090524673461914062e-02 5.752474069595336914e-03 7.587337493896484375e-02
3.408765792846679688e-02 -1.362369395792484283e-02 -5.283439159393310547e-02
6.220698356628417969e-03 1.629207283258438110e-03 -5.576610565185546875e-04
1.799547672271728516e-02 1.104834489524364471e-02 2.946293354034423828e-02
1.186209917068481445e-02 -1.032814383506774902e-03 -5.350315570831298828e-02
-1.240777969360351562e-02 6.604716181755065918e-04 1.469480991363525391e-02
-1.366353034973144531e-02 -2.206972800195217133e-02 -4.688978195190429688e-03
1.403862237930297852e-02 1.061371341347694397e-02 6.160020828247070312e-02
-3.329122066497802734e-02 1.261573284864425659e-03 -7.970297336578369141e-02
4.007983207702636719e-02 7.354600355029106140e-03 9.975278377532958984e-02
2.005547285079956055e-02 -9.956287220120429993e-03 -1.297044754028320312e-02
-1.298362016677856445e-02 -1.708857715129852295e-03 -6.288349628448486328e-02
1.561707258224487305e-02 -2.542607486248016357e-03 -1.573669910430908203e-02
-1.857030391693115234e-02 1.319204457104206085e-02 1.031005382537841797e-02
7.081878185272216797e-02 -1.490413956344127655e-02 1.592029333114624023e-01
-4.547244310379028320e-02 -2.228463254868984222e-02 -1.131224632263183594e-02
-7.337385416030883789e-02 1.040525361895561218e-02 -1.478763818740844727e-01
1.323366761207580566e-01 1.305058412253856659e-02 -4.488587379455566406e-02
-2.690875530242919922e-02 2.541362680494785309e-02 1.877665519714355469e-03
-6.369224190711975098e-02 -1.966247521340847015e-02 1.654311418533325195e-01
2.532455325126647949e-02 -1.101294532418251038e-02 1.737785339355468750e-02
-1.455479860305786133e-02 5.641020834445953369e-03 -4.817080497741699219e-02
-7.964313030242919922e-03 -4.879891872406005859e-03 -7.819366455078125000e-02
-7.683038711547851562e-05 -1.214901730418205261e-02 -5.394887924194335938e-02
9.653747081756591797e-03 5.426682531833648682e-03 1.210057735443115234e-02
-2.195894718170166016e-02 5.455251783132553101e-03 7.889389991760253906e-02
-1.304447650909423828e-02 -6.869329139590263367e-03 -7.135641574859619141e-02
2.126401662826538086e-02 1.632870920002460480e-02 8.390986919403076172e-02
-3.050518035888671875e-02 3.701832145452499390e-03 3.653717041015625000e-02
-2.064275741577148438e-02 -1.290770620107650757e-02 2.714049816131591797e-02
4.327586293220520020e-02 -2.321962267160415649e-03 -1.009229421615600586e-01
-2.995893359184265137e-02 -2.390902116894721985e-02 -8.192658424377441406e-02
2.040809392929077148e-02 1.138384640216827393e-02 1.289042234420776367e-01
7.647114992141723633e-02 -2.976525574922561646e-04 5.118477344512939453e-02
-9.057584404945373535e-02 9.049827232956886292e-03 2.607464790344238281e-02
1.143054664134979248e-01 1.828835159540176392e-02 -1.411460638046264648e-01
-6.174287199974060059e-02 -2.541560679674148560e-02 8.362209796905517578e-02
-3.469634056091308594e-02 -1.842793077230453491e-03 -1.330029964447021484e-02
4.414626955986022949e-02 5.299914628267288208e-03 8.564889430999755859e-02
-7.095941901206970215e-02 1.644945889711380005e-02 2.284276485443115234e-02
7.896780967712402344e-03 3.652784973382949829e-02 9.713447093963623047e-02
2.301254868507385254e-02 -2.927041985094547272e-02 -8.355796337127685547e-02
-1.133653521537780762e-02 1.240326650440692902e-02 5.224585533142089844e-03
2.869111299514770508e-02 -4.436375945806503296e-02 6.501793861389160156e-02
-7.013720273971557617e-02 2.981027588248252869e-02 -5.943274497985839844e-02
2.361154556274414062e-02 4.579909145832061768e-04 -6.829690933227539062e-02
-2.081149816513061523e-02 -1.555138267576694489e-02 -2.472841739654541016e-02
3.972497582435607910e-02 -4.984671249985694885e-03 2.840840816497802734e-02
-4.176396131515502930e-02 2.535497955977916718e-02 9.336352348327636719e-03
1.208454370498657227e-02 -1.864287443459033966e-02 4.290509223937988281e-02
3.329813480377197266e-03 3.449194133281707764e-03 6.687283515930175781e-03
5.745410919189453125e-03 5.231216549873352051e-03 -1.073682308197021484e-02
-3.910660743713378906e-02 5.606777966022491455e-03 1.685690879821777344e-02
6.193834543228149414e-02 3.090389072895050049e-04 -5.537724494934082031e-02
-1.929295063018798828e-02 -5.765642970800399780e-03 -1.063585281372070312e-03
1.989305019378662109e-03 -1.049105077981948853e-02 -1.462399959564208984e-02
-2.708792686462402344e-03 -2.490002661943435669e-03 -7.982003688812255859e-02
-5.745905637741088867e-02 -1.562206260859966278e-02 -4.070127010345458984e-02
1.850190758705139160e-02 2.038504369556903839e-02 9.097027778625488281e-02
-5.137026309967041016e-03 -2.572104334831237793e-03 2.151155471801757812e-02
6.057232618331909180e-03 2.207197435200214386e-02 -4.451036453247070312e-02
5.273646116256713867e-02 -1.756490580737590790e-02 -5.941629409790039062e-03
-7.662594318389892578e-03 2.454388886690139771e-03 5.628871917724609375e-02
-2.323698997497558594e-02 -1.756686717271804810e-03 -6.449162960052490234e-02
1.440846920013427734e-02 8.004754781723022461e-04 -3.353881835937500000e-02
1.725816726684570312e-02 -1.280606910586357117e-02 -2.655982971191406250e-04
4.189211130142211914e-02 -8.673958480358123779e-03 -1.098275184631347656e-03
-3.259605169296264648e-02 1.902256160974502563e-03 2.369999885559082031e-03
-3.961840271949768066e-02 2.608479931950569153e-02 1.002103090286254883e-01
-6.920158863067626953e-03 -1.261781901121139526e-03 7.112586498260498047e-02
2.735415101051330566e-02 -9.898215532302856445e-03 -4.383420944213867188e-02
5.577921867370605469e-03 8.461996912956237793e-03 5.373954772949218750e-04
-5.081295967102050781e-03 -7.747389376163482666e-03 -7.124376296997070312e-02
-9.945809841156005859e-03 -3.116741776466369629e-03 -5.091464519500732422e-02
-1.112282276153564453e-02 -1.602590084075927734e-03 4.291391372680664062e-02
-9.692758321762084961e-03 -6.706207990646362305e-03 -1.068617105484008789e-01
2.032771706581115723e-02 -3.810752183198928833e-03 -6.950139999389648438e-03
2.105402946472167969e-02 5.160026252269744873e-03 1.387131214141845703e-02
1.013946533203125000e-02 1.491345465183258057e-02 4.559767246246337891e-02
-3.347504138946533203e-02 1.879513449966907501e-02 -9.866118431091308594e-03
2.411890029907226562e-02 -1.054471544921398163e-02 -5.140185356140136719e-03
-3.619092702865600586e-02 5.640363320708274841e-03 2.025949954986572266e-02
2.189248800277709961e-02 -1.460270769894123077e-02 -5.773425102233886719e-02
-2.291184663772583008e-02 -7.784128189086914062e-03 1.408839225769042969e-02
4.074239730834960938e-02 -1.740770787000656128e-02 -2.315735816955566406e-02
-2.747374773025512695e-02 1.477036625146865845e-03 -3.293395042419433594e-03
-2.069115638732910156e-03 3.368668258190155029e-03 -3.246510028839111328e-02
5.423772335052490234e-02 1.448591426014900208e-02 2.905976772308349609e-02
1.029670238494873047e-02 6.002884358167648315e-03 4.251623153686523438e-02
2.825433015823364258e-02 -4.442643374204635620e-03 1.078299283981323242e-01
-9.979486465454101562e-03 1.167136430740356445e-02 1.703739166259765625e-02
1.677453517913818359e-02 -1.821392774581909180e-02 -2.218532562255859375e-02
-5.221110582351684570e-02 1.367199048399925232e-02 -8.418285846710205078e-02
-6.938409805297851562e-02 -9.380057454109191895e-03 -6.358659267425537109e-02
-4.379332065582275391e-03 -6.054231896996498108e-03 9.500563144683837891e-02
1.890081167221069336e-02 8.976520970463752747e-03 -2.632749080657958984e-02
1.602905988693237305e-02 -9.340230375528335571e-03 -4.849731922149658203e-02
-5.061107873916625977e-02 1.885840669274330139e-02 -3.002583980560302734e-02
7.053792476654052734e-02 5.949817597866058350e-03 2.084100246429443359e-02
-6.275773048400878906e-03 -1.142806559801101685e-02 7.819569110870361328e-02
-2.757364511489868164e-02 9.524747729301452637e-04 1.929104328155517578e-02
7.201254367828369141e-03 1.350272446870803833e-03 -1.594102382659912109e-02
4.335689544677734375e-02 1.499079167842864990e-03 -6.265783309936523438e-02
-1.735121011734008789e-02 -7.604055106639862061e-03 -8.556842803955078125e-04
-5.846560001373291016e-03 -1.572306826710700989e-02 5.557525157928466797e-02
-1.997190713882446289e-02 9.531769901514053345e-03 3.244280815124511719e-03
-3.697323799133300781e-02 -1.674908772110939026e-02 -1.100807189941406250e-01
9.631156921386718750e-03 3.025085479021072388e-02 7.765352725982666016e-02
5.982029438018798828e-02 9.061252698302268982e-03 1.536583900451660156e-01
-4.756605625152587891e-02 -1.556291244924068451e-02 -3.934025764465332031e-03
5.834370851516723633e-02 5.108565092086791992e-03 2.606678009033203125e-02
3.277981281280517578e-02 -1.496780663728713989e-02 -3.521680831909179688e-03
-6.856483221054077148e-02 3.331977874040603638e-03 -3.122329711914062500e-02
2.278077602386474609e-02 -4.889905452728271484e-03 -1.139713525772094727e-01
-8.669203519821166992e-02 1.830304414033889771e-02 -6.436347961425781250e-02
7.439780235290527344e-02 -1.226961612701416016e-02 -1.322960853576660156e-02
-7.210612297058105469e-02 -1.669503748416900635e-03 -1.492881774902343750e-02
-1.705902814865112305e-02 1.923231780529022217e-02 4.667651653289794922e-02
9.670686721801757812e-02 -5.396727472543716431e-03 9.363651275634765625e-02
2.950221300125122070e-02 8.863000199198722839e-03 1.044201850891113281e-02
-3.457808494567871094e-02 -2.764908596873283386e-03 -4.268193244934082031e-02
2.194410562515258789e-02 -2.203732728958129883e-03 6.249237060546875000e-02
-1.622450351715087891e-02 2.408212982118129730e-02 8.136987686157226562e-03
-2.016186714172363281e-03 -3.199714422225952148e-02 1.028776168823242188e-04
-1.665824651718139648e-02 -2.496678382158279419e-03 7.864320278167724609e-02
-3.227552771568298340e-02 1.748599670827388763e-02 -6.778824329376220703e-02
-1.471424102783203125e-02 8.952923119068145752e-03 3.223240375518798828e-02
-1.633974909782409668e-02 -9.671971201896667480e-04 -3.419661521911621094e-02
-1.850548386573791504e-02 4.009689390659332275e-02 -6.981945037841796875e-02
6.421482563018798828e-02 -5.867528170347213745e-02 8.634769916534423828e-02
-5.354335904121398926e-02 5.695354193449020386e-03 4.240202903747558594e-02
5.323100090026855469e-02 -2.230908721685409546e-03 -2.144789695739746094e-02
-1.015785336494445801e-02 -6.250366568565368652e-03 -7.918238639831542969e-03
-2.697408199310302734e-04 6.777383387088775635e-04 -8.030712604522705078e-02
1.123481988906860352e-02 -1.319177448749542236e-03 -1.064817905426025391e-01
2.576130628585815430e-02 3.177087754011154175e-03 -1.851487159729003906e-02
-5.016613006591796875e-02 -5.641538649797439575e-03 2.750921249389648438e-02
1.869559288024902344e-02 2.592556178569793701e-03 -5.326223373413085938e-02
2.260684967041015625e-02 1.558218151330947876e-03 -2.769184112548828125e-02
-5.277144908905029297e-02 -8.336707949638366699e-03 2.628338336944580078e-02
-3.215467929840087891e-02 9.333953261375427246e-03 6.704092025756835938e-03
6.784856319427490234e-02 -9.846385568380355835e-03 1.590787172317504883e-01
1.426267623901367188e-02 1.041723042726516724e-02 -6.992280483245849609e-02
-2.087020874023437500e-02 -1.382162421941757202e-02 -4.124438762664794922e-02
-1.270413398742675781e-03 5.801968276500701904e-03 1.689672470092773438e-02
1.081866025924682617e-02 -4.344500601291656494e-03 -5.029773712158203125e-02
1.161873340606689453e-02 9.214654564857482910e-04 8.200311660766601562e-02
-1.075983047485351562e-03 3.847025334835052490e-03 -2.212119102478027344e-02
-2.239733934402465820e-02 3.937944769859313965e-03 1.011190414428710938e-01
-7.038772106170654297e-03 2.201609313488006592e-04 -5.742168426513671875e-02
5.901873111724853516e-03 -6.999708712100982666e-04 7.362365722656250000e-04
2.994471788406372070e-02 1.017216593027114868e-02 1.023956537246704102e-01
-3.841960430145263672e-02 -5.628168582916259766e-03 -9.235608577728271484e-02
4.546231031417846680e-02 5.472712218761444092e-03 1.191818714141845703e-02
5.994319915771484375e-03 -1.277998462319374084e-02 1.347184181213378906e-02
2.533543109893798828e-02 -1.214612275362014771e-03 3.734374046325683594e-02
2.321577072143554688e-02 -9.601190686225891113e-03 -7.136702537536621094e-03
5.276203155517578125e-03 -1.959107816219329834e-03 8.013355731964111328e-02
5.971789360046386719e-04 -6.284937262535095215e-04 -8.427858352661132812e-02
-6.242007017135620117e-02 2.737440168857574463e-03 1.210570335388183594e-02
2.646839618682861328e-02 4.433125257492065430e-03 3.342390060424804688e-03
-3.275376558303833008e-02 -6.185136735439300537e-03 -2.512812614440917969e-02
5.925309658050537109e-02 -7.931090891361236572e-03 -2.919960021972656250e-02
-3.932356834411621094e-03 7.570236921310424805e-04 2.768874168395996094e-02
6.187081336975097656e-03 -5.387291312217712402e-04 7.193458080291748047e-02
2.254617214202880859e-02 4.483453929424285889e-03 8.992910385131835938e-02
1.668506860733032227e-02 -2.394214272499084473e-03 -1.025164127349853516e-01
5.254888534545898438e-02 -2.464804798364639282e-03 1.582539081573486328e-02
2.867034077644348145e-02 1.955950632691383362e-02 4.861605167388916016e-02
-1.894500851631164551e-02 1.015941798686981201e-02 5.337786674499511719e-02
-9.426236152648925781e-03 -4.073891788721084595e-03 7.848149538040161133e-02
1.149597018957138062e-01 -1.673280820250511169e-02 -1.096117496490478516e-02
1.761920452117919922e-01 -5.950644612312316895e-03 -1.203400492668151855e-01
3.128796815872192383e-02 -5.053304135799407959e-03 6.241983175277709961e-02
6.577026844024658203e-02 -1.240558922290802002e-03 8.922767639160156250e-02
-6.320834159851074219e-02 -1.088354364037513733e-02 1.013769507408142090e-01
6.534755229949951172e-03 -1.361029781401157379e-02 5.856108665466308594e-02
1.222891211509704590e-01 1.834565587341785431e-02 -3.458261489868164062e-04
2.669221162796020508e-02 9.870398789644241333e-03 -9.066247940063476562e-02
1.419450044631958008e-01 7.591031491756439209e-03 -3.413927555084228516e-02
1.197501420974731445e-01 1.074631139636039734e-02 -5.634069442749023438e-03
2.434923648834228516e-01 7.372554391622543335e-03 -3.029549121856689453e-02
-3.405773639678955078e-02 7.190573960542678833e-03 2.278596758842468262e-01
-5.638480186462402344e-02 6.790546700358390808e-03 8.980554342269897461e-02
-1.755976676940917969e-02 -1.898773200809955597e-02 1.319857239723205566e-01
2.093839645385742188e-02 1.145998388528823853e-02 -1.329331994056701660e-01
1.744220256805419922e-01 2.077203430235385895e-02 -1.287424564361572266e-02
-4.843854904174804688e-02 -1.051686704158782959e-03 -9.792566299438476562e-02
-7.518506050109863281e-02 -2.657711505889892578e-03 1.501564383506774902e-01
-1.697027087211608887e-01 -2.953833155333995819e-02 3.057779967784881592e-01
3.081095218658447266e-02 -3.344745561480522156e-02 2.702897489070892334e-01
-7.539743185043334961e-02 -4.220096394419670105e-03 1.429849863052368164e-02
-1.990962028503417969e-02 8.924305438995361328e-05 -5.497467517852783203e-02
-7.032454013824462891e-03 -1.209553331136703491e-02 2.620589546859264374e-02
-1.368505954742431641e-01 3.544678166508674622e-02 4.785412549972534180e-02
-6.723636388778686523e-02 2.055782824754714966e-04 3.982448577880859375e-02
3.505295515060424805e-02 -1.050449907779693604e-02 5.250662565231323242e-02
-1.692241430282592773e-02 2.424093894660472870e-03 9.894663095474243164e-02
8.964198827743530273e-02 5.420473404228687286e-03 2.945065498352050781e-04
-8.929914236068725586e-02 -3.525966778397560120e-03 5.182415246963500977e-02
-1.153748631477355957e-01 -1.910550519824028015e-03 1.362260580062866211e-01
-5.713945627212524414e-02 6.863394752144813538e-03 -2.282440662384033203e-02
-1.003573536872863770e-01 -5.761882290244102478e-03 9.818524122238159180e-03
2.598702907562255859e-02 5.428269505500793457e-03 -6.108212471008300781e-02
1.683986186981201172e-02 -3.447631374001502991e-03 1.286151707172393799e-01
-8.282530307769775391e-02 7.723627611994743347e-03 5.530011653900146484e-02
-5.016821622848510742e-02 -4.809580743312835693e-03 1.728225350379943848e-01
-2.392005920410156250e-02 1.222511380910873413e-02 1.890832185745239258e-02
-1.268291473388671875e-02 -1.184844598174095154e-02 -3.814411163330078125e-02
-4.620955884456634521e-02 -9.148124605417251587e-03 4.289031028747558594e-03
-1.213498115539550781e-01 -2.910453826189041138e-03 6.793135404586791992e-02
6.353163719177246094e-02 -7.324006408452987671e-03 9.358602762222290039e-02
-1.528968811035156250e-01 1.517862267792224884e-02 1.267896890640258789e-01
3.454506397247314453e-02 1.179060153663158417e-02 -1.288663148880004883e-01
3.847181797027587891e-02 5.178004503250122070e-04 -7.228523492813110352e-02
-2.732133865356445312e-02 -1.643672585487365723e-03 4.766041040420532227e-02
-1.691985130310058594e-02 -1.049776375293731689e-02 -1.053038835525512695e-01
-7.056039571762084961e-02 -6.953947246074676514e-03 1.104673147201538086e-01
-4.222226142883300781e-02 -3.013100475072860718e-03 3.049683570861816406e-02
-3.363600373268127441e-02 -7.188133895397186279e-03 9.771502017974853516e-02
1.414069533348083496e-02 3.105867654085159302e-03 -7.256925106048583984e-02
5.404368042945861816e-02 1.256896182894706726e-03 1.118844747543334961e-01
2.782729268074035645e-02 7.451418787240982056e-04 -9.517717361450195312e-02
4.198551177978515625e-03 -3.817752003669738770e-04 -3.580397367477416992e-02
-3.921517729759216309e-02 -2.094808965921401978e-03 5.210983753204345703e-02
1.025399565696716309e-02 1.414003223180770874e-02 -3.969860076904296875e-02
-8.461862802505493164e-03 -3.258984535932540894e-03 7.905167341232299805e-02
-6.092885136604309082e-02 -7.950045168399810791e-03 -4.897427558898925781e-02
2.470612525939941406e-04 -3.842774778604507446e-03 -8.376246690750122070e-02
-1.758608222007751465e-02 -4.136100411415100098e-03 2.064394950866699219e-02
2.914610505104064941e-02 1.121330447494983673e-02 6.862461566925048828e-03
1.252919435501098633e-02 -5.025854334235191345e-03 9.349864721298217773e-02
-1.663476228713989258e-02 4.554104059934616089e-03 4.560536146163940430e-02
1.874032616615295410e-02 4.378478974103927612e-03 -1.081526875495910645e-01
4.340022802352905273e-03 1.875311136245727539e-03 -4.586738348007202148e-02
7.387787103652954102e-03 -2.135448157787322998e-03 7.291162014007568359e-02
3.113460540771484375e-02 -8.640773594379425049e-04 4.195582866668701172e-02
3.649681806564331055e-03 -3.864806145429611206e-03 1.238799095153808594e-02
-3.946194052696228027e-02 8.640676736831665039e-03 -6.395816802978515625e-03
1.177071928977966309e-01 -1.997128129005432129e-03 -9.030789136886596680e-02
-8.720177412033081055e-02 -6.436362862586975098e-03 6.464135646820068359e-02
-3.210601210594177246e-02 -1.939512789249420166e-03 6.380021572113037109e-03
-3.960481286048889160e-02 2.587661147117614746e-04 6.714498996734619141e-02
1.415213942527770996e-02 9.926371276378631592e-03 -2.161622047424316406e-03
2.591583132743835449e-02 -2.828687429428100586e-04 -6.928032636642456055e-02
-3.813835978507995605e-02 -6.790405139327049255e-03 -6.555765867233276367e-02
-1.229441165924072266e-02 1.325039193034172058e-03 5.311131477355957031e-03
5.718705058097839355e-02 -4.510834813117980957e-03 1.604636907577514648e-01
4.092863202095031738e-02 8.703328669071197510e-03 -1.425328254699707031e-01
1.903262734413146973e-02 -9.109120815992355347e-03 6.889975070953369141e-02
-3.549882769584655762e-02 -7.303431630134582520e-04 2.344453334808349609e-02
-3.661674261093139648e-02 -1.074821315705776215e-02 -2.508628368377685547e-02
-4.433894157409667969e-02 9.983863681554794312e-03 1.246094703674316406e-03
1.654443144798278809e-02 1.927914097905158997e-03 3.977406024932861328e-02
-1.817744970321655273e-02 3.109386190772056580e-03 -2.896571159362792969e-02
6.778889894485473633e-02 -4.906820133328437805e-03 2.850890159606933594e-03
5.519881844520568848e-02 1.253940910100936890e-02 3.217685222625732422e-02
-1.389768719673156738e-02 -1.672897487878799438e-03 -1.388186216354370117e-01
-1.323089003562927246e-02 -2.628274261951446533e-03 -4.249036312103271484e-02
-1.066255569458007812e-02 -2.431787550449371338e-03 7.354247570037841797e-02
-2.129229903221130371e-02 1.133913174271583557e-03 8.738815784454345703e-02
-1.690894365310668945e-03 -5.510661751031875610e-03 4.757118225097656250e-02
-8.469581604003906250e-03 -2.057319507002830505e-03 6.386053562164306641e-02
2.713242173194885254e-02 4.636508412659168243e-03 -1.775846481323242188e-01
3.090462088584899902e-02 -1.332444138824939728e-03 8.951056003570556641e-02
1.041501760482788086e-02 8.146874606609344482e-04 -1.244814991950988770e-01
-4.787081480026245117e-02 2.176202833652496338e-04 1.533091068267822266e-02
-2.574527263641357422e-02 9.786034934222698212e-03 5.948811769485473633e-02
5.906155705451965332e-02 -1.952448487281799316e-02 -3.990173339843750000e-03
-3.725916147232055664e-02 -4.035949707031250000e-03 4.417181015014648438e-03
2.413639426231384277e-02 7.215410470962524414e-03 -1.472204923629760742e-01
4.890918731689453125e-03 3.866648301482200623e-03 9.824746847152709961e-02
1.082152128219604492e-03 -3.274234011769294739e-02 6.228381395339965820e-02
-3.597426414489746094e-02 3.441005200147628784e-02 -5.133014917373657227e-02
-9.631693363189697266e-03 -1.219578087329864502e-03 5.576497316360473633e-02
4.143247008323669434e-02 3.405667841434478760e-03 -9.574472904205322266e-02
-1.807919144630432129e-02 -4.632048308849334717e-03 -3.442949056625366211e-02
6.044840812683105469e-02 5.204521119594573975e-03 -2.811688184738159180e-02
1.380285620689392090e-02 6.939414888620376587e-03 1.410048007965087891e-01
-4.385361075401306152e-02 -1.309592649340629578e-02 -6.789761781692504883e-02
-2.801650762557983398e-02 -2.100598067045211792e-04 5.798935890197753906e-03
-7.390886545181274414e-03 1.062527485191822052e-02 4.104852676391601562e-03
-5.171880125999450684e-02 -2.452313713729381561e-02 3.190308809280395508e-02
4.184722900390625000e-03 1.171250082552433014e-02 3.858232498168945312e-02
2.337074279785156250e-02 7.373224943876266479e-03 -1.049081087112426758e-01
3.109347820281982422e-02 -9.260065853595733643e-04 -8.338415622711181641e-02
7.398784160614013672e-03 -3.767125308513641357e-04 3.450644016265869141e-02
-1.613169908523559570e-02 1.366538926959037781e-03 4.762786626815795898e-02
-1.159292459487915039e-02 7.398817688226699829e-03 9.255427122116088867e-02
-7.638424634933471680e-03 -8.426668122410774231e-03 -9.103786945343017578e-02
1.144582033157348633e-02 -9.011147543787956238e-03 5.196267366409301758e-02
8.837878704071044922e-04 2.433398738503456116e-03 1.546239852905273438e-02
2.548211812973022461e-02 -1.975138299167156219e-02 2.212571501731872559e-01
2.693668007850646973e-02 5.262106657028198242e-03 -1.316366195678710938e-01
-1.717627048492431641e-03 -3.662932664155960083e-02 5.064833164215087891e-02
7.538259029388427734e-03 4.903987795114517212e-02 -1.745571494102478027e-01
-6.510078907012939453e-02 8.941985666751861572e-03 6.218844652175903320e-02
5.810755491256713867e-02 -3.511789441108703613e-02 1.092063188552856445e-01
-2.227744460105895996e-02 3.600148111581802368e-02 -1.595247387886047363e-01
5.320414900779724121e-02 -2.975236065685749054e-02 7.813006639480590820e-02
4.657688736915588379e-02 -7.185067981481552124e-02 1.888593435287475586e-01
1.113110780715942383e-02 -4.905372858047485352e-02 6.846964359283447266e-02
-2.449226379394531250e-02 2.834257483482360840e-02 -9.491801261901855469e-03
-2.629750967025756836e-02 2.262309938669204712e-02 -2.409946918487548828e-02
-4.113274812698364258e-02 -6.317600607872009277e-03 -1.496571302413940430e-01
-4.372584819793701172e-02 7.019126415252685547e-02 -6.016218662261962891e-02
3.075397014617919922e-02 2.313496172428131104e-02 1.106262207031250000e-03
-1.447138190269470215e-02 -6.592512130737304688e-03 2.119433879852294922e-02
-1.525497436523437500e-02 -2.789780497550964355e-02 9.366345405578613281e-02
1.744383573532104492e-02 -3.030747175216674805e-03 2.756679058074951172e-02
6.419599056243896484e-03 -6.735473871231079102e-03 4.155707359313964844e-02
2.376404404640197754e-02 2.790034562349319458e-02 -3.945219516754150391e-02
-4.229816794395446777e-02 8.426710963249206543e-03 -1.303536891937255859e-01
5.311295390129089355e-02 1.362020336091518402e-02 -1.065226793289184570e-01
-2.117466926574707031e-02 1.018866896629333496e-04 -2.904891967773437500e-03
7.252374291419982910e-02 -1.721439324319362640e-02 4.620933532714843750e-02
-5.902421474456787109e-02 2.276976220309734344e-02 -5.707478523254394531e-02
2.147066593170166016e-02 -1.044773310422897339e-02 5.483031272888183594e-02
-4.192575812339782715e-02 3.733344376087188721e-03 -9.949910640716552734e-02
-2.929303050041198730e-02 4.361569881439208984e-05 -8.311283588409423828e-02
-2.567589282989501953e-02 -3.437309712171554565e-02 1.168704032897949219e-01
-3.162777423858642578e-02 3.405401855707168579e-02 3.136223554611206055e-02
2.055594325065612793e-02 -3.794925659894943237e-02 -5.756556987762451172e-02
8.694449067115783691e-02 2.364761382341384888e-02 5.597269535064697266e-02
-9.507417678833007812e-03 1.791897974908351898e-02 3.760832548141479492e-02
-1.408225297927856445e-02 4.160754382610321045e-03 5.710470676422119141e-02
4.587945342063903809e-02 -2.683870494365692139e-03 -9.294402599334716797e-02
1.259326934814453125e-02 -9.509325027465820312e-04 1.732277870178222656e-02
-6.573098897933959961e-02 1.235032454133033752e-02 2.338111400604248047e-03
-2.226355671882629395e-02 -4.913931712508201599e-03 2.949017286300659180e-02
-2.948629856109619141e-02 -9.704485535621643066e-03 9.718382358551025391e-02
3.610259294509887695e-02 4.991976544260978699e-03 2.541649341583251953e-02
-7.769018411636352539e-03 -1.089865341782569885e-02 1.564252376556396484e-02
7.680502533912658691e-02 3.460116684436798096e-03 7.419586181640625000e-04
-2.971339225769042969e-02 9.996496140956878662e-03 -5.915486812591552734e-02
-2.480000257492065430e-03 3.932155668735504150e-03 3.277122974395751953e-02
-8.519291877746582031e-03 -1.549500599503517151e-02 -1.105602979660034180e-01
-4.728296399116516113e-02 7.617115974426269531e-03 -2.866387367248535156e-02
6.802886724472045898e-03 -1.260720193386077881e-02 8.881664276123046875e-02
1.379027664661407471e-01 -8.244695141911506653e-03 5.729484558105468750e-02
-6.901192665100097656e-02 1.297399215400218964e-02 7.351541519165039062e-02
7.983249425888061523e-02 -1.296642981469631195e-02 -2.007150650024414062e-02
-6.181517243385314941e-02 -5.653403699398040771e-03 -1.019130945205688477e-01
-8.279126882553100586e-02 1.181604154407978058e-02 -3.021585941314697266e-02
-2.255874872207641602e-02 1.027309894561767578e-02 5.571413040161132812e-02
2.350670099258422852e-02 -2.723077312111854553e-03 3.663778305053710938e-03
9.136030077934265137e-02 2.486731112003326416e-02 -1.596570014953613281e-02
-7.891345024108886719e-02 -8.111966773867607117e-03 -2.902126312255859375e-02
4.168415069580078125e-02 1.764509454369544983e-02 1.088638305664062500e-01
5.674982070922851562e-02 -5.610195547342300415e-02 -9.137749671936035156e-03
4.640758037567138672e-02 -1.825368404388427734e-02 1.728078126907348633e-01
1.747250556945800781e-03 1.019909977912902832e-02 -4.247629642486572266e-02
7.168030738830566406e-02 1.159572601318359375e-02 7.504594326019287109e-02
-6.480908393859863281e-02 -4.355807602405548096e-02 -1.517924070358276367e-01
-1.259884834289550781e-01 3.742154687643051147e-02 -3.630471229553222656e-02
6.457936763763427734e-02 -3.069601953029632568e-03 -1.579666137695312500e-02
-3.240621089935302734e-02 3.428593277931213379e-03 -3.719925880432128906e-03
9.339028596878051758e-02 -2.510373294353485107e-02 3.231525421142578125e-03
-1.806474924087524414e-01 3.331521153450012207e-02 2.294278144836425781e-02
1.043164730072021484e-01 -1.172378659248352051e-02 -8.063042163848876953e-02
7.299017906188964844e-02 -1.121085137128829956e-02 -5.027413368225097656e-02
-1.407060623168945312e-01 3.212674334645271301e-02 2.470648288726806641e-02
4.892772436141967773e-02 -2.915382757782936096e-02 1.753950119018554688e-01
-1.367289125919342041e-01 3.642834722995758057e-02 -1.649699211120605469e-01
9.728768467903137207e-02 -3.595478087663650513e-02 7.667827606201171875e-02
-2.033329010009765625e-02 3.272502869367599487e-02 -1.245621442794799805e-01
-5.380469560623168945e-02 8.977752178907394409e-03 1.259565353393554688e-03
2.410736680030822754e-02 1.860052347183227539e-03 -2.002477645874023438e-03
5.036729574203491211e-02 6.335867568850517273e-03 8.840203285217285156e-03
3.344172239303588867e-02 -4.048991948366165161e-03 -7.228356599807739258e-02
-6.536781787872314453e-03 4.715614020824432373e-03 -2.724796533584594727e-02
-3.071102499961853027e-02 -1.162126287817955017e-02 1.378594636917114258e-01
-5.956399440765380859e-02 -2.090343274176120758e-02 -4.266619682312011719e-02
3.464233875274658203e-02 1.325300894677639008e-02 -8.642673492431640625e-04
5.165314674377441406e-02 4.139184951782226562e-03 2.729487419128417969e-02
-1.107593178749084473e-01 5.855266004800796509e-03 1.780283451080322266e-02
6.281861662864685059e-02 2.461610361933708191e-03 -6.157135963439941406e-02
7.497966289520263672e-04 8.481668308377265930e-03 5.973958969116210938e-02
-1.175373792648315430e-02 -5.157469771802425385e-03 -1.454651355743408203e-02
5.314499139785766602e-03 -1.275316718965768814e-02 4.673433303833007812e-02
2.006113529205322266e-02 1.118821650743484497e-02 -8.941149711608886719e-02
1.493251323699951172e-02 3.550011664628982544e-03 -3.693079948425292969e-02
1.659482717514038086e-02 8.963800966739654541e-03 -5.966377258300781250e-02
-2.458557486534118652e-02 -9.510856121778488159e-03 -1.702159643173217773e-02
-1.900345087051391602e-02 5.103554576635360718e-05 8.592277765274047852e-02
2.320301532745361328e-02 -5.397377535700798035e-04 -9.519088268280029297e-02
4.640889167785644531e-02 1.207634806632995605e-03 -7.379531860351562500e-03
-2.300333976745605469e-02 -5.006305873394012451e-04 4.089879989624023438e-02
-6.946259737014770508e-02 -2.771425992250442505e-03 8.206892013549804688e-02
5.692967772483825684e-02 -9.733013808727264404e-03 -4.521697759628295898e-02
-5.465087294578552246e-02 -7.671155035495758057e-03 9.475737810134887695e-02
6.878376007080078125e-04 9.825719520449638367e-03 -1.579046249389648438e-03
-2.641022205352783203e-03 -6.995763629674911499e-03 8.701276779174804688e-02
8.758902549743652344e-04 1.623064279556274414e-03 2.542459964752197266e-02
6.586661934852600098e-02 -8.465148508548736572e-03 -1.472246646881103516e-01
-2.676010131835937500e-02 6.472466513514518738e-03 5.705535411834716797e-02
-7.203683257102966309e-02 1.027289777994155884e-03 5.881822109222412109e-02
2.831852436065673828e-02 -5.418471992015838623e-04 -6.195926666259765625e-02
3.734275698661804199e-02 9.565912187099456787e-04 1.028695106506347656e-01
4.806044697761535645e-02 -6.569458171725273132e-03 9.269356727600097656e-03
-2.736592292785644531e-02 -5.665805190801620483e-03 -5.902051925659179688e-03
1.135483384132385254e-02 1.083873212337493896e-03 -7.843244075775146484e-02
2.235233783721923828e-03 -3.625258803367614746e-03 -5.571126937866210938e-03
-2.606502175331115723e-02 8.823722600936889648e-05 1.335144042968750000e-05
1.148662567138671875e-01 -8.678235113620758057e-03 -4.248940944671630859e-02
-1.135423779487609863e-01 8.852094411849975586e-03 -5.451536178588867188e-02
-2.658772468566894531e-02 5.272746086120605469e-03 9.098911285400390625e-02
-7.188260555267333984e-02 8.178068324923515320e-03 1.412236690521240234e-02
1.135513186454772949e-02 -3.868781030178070068e-03 -5.396676063537597656e-02
3.019300103187561035e-02 -4.536030814051628113e-03 -1.630282402038574219e-02
-4.220557212829589844e-02 9.261243045330047607e-03 -5.922317504882812500e-03
8.150812983512878418e-02 -1.644283533096313477e-03 6.541371345520019531e-03
1.395389437675476074e-02 -6.527863442897796631e-04 -1.775276660919189453e-02
-9.696602821350097656e-03 2.306649461388587952e-03 1.937913894653320312e-02
2.688512206077575684e-02 2.020038664340972900e-03 -1.073348522186279297e-02
4.496505856513977051e-02 -6.102230399847030640e-04 2.751851081848144531e-02
-2.266016602516174316e-02 -7.017791271209716797e-03 2.300155162811279297e-02
6.167578697204589844e-02 -1.626864075660705566e-02 3.230583667755126953e-02
-8.656355738639831543e-02 6.990287452936172485e-03 5.514180660247802734e-02
5.250054597854614258e-02 -1.067714765667915344e-02 1.055490970611572266e-02
4.954427480697631836e-03 1.880109310150146484e-03 4.899501800537109375e-04
-1.697936654090881348e-02 7.315415889024734497e-03 4.850983619689941406e-03
5.273258686065673828e-02 -3.430400043725967407e-03 2.427291870117187500e-02
-6.139719486236572266e-02 1.069679483771324158e-02 -1.085758209228515625e-03
-6.503236293792724609e-02 1.229325123131275177e-02 -6.561172008514404297e-02
1.170838475227355957e-01 -2.581871859729290009e-02 9.493792057037353516e-02
7.474541664123535156e-03 -9.508334100246429443e-03 6.018996238708496094e-03
-5.959758162498474121e-02 8.481480181217193604e-03 -8.546578884124755859e-02
-3.860434889793395996e-02 4.131041467189788818e-03 5.440890789031982422e-02
1.930877566337585449e-02 5.603715777397155762e-03 -1.131868362426757812e-02
4.305839538574218750e-03 1.589879393577575684e-03 3.864049911499023438e-03
-2.182468771934509277e-02 -5.844295024871826172e-03 1.047801971435546875e-01
2.652680873870849609e-02 7.374234497547149658e-03 -9.453082084655761719e-02
5.871951580047607422e-03 -4.150681197643280029e-03 7.037532329559326172e-02
3.949272632598876953e-02 -1.344162225723266602e-02 1.553952693939208984e-02
6.827777624130249023e-02 -1.334958523511886597e-02 -5.738019943237304688e-03
-1.701037287712097168e-01 3.245318681001663208e-02 1.386976242065429688e-02
-5.380955338478088379e-02 2.456581220030784607e-02 4.331231117248535156e-03
1.036048829555511475e-01 -1.298227906227111816e-02 6.102752685546875000e-02
-1.777213811874389648e-02 -6.074599921703338623e-03 -9.553647041320800781e-02
1.271480321884155273e-02 -1.457523927092552185e-02 4.028642177581787109e-02
5.814951658248901367e-02 -8.813530206680297852e-03 -9.648597240447998047e-02
-4.980039596557617188e-02 1.443251222372055054e-02 -5.972814559936523438e-02
4.806655645370483398e-02 -7.207840681076049805e-03 -1.539075374603271484e-02
-2.958077192306518555e-02 -6.623812019824981689e-03 1.240861415863037109e-02
-5.085968971252441406e-02 1.254393905401229858e-02 -3.706097602844238281e-02
6.626260280609130859e-02 -1.864463090896606445e-03 -3.921627998352050781e-03
-8.693268895149230957e-02 6.552420556545257568e-03 2.067196369171142578e-02
6.704673171043395996e-02 3.153704106807708740e-03 -2.021551132202148438e-03
-4.384368658065795898e-03 -1.271966844797134399e-02 2.530217170715332031e-03
-1.767498254776000977e-02 1.060687750577926636e-02 2.192699909210205078e-02
1.265202462673187256e-01 -2.503301203250885010e-02 5.958986282348632812e-02
-5.333137512207031250e-02 3.576807677745819092e-03 -3.939628601074218750e-03
1.165187358856201172e-02 7.620505988597869873e-03 -8.809816837310791016e-02
-3.815758228302001953e-02 1.564037799835205078e-02 -6.291699409484863281e-02
-1.303735375404357910e-01 9.108794853091239929e-03 1.207804679870605469e-02
7.744371891021728516e-03 -9.571714326739311218e-03 2.700388431549072266e-02
6.272834539413452148e-02 -1.955367624759674072e-04 -3.684520721435546875e-02
3.824925422668457031e-02 -3.036074340343475342e-04 8.344614505767822266e-02
1.293540000915527344e-03 -4.417162388563156128e-03 -1.164040565490722656e-01
3.118783235549926758e-03 -8.232053369283676147e-03 1.185182332992553711e-01
6.674489378929138184e-02 -2.871668338775634766e-02 7.481122016906738281e-02
-3.857141733169555664e-02 2.717238664627075195e-02 -1.200729608535766602e-01
-9.678250551223754883e-02 2.932910434901714325e-02 -6.498873233795166016e-02
9.967327117919921875e-03 -5.281731486320495605e-03 -9.211063385009765625e-03
-4.263746738433837891e-02 -2.725042402744293213e-03 1.007201671600341797e-01
-1.714840531349182129e-02 9.634837508201599121e-03 1.829063892364501953e-02
2.188339829444885254e-02 9.797252714633941650e-03 1.557707786560058594e-03
4.347088932991027832e-02 -1.812144182622432709e-03 -1.167225837707519531e-02
1.760590076446533203e-02 -5.421002395451068878e-03 -6.338334083557128906e-02
-6.695127487182617188e-02 2.689181827008724213e-03 -1.276361942291259766e-02
3.278577327728271484e-02 1.654419116675853729e-03 -1.745820045471191406e-02
8.304861187934875488e-02 -1.621543988585472107e-02 -7.612246274948120117e-02
9.494662284851074219e-03 -5.531739443540573120e-04 1.106590032577514648e-02
-5.980888009071350098e-02 1.261617615818977356e-02 4.094123840332031250e-02
-4.408851265907287598e-02 1.228000223636627197e-02 -3.990375995635986328e-02
-1.657566428184509277e-02 2.004727721214294434e-03 1.020705699920654297e-01
-4.489886760711669922e-02 -5.373897030949592590e-03 -1.289558410644531250e-02
4.204562306404113770e-02 6.944457069039344788e-03 -4.381537437438964844e-02
5.375573039054870605e-02 -2.677245065569877625e-02 2.156639099121093750e-02
1.242828071117401123e-01 -8.873367682099342346e-03 8.950483798980712891e-02
-1.093143820762634277e-01 1.033184118568897247e-02 -1.306239366531372070e-01
2.519446611404418945e-02 1.558022201061248779e-02 2.071857452392578125e-03
-7.725724577903747559e-02 4.021768458187580109e-03 4.622972011566162109e-02
-3.144821524620056152e-02 1.352446805685758591e-02 -9.087347984313964844e-02
-2.697250247001647949e-02 -1.551168411970138550e-02 9.687876701354980469e-02
-4.104804992675781250e-02 1.126818731427192688e-02 2.110028266906738281e-02
-3.469613194465637207e-02 1.694009825587272644e-02 8.172607421875000000e-02
7.550135254859924316e-02 -7.245961576700210571e-03 -1.265187263488769531e-01
1.577377319335937500e-03 2.056313492357730865e-02 8.696639537811279297e-02
3.540083765983581543e-02 -2.498042024672031403e-02 -2.030110955238342285e-01
4.286283254623413086e-02 -2.340910956263542175e-02 3.172200918197631836e-02
7.554084062576293945e-02 -2.148317731916904449e-02 9.793877601623535156e-03
-1.145287752151489258e-01 2.696652896702289581e-02 -2.734571695327758789e-02
7.497417926788330078e-02 -3.029886633157730103e-03 -3.895682096481323242e-02
-1.379060745239257812e-02 -1.062083989381790161e-03 8.175444602966308594e-02
-2.006685733795166016e-02 9.413883090019226074e-03 -2.035969495773315430e-02
-2.242594957351684570e-02 -1.223731040954589844e-02 -6.655806303024291992e-02
1.151689887046813965e-02 8.650813251733779907e-04 -4.296404123306274414e-02
3.863283991813659668e-02 -8.102549239993095398e-03 -1.201936006546020508e-01
2.425265312194824219e-02 -7.902882993221282959e-03 2.115505933761596680e-02
4.663765430450439453e-02 2.763606607913970947e-03 -8.827447891235351562e-04
-5.581521987915039062e-02 -1.400887966156005859e-03 4.388129711151123047e-02
-7.800787687301635742e-03 8.791469037532806396e-03 3.814947605133056641e-02
-1.636058092117309570e-02 4.361592233180999756e-03 1.313555240631103516e-02
-3.270465135574340820e-02 -9.317921474575996399e-03 1.152700185775756836e-02
-8.303970098495483398e-03 5.301395431160926819e-03 -1.220828294754028320e-02
2.788525819778442383e-02 -1.309141516685485840e-03 6.219744682312011719e-03
2.453565597534179688e-03 1.757507771253585815e-02 1.162397861480712891e-02
-4.768788814544677734e-03 -5.397135391831398010e-04 -2.875792980194091797e-02
2.755418419837951660e-02 -2.098879590630531311e-02 -1.184349656105041504e-01
-1.659670472145080566e-02 -2.190457284450531006e-02 7.606846094131469727e-02
1.128706336021423340e-02 1.447703130543231964e-02 6.561988592147827148e-02
-8.346647024154663086e-03 -1.483634300529956818e-02 -9.130793809890747070e-02
5.823522806167602539e-03 1.281850039958953857e-02 -2.070301771163940430e-02
1.597169041633605957e-02 1.372098922729492188e-04 2.325493097305297852e-02
-2.663442492485046387e-02 -2.713277935981750488e-03 5.396771430969238281e-02
1.389491558074951172e-02 2.282428182661533356e-02 3.464394807815551758e-02
1.058450341224670410e-02 -3.822661936283111572e-03 -2.823376655578613281e-02
4.249534010887145996e-02 5.846479907631874084e-03 -1.804095506668090820e-02
-3.935164213180541992e-02 -1.443815603852272034e-02 1.095694303512573242e-02
-4.578018188476562500e-02 1.227386295795440674e-03 7.095271348953247070e-02
4.985338449478149414e-02 -5.019556730985641479e-03 -2.924585342407226562e-02
-3.536993265151977539e-02 1.253298670053482056e-02 -1.399201154708862305e-02
-3.058773279190063477e-02 -1.939680799841880798e-02 -5.472981929779052734e-02
-9.686142206192016602e-03 6.062000989913940430e-03 7.251250743865966797e-02
2.139225602149963379e-02 1.072540879249572754e-02 7.824707031250000000e-02
-1.457947492599487305e-02 -8.405018597841262817e-03 -8.290749788284301758e-02
1.687076687812805176e-02 2.046425454318523407e-02 -3.750509023666381836e-02
1.147532463073730469e-02 -3.768756985664367676e-03 -2.233749628067016602e-02
-5.927681922912597656e-05 1.638904213905334473e-03 -4.637455940246582031e-02
2.505522966384887695e-02 -3.883108496665954590e-03 -4.600268602371215820e-02
6.575435400009155273e-03 6.966497749090194702e-03 3.790414333343505859e-02
1.138830184936523438e-02 -9.930159896612167358e-03 3.939998149871826172e-02
5.931004881858825684e-02 -1.392886042594909668e-02 -1.044537425041198730e-01
-2.116331458091735840e-02 -1.812740601599216461e-02 2.227807044982910156e-02
-2.442082762718200684e-02 1.011917740106582642e-02 3.686439990997314453e-02
2.215605974197387695e-02 -3.293596208095550537e-03 4.779338836669921875e-03
-3.304949402809143066e-02 6.123933941125869751e-03 5.048698186874389648e-02
2.724710106849670410e-02 -4.052262753248214722e-03 -5.726623535156250000e-02
1.159241795539855957e-02 1.259877905249595642e-02 -3.060096502304077148e-02
2.343887090682983398e-02 -1.553447917103767395e-03 -1.133841276168823242e-02
-2.462446689605712891e-02 -2.503823488950729370e-04 2.908647060394287109e-02
1.246619224548339844e-02 2.651782706379890442e-03 5.268168449401855469e-02
-3.153187036514282227e-02 -7.387703284621238708e-03 6.652754545211791992e-02
-2.056843042373657227e-02 -4.780784249305725098e-03 -6.120860576629638672e-03
-2.748224139213562012e-02 -9.395144879817962646e-03 -6.769239902496337891e-03
1.224860548973083496e-02 1.482594758272171021e-02 -2.779787778854370117e-02
-7.739812135696411133e-03 -3.216840326786041260e-03 5.444282293319702148e-02
1.289510726928710938e-02 -1.504354178905487061e-03 2.031123638153076172e-02
1.056948304176330566e-02 -8.404992520809173584e-03 -2.209389209747314453e-02
1.463449001312255859e-02 -5.634129047393798828e-04 -1.195073127746582031e-04
6.724119186401367188e-03 1.957269199192523956e-02 -3.536581993103027344e-03
-3.090161085128784180e-02 6.735667586326599121e-03 7.277822494506835938e-02
5.838727951049804688e-02 -1.311453618109226227e-02 -3.633892536163330078e-02
-4.664152860641479492e-02 1.591354608535766602e-03 -1.816838979721069336e-02
2.800160646438598633e-02 6.445122882723808289e-03 -7.383817434310913086e-02
-3.787076473236083984e-02 7.605977356433868408e-03 5.069845914840698242e-02
-3.597402572631835938e-02 5.310326814651489258e-03 4.061156511306762695e-02
-2.198100090026855469e-02 -8.381634950637817383e-03 5.378097295761108398e-02
5.837547779083251953e-02 9.439229965209960938e-03 -4.034024477005004883e-02
-1.124894618988037109e-02 9.324021637439727783e-03 -3.961998224258422852e-02
3.798687458038330078e-02 1.030564308166503906e-04 -7.236170768737792969e-02
-6.546121835708618164e-02 1.180398464202880859e-02 1.088010072708129883e-01
-2.307116985321044922e-03 7.148399949073791504e-03 -6.529271602630615234e-03
2.449381351470947266e-02 -2.935931086540222168e-03 2.046042680740356445e-02
-5.651891231536865234e-03 -1.230958104133605957e-02 2.297395467758178711e-02
1.569545269012451172e-02 -1.163710653781890869e-02 -7.259273529052734375e-02
-7.771521806716918945e-03 -9.126298129558563232e-03 5.029916763305664062e-03
5.354014039039611816e-02 2.308476716279983521e-03 -5.860227346420288086e-02
1.099306344985961914e-02 8.808825165033340454e-03 4.406929016113281250e-02
-4.622980952262878418e-02 1.108027994632720947e-03 1.057128310203552246e-01
-1.164248585700988770e-02 1.192685216665267944e-03 -8.868783712387084961e-02
-1.277229189872741699e-02 -3.916807472705841064e-03 3.876882791519165039e-02
8.935481309890747070e-03 -5.585364997386932373e-04 8.959829807281494141e-03
-9.102955460548400879e-03 -5.001381039619445801e-03 1.999360322952270508e-02
-3.938570618629455566e-03 -4.574678838253021240e-03 1.890277862548828125e-02
-3.819118440151214600e-02 -7.506864145398139954e-03 3.249067068099975586e-02
-9.685754776000976562e-04 -3.109268844127655029e-03 -7.539749145507812500e-03
2.849216759204864502e-02 -1.914151012897491455e-03 -3.728860616683959961e-02
-1.969066262245178223e-02 5.689602345228195190e-03 4.866063594818115234e-03
1.283541321754455566e-02 1.996872946619987488e-03 5.693411827087402344e-02
2.157580852508544922e-02 3.810791298747062683e-03 2.201056480407714844e-02
2.361005544662475586e-02 -9.732980281114578247e-03 6.330013275146484375e-03
2.037009596824645996e-02 1.655831187963485718e-02 -7.206708192825317383e-02
-1.498723030090332031e-02 -5.823727697134017944e-04 3.882545232772827148e-02
-3.536826372146606445e-02 -2.001909539103507996e-03 1.882958412170410156e-02
-3.374189138412475586e-03 9.836945682764053345e-04 2.759563922882080078e-02
-5.172014236450195312e-03 6.353152915835380554e-03 -2.361416816711425781e-03
