0.000000000000000000e+00 0.000000000000000000e+00 0.000000000000000000e+00
-1.300439238548278809e-03 4.599548876285552979e-03 3.255617618560791016e-02
1.672556996345520020e-02 3.392472863197326660e-04 -1.327908039093017578e-02
1.099474728107452393e-02 -6.318837404251098633e-05 -7.625341415405273438e-03
-1.435357332229614258e-02 6.219483911991119385e-04 1.906609535217285156e-02
-1.161426305770874023e-03 3.973208367824554443e-03 5.764615535736083984e-02
-2.956351637840270996e-02 5.511809140443801880e-04 3.490686416625976562e-02
-3.086464107036590576e-02 -3.864411264657974243e-04 -1.466333866119384766e-02
-2.301190793514251709e-02 -4.443328827619552612e-03 -1.684463024139404297e-02
-4.647734761238098145e-02 7.275560870766639709e-03 -1.137762069702148438e-01
-4.717707633972167969e-05 4.453901201486587524e-04 2.615070343017578125e-02
-4.349431395530700684e-02 -8.180705830454826355e-03 -6.050348281860351562e-03
-2.333015203475952148e-03 -1.570040360093116760e-03 -6.150192022323608398e-02
-6.184884905815124512e-02 -2.594437450170516968e-03 4.033076763153076172e-02
-1.759341359138488770e-02 -1.931451261043548584e-04 -1.180434226989746094e-02
-2.301640808582305908e-02 -1.989413052797317505e-03 -4.357731342315673828e-02
-4.069358110427856445e-02 3.335946053266525269e-02 1.530759930610656738e-01
2.020418643951416016e-02 -3.589047491550445557e-02 2.348947525024414062e-02
-5.138736963272094727e-02 -5.522504448890686035e-03 -1.515185832977294922e-02
-4.046094417572021484e-02 -2.764771692454814911e-02 -1.140812635421752930e-01
-4.628729820251464844e-02 1.911588013172149658e-03 -1.950478553771972656e-02
-4.857772588729858398e-02 1.386043243110179901e-02 -1.081229448318481445e-01
-5.712515115737915039e-02 -1.302845589816570282e-02 -5.948030948638916016e-02
-5.655485391616821289e-02 2.407919429242610931e-02 -4.175895452499389648e-02
6.031811237335205078e-02 1.537772268056869507e-02 -7.504808902740478516e-02
-1.965522766113281250e-03 4.144091159105300903e-03 5.545181035995483398e-02
8.141374588012695312e-02 -9.018920361995697021e-03 -1.231690645217895508e-01
7.059729099273681641e-02 7.327876985073089600e-03 -2.150521278381347656e-01
-9.948581457138061523e-02 1.595076173543930054e-04 9.883415699005126953e-02
4.040551185607910156e-02 3.634123131632804871e-03 1.666802167892456055e-02
2.054417133331298828e-02 4.306159913539886475e-03 -9.904259443283081055e-02
5.165809392929077148e-02 -2.657186239957809448e-03 -2.159109711647033691e-01
-7.945090532302856445e-02 7.918562740087509155e-03 1.522034406661987305e-02
-8.608579635620117188e-02 -1.795992255210876465e-03 -9.475818276405334473e-02
-6.521475315093994141e-02 1.746568828821182251e-03 -2.904155850410461426e-02
-1.078763008117675781e-01 5.600389093160629272e-03 -7.105350494384765625e-02
9.621387720108032227e-02 1.882814057171344757e-02 -2.759912610054016113e-02
-1.054298877716064453e-02 1.063699275255203247e-02 8.636179566383361816e-02
3.644269704818725586e-02 3.744632005691528320e-03 -3.846225142478942871e-02
-1.386290788650512695e-02 -2.750405110418796539e-02 -2.691960148513317108e-02
5.465447902679443359e-03 -7.289420813322067261e-03 -2.214318513870239258e-02
4.041326045989990234e-02 -2.649102360010147095e-03 4.724520444869995117e-02
-1.068636178970336914e-01 2.049149014055728912e-02 -2.630898170173168182e-02
4.276955127716064453e-02 -1.328105665743350983e-02 -1.077833771705627441e-02
3.334224224090576172e-02 -4.609737545251846313e-03 -6.422212719917297363e-02
-8.097898960113525391e-02 1.378074288368225098e-03 -7.259830832481384277e-02
9.117537736892700195e-02 1.485001295804977417e-03 -2.715034782886505127e-02
-6.268084049224853516e-03 -1.285523176193237305e-03 1.826566457748413086e-02
4.853135347366333008e-02 4.747446626424789429e-03 -3.788368403911590576e-02
-3.338027000427246094e-02 7.201312109827995300e-03 2.713802456855773926e-02
2.308666706085205078e-02 8.565671741962432861e-03 3.781422972679138184e-02
-6.893754005432128906e-03 -1.242649741470813751e-02 6.739675998687744141e-03
1.307398080825805664e-02 -9.651646018028259277e-03 1.384803652763366699e-02
3.111279010772705078e-02 -2.281747758388519287e-03 1.765853166580200195e-02
-1.682734489440917969e-02 -6.305573508143424988e-03 1.770958304405212402e-02
6.842267513275146484e-02 -4.272395744919776917e-03 -1.056399941444396973e-02
1.771718263626098633e-02 1.117244362831115723e-03 3.289443254470825195e-02
-5.611127614974975586e-02 2.109138295054435730e-02 1.740086264908313751e-02
2.258867025375366211e-02 -1.441733166575431824e-02 9.205043315887451172e-03
-4.187881946563720703e-03 2.235598862171173096e-03 4.219681024551391602e-03
-1.700210571289062500e-02 -3.865536302328109741e-03 -1.535227894783020020e-02
-4.890727996826171875e-02 1.851245760917663574e-03 -5.718833208084106445e-02
1.426100730895996094e-02 1.898575574159622192e-03 -3.217667341232299805e-03
-2.219235897064208984e-02 6.675519049167633057e-03 -1.064699888229370117e-02
-8.629322052001953125e-03 -6.785381585359573364e-03 -1.386725902557373047e-02
8.990764617919921875e-03 4.931915551424026489e-03 1.364290714263916016e-03
-7.576346397399902344e-03 4.469126462936401367e-03 -2.894687652587890625e-02
3.513753414154052734e-03 1.376628875732421875e-03 -1.234385371208190918e-02
-8.800208568572998047e-03 2.350892871618270874e-03 -3.393381834030151367e-03
-1.022827625274658203e-02 -6.719082593917846680e-04 7.605126500129699707e-02
4.323637485504150391e-02 -5.198206752538681030e-03 -3.685808181762695312e-02
-1.262885332107543945e-02 1.477591693401336670e-03 4.203200340270996094e-02
-8.363723754882812500e-04 1.419786363840103149e-03 -5.005314946174621582e-02
1.346707344055175781e-02 -7.888708263635635376e-03 1.186996698379516602e-02
5.950635671615600586e-02 5.594465881586074829e-03 2.504035830497741699e-02
1.932668685913085938e-02 -1.025711372494697571e-02 8.088666200637817383e-02
-3.098225593566894531e-02 6.400570273399353027e-04 -1.174643635749816895e-02
1.342916488647460938e-02 1.402784138917922974e-02 -3.585892915725708008e-02
-6.277555227279663086e-02 -1.491548866033554077e-02 -2.178224921226501465e-02
-2.801495790481567383e-02 5.887642502784729004e-03 -4.094544053077697754e-02
5.502343177795410156e-02 -7.759056985378265381e-03 1.261824369430541992e-02
-4.261988401412963867e-02 -1.263161748647689819e-02 -8.155316114425659180e-03
7.686477899551391602e-02 1.380689069628715515e-02 -2.653074264526367188e-02
-3.256273269653320312e-02 8.808460086584091187e-03 3.137606382369995117e-02
1.381397247314453125e-03 -4.283823072910308838e-03 1.355949044227600098e-02
-2.943390607833862305e-02 2.598427236080169678e-03 -5.326604843139648438e-02
-2.281349897384643555e-02 2.960760146379470825e-03 2.266994118690490723e-02
-3.601610660552978516e-03 2.251639962196350098e-03 -2.186247706413269043e-02
4.483354091644287109e-02 2.487052232027053833e-03 9.162724018096923828e-03
-2.094548940658569336e-02 6.079601123929023743e-03 1.902300119400024414e-02
-6.044864654541015625e-03 -9.331287816166877747e-03 3.619730472564697266e-02
5.432844161987304688e-03 4.204086959362030029e-03 2.059921622276306152e-02
1.933038234710693359e-02 -3.323473036289215088e-03 -8.169054985046386719e-03
7.668721675872802734e-02 2.512037754058837891e-04 -1.030814647674560547e-02
-2.836573123931884766e-02 4.999706521630287170e-03 -8.407890796661376953e-03
5.177211761474609375e-02 1.198403537273406982e-03 3.189024329185485840e-02
-1.238083839416503906e-02 -7.838057354092597961e-03 -4.679012298583984375e-02
2.487421035766601562e-03 -1.089755445718765259e-03 3.971463441848754883e-02
5.561989545822143555e-02 4.838719964027404785e-03 1.102942228317260742e-02
-6.004750728607177734e-03 1.514341682195663452e-03 -7.283598184585571289e-03
3.816348314285278320e-02 -9.208381175994873047e-03 -2.996882796287536621e-02
-2.596759796142578125e-02 -3.354430198669433594e-03 -1.820376515388488770e-02
-5.643427371978759766e-02 -4.153050482273101807e-03 3.754466772079467773e-02
-1.074212193489074707e-01 6.469793617725372314e-03 1.559466123580932617e-03
1.380411386489868164e-01 -8.282639086246490479e-03 -1.455351710319519043e-02
-1.846516132354736328e-02 3.551084548234939575e-03 3.694254159927368164e-02
-4.073387384414672852e-02 1.190843060612678528e-02 -2.797779440879821777e-02
6.210446357727050781e-03 -3.291901201009750366e-03 2.944007515907287598e-02
9.489756822586059570e-02 -5.432542413473129272e-03 2.276674099266529083e-02
3.246188163757324219e-03 4.344444721937179565e-03 2.725356817245483398e-02
-1.161777973175048828e-01 -6.682597100734710693e-03 -2.444022893905639648e-02
-2.563953399658203125e-02 -2.425376325845718384e-03 -4.022663831710815430e-02
3.356152772903442383e-02 -1.947045326232910156e-03 1.403942704200744629e-02
-4.599970579147338867e-02 8.070416748523712158e-03 -2.658665180206298828e-03
3.732544183731079102e-02 1.878883130848407745e-02 -8.184015750885009766e-03
-2.362120151519775391e-02 -8.359029889106750488e-04 8.302271366119384766e-03
-3.044950962066650391e-02 -5.617968738079071045e-03 2.773627825081348419e-02
3.512853384017944336e-02 -7.424199953675270081e-03 -1.081776618957519531e-02
-6.022238731384277344e-02 -1.680888235569000244e-04 1.345545053482055664e-03
1.344281435012817383e-02 -9.057216346263885498e-03 6.254911422729492188e-04
-5.114203691482543945e-02 -2.594295889139175415e-03 -2.185067720711231232e-02
5.595564842224121094e-03 2.474337816238403320e-04 4.797348380088806152e-02
-2.974748611450195312e-02 -1.044571399688720703e-04 -1.399943232536315918e-02
1.291457414627075195e-01 3.502320498228073120e-03 2.223169803619384766e-02
7.940500974655151367e-02 -6.834413856267929077e-03 1.180860400199890137e-02
3.516960144042968750e-02 -4.710169509053230286e-03 -1.537799835205078125e-04
-8.024156093597412109e-03 2.776999026536941528e-04 6.891080737113952637e-02
-9.268832206726074219e-02 1.959862187504768372e-03 2.749124169349670410e-02
-3.885030746459960938e-03 -1.545924507081508636e-02 6.090009212493896484e-02
4.141813516616821289e-02 2.657192572951316833e-02 -3.830046951770782471e-02
-1.109347343444824219e-01 -1.614269986748695374e-02 2.276233583688735962e-01
-1.379746198654174805e-02 -2.379936352372169495e-02 1.497585177421569824e-01
-2.135443687438964844e-01 1.939084008336067200e-02 1.351453661918640137e-01
8.707189559936523438e-02 7.017821073532104492e-03 7.538318634033203125e-03
3.522229194641113281e-02 7.790263742208480835e-03 -7.222014665603637695e-02
-1.377856731414794922e-02 7.091015577316284180e-04 6.074851751327514648e-02
6.089091300964355469e-03 2.430502325296401978e-03 -3.240108489990234375e-03
1.657168865203857422e-01 -6.318651139736175537e-03 1.903009414672851562e-02
3.786534070968627930e-02 -3.140456601977348328e-02 9.474718570709228516e-02
1.083777546882629395e-01 2.838715910911560059e-03 -5.680954456329345703e-02
8.872614800930023193e-02 2.752564847469329834e-03 3.918123245239257812e-02
5.007928609848022461e-02 -1.075083389878273010e-03 -6.873548030853271484e-02
-4.223170876502990723e-02 -1.315692625939846039e-02 1.580445766448974609e-01
4.765236377716064453e-02 -1.000536046922206879e-02 2.180886268615722656e-02
2.612158656120300293e-02 1.221344061195850372e-02 2.939921617507934570e-02
3.473106026649475098e-02 3.846216946840286255e-03 3.799796104431152344e-04
9.017586708068847656e-04 5.448706448078155518e-03 2.720057964324951172e-03
-2.468098700046539307e-02 1.287171244621276855e-02 7.827389240264892578e-02
-4.386939108371734619e-02 -1.086082309484481812e-03 4.543405771255493164e-02
-3.070741891860961914e-03 -5.682203918695449829e-03 6.055045127868652344e-02
-1.097157597541809082e-02 2.181486040353775024e-02 7.643103599548339844e-03
8.782103657722473145e-03 -1.575163379311561584e-02 3.530168533325195312e-02
4.543633759021759033e-02 -1.488189026713371277e-02 -2.396476268768310547e-02
-4.516363143920898438e-03 2.693940699100494385e-02 9.945797920227050781e-02
1.916188001632690430e-02 -2.070141769945621490e-02 -5.398058891296386719e-02
1.305693387985229492e-02 4.269439727067947388e-03 5.228781700134277344e-02
1.452982425689697266e-02 1.415506005287170410e-03 7.518291473388671875e-03
3.250280022621154785e-02 5.164091475307941437e-03 2.918159961700439453e-02
-2.761951088905334473e-02 3.601875156164169312e-03 6.213366985321044922e-02
-3.330165147781372070e-02 -1.149324420839548111e-02 -3.908193111419677734e-02
4.294356703758239746e-02 -1.667365431785583496e-03 -4.195761680603027344e-02
1.156687736511230469e-02 5.245618522167205811e-03 1.342737674713134766e-02
3.466796875000000000e-02 5.357086658477783203e-03 -8.811640739440917969e-02
3.767859935760498047e-02 -1.153540611267089844e-02 7.350075244903564453e-02
3.983631730079650879e-02 -4.494946449995040894e-03 6.996393203735351562e-03
-3.662520647048950195e-02 5.161892622709274292e-04 -5.343365669250488281e-02
-5.377075076103210449e-02 1.163443550467491150e-03 5.471539497375488281e-02
2.453547716140747070e-02 8.036258630454540253e-03 -3.194427490234375000e-02
-1.581430435180664062e-02 -5.532396025955677032e-03 2.429425716400146484e-02
-9.169638156890869141e-03 3.191180527210235596e-03 -5.280113220214843750e-02
-3.640988469123840332e-02 8.474774658679962158e-04 2.495229244232177734e-02
5.059844255447387695e-02 -1.019599102437496185e-02 -5.508911609649658203e-02
-1.596170663833618164e-02 -1.347729936242103577e-02 1.031682491302490234e-01
2.324035763740539551e-02 5.979444831609725952e-03 -1.089216470718383789e-01
-4.693776369094848633e-03 -4.847273230552673340e-04 -8.511495590209960938e-02
-2.197535336017608643e-02 2.198774926364421844e-02 -6.605184078216552734e-02
-1.133604347705841064e-02 1.871624588966369629e-02 1.180245876312255859e-01
5.526310205459594727e-02 -2.008077129721641541e-02 -5.297267436981201172e-02
3.789281845092773438e-02 -2.684968523681163788e-02 -3.293812274932861328e-02
3.116539120674133301e-02 2.829617634415626526e-02 5.662882328033447266e-02
-9.337797760963439941e-03 -7.096159271895885468e-03 -1.607072353363037109e-02
-1.070041954517364502e-02 5.181344226002693176e-03 -3.620624542236328125e-03
-5.649498105049133301e-02 9.354216977953910828e-03 9.005296230316162109e-02
7.131430506706237793e-02 -3.786897286772727966e-03 6.461215019226074219e-02
5.615891516208648682e-02 -9.248601272702217102e-03 -1.251118183135986328e-01
-1.093804389238357544e-01 -3.113768994808197021e-03 -2.467918395996093750e-02
-1.578468084335327148e-02 2.267705276608467102e-03 7.337093353271484375e-02
-1.003697514533996582e-02 -6.576975807547569275e-03 1.195669174194335938e-02
2.273920178413391113e-02 -1.471051946282386780e-03 -8.277416229248046875e-03
-3.336310386657714844e-03 2.123327925801277161e-03 1.150608062744140625e-03
-1.749321818351745605e-02 2.455785870552062988e-04 -1.549351215362548828e-02
2.890893816947937012e-02 4.199324175715446472e-03 -2.997040748596191406e-02
1.260629296302795410e-02 3.301838412880897522e-03 3.256094455718994141e-02
-5.673086643218994141e-02 -6.875941529870033264e-03 1.426088809967041016e-02
-1.379069685935974121e-02 5.602478981018066406e-03 -1.535427570343017578e-02
1.026055216789245605e-02 -1.104484684765338898e-02 2.260875701904296875e-02
-1.322579383850097656e-02 -1.941043883562088013e-03 -2.315866947174072266e-02
4.510161280632019043e-02 1.945808529853820801e-03 2.388083934783935547e-02
-2.305209636688232422e-04 1.039247959852218628e-03 -6.360507011413574219e-02
1.573318243026733398e-02 3.305502235889434814e-03 -3.544914722442626953e-02
-1.106724143028259277e-02 -8.268207311630249023e-04 -5.584877729415893555e-02
9.515821933746337891e-03 -4.763212054967880249e-04 5.233865976333618164e-02
-5.543747544288635254e-02 -2.846635878086090088e-03 1.247441768646240234e-02
2.174723148345947266e-02 -3.474919125437736511e-03 -3.452706336975097656e-02
9.903311729431152344e-05 3.272822126746177673e-03 1.182007789611816406e-02
6.909283995628356934e-02 -1.931646838784217834e-03 3.711426258087158203e-02
-1.404505968093872070e-02 5.680903792381286621e-03 1.006841659545898438e-02
-6.989866495132446289e-03 2.370445057749748230e-03 -5.348682403564453125e-03
-7.846674323081970215e-02 -5.410127341747283936e-04 2.399206161499023438e-02
1.564309000968933105e-02 -1.038370840251445770e-02 -3.143250942230224609e-02
1.872089505195617676e-02 4.979571327567100525e-03 1.895880699157714844e-02
-2.638021111488342285e-02 6.089230999350547791e-03 -4.220604896545410156e-03
-7.372736930847167969e-03 6.696069613099098206e-03 7.112741470336914062e-03
5.807369947433471680e-03 -1.115126349031925201e-02 -4.168629646301269531e-03
1.315245032310485840e-02 -8.088424801826477051e-03 -8.074820041656494141e-02
1.418060064315795898e-02 1.035955175757408142e-02 4.602086544036865234e-02
-8.553564548492431641e-04 3.744130954146385193e-03 4.623758792877197266e-02
-1.087379455566406250e-02 -1.193899661302566528e-04 2.393245697021484375e-03
-1.096206903457641602e-02 2.345399186015129089e-02 -5.967211723327636719e-02
1.427641510963439941e-02 2.513440325856208801e-03 -1.903188228607177734e-02
4.337877035140991211e-03 -2.669803798198699951e-03 -4.187983274459838867e-02
-1.528051495552062988e-02 -2.238134853541851044e-02 7.245177030563354492e-02
-5.075255036354064941e-02 2.459858544170856476e-03 4.374122619628906250e-02
-2.957433462142944336e-03 8.887565694749355316e-03 -1.852035522460937500e-02
5.197161436080932617e-02 -2.970875240862369537e-03 3.720164299011230469e-03
-4.181084036827087402e-02 -1.987395063042640686e-02 -3.460657596588134766e-02
5.954632163047790527e-02 4.475252702832221985e-03 -1.477292776107788086e-01
-2.027729153633117676e-02 2.497708424925804138e-03 2.548313140869140625e-02
1.496270298957824707e-02 -4.751514643430709839e-03 1.200582981109619141e-01
7.252037525177001953e-03 2.291128039360046387e-04 -6.927579641342163086e-02
-7.582235336303710938e-02 1.192374341189861298e-02 -5.269300937652587891e-02
8.902907371520996094e-03 -2.097625285387039185e-03 -3.491622209548950195e-02
1.766169071197509766e-02 -4.058038815855979919e-03 -4.270660877227783203e-02
-4.192984104156494141e-02 -1.134108565747737885e-02 -2.176016569137573242e-02
-4.074573516845703125e-04 8.114363998174667358e-03 -2.316206693649291992e-02
-7.275307178497314453e-02 9.232170879840850830e-03 2.733659744262695312e-02
9.872615337371826172e-04 2.590566873550415039e-03 -1.047962903976440430e-02
3.320476412773132324e-02 -9.869448840618133545e-03 7.317548990249633789e-02
-4.847049713134765625e-03 6.144493818283081055e-03 1.435289382934570312e-01
-3.069764375686645508e-02 -4.945658147335052490e-04 1.662635803222656250e-01
-1.621940732002258301e-02 8.856983855366706848e-03 -1.935194730758666992e-01
3.430426120758056641e-03 -9.364865720272064209e-03 4.656934738159179688e-02
2.535000443458557129e-02 5.177496001124382019e-03 7.191538810729980469e-03
-2.067536115646362305e-02 8.838240057229995728e-03 -1.656711101531982422e-02
1.723363995552062988e-02 -1.610681787133216858e-02 1.259791851043701172e-02
3.319025039672851562e-03 -7.186627015471458435e-03 -1.440823078155517578e-02
-4.055586457252502441e-02 1.425711810588836670e-02 -8.929783105850219727e-02
1.243512332439422607e-01 -5.704410374164581299e-03 -4.775893688201904297e-02
-4.402130842208862305e-02 -3.779157996177673340e-03 5.125927925109863281e-02
3.526312112808227539e-02 -2.110628411173820496e-03 -3.381240367889404297e-02
-1.701289415359497070e-02 -6.708513945341110229e-03 4.148399829864501953e-02
-9.068548679351806641e-03 1.986827701330184937e-03 -6.555277109146118164e-02
-3.041404485702514648e-02 6.839763373136520386e-03 5.352491140365600586e-02
-1.892584562301635742e-02 -5.798354744911193848e-03 1.347517967224121094e-02
-9.217752516269683838e-02 1.142571121454238892e-02 3.398823738098144531e-02
-5.951970815658569336e-02 1.566643640398979187e-02 -2.460628747940063477e-02
6.854391098022460938e-02 -5.166129209101200104e-03 -3.034222126007080078e-02
3.981177508831024170e-02 -3.682504408061504364e-03 2.438604831695556641e-03
-5.099646747112274170e-02 -6.481900811195373535e-03 -2.049863338470458984e-03
4.303812980651855469e-03 1.384931616485118866e-02 1.079887151718139648e-01
-1.632732152938842773e-02 -7.356508634984493256e-03 -1.543998122215270996e-01
-5.506056547164916992e-02 1.572291553020477295e-02 1.387238502502441406e-02
-4.772400856018066406e-02 1.706325635313987732e-02 7.174867391586303711e-02
-4.654049873352050781e-02 1.051381230354309082e-03 5.802416801452636719e-02
-8.631646633148193359e-03 5.851449444890022278e-03 -2.846497297286987305e-02
2.157789468765258789e-02 -4.691237583756446838e-03 -2.341157197952270508e-02
2.073866128921508789e-02 -1.129611581563949585e-02 -1.187713742256164551e-01
4.668831825256347656e-04 -7.013410329818725586e-03 -6.567472219467163086e-02
4.247641563415527344e-02 9.311985224485397339e-03 1.479430794715881348e-01
3.019708395004272461e-02 9.089253842830657959e-03 -1.124877333641052246e-01
-1.806646585464477539e-02 -1.388393715023994446e-02 6.730467081069946289e-02
3.613573312759399414e-02 -6.822954863309860229e-03 -1.141481995582580566e-01
-2.266538143157958984e-02 -1.415075175464153290e-02 -2.735966444015502930e-02
4.183650016784667969e-02 7.817661389708518982e-03 -2.851414680480957031e-02
-5.181121826171875000e-02 -7.256226614117622375e-03 1.485531330108642578e-01
5.085796117782592773e-02 -7.112683728337287903e-03 4.811418056488037109e-02
-2.122586965560913086e-02 -5.045853555202484131e-03 -1.083315610885620117e-01
5.960750579833984375e-02 -3.613930195569992065e-03 -7.064175605773925781e-02
-2.391731739044189453e-02 1.657139882445335388e-02 7.690936326980590820e-02
3.833866119384765625e-02 -3.242334350943565369e-03 -1.851412057876586914e-01
-3.504806756973266602e-02 1.511625945568084717e-03 7.523894309997558594e-03
2.764046192169189453e-03 -1.426462084054946899e-03 -1.899302005767822266e-03
1.905584335327148438e-02 7.426390424370765686e-03 1.300567388534545898e-02
1.146644353866577148e-02 6.869509816169738770e-03 3.330242633819580078e-02
-6.816947460174560547e-02 -3.876896575093269348e-03 -6.193143129348754883e-02
-8.009308576583862305e-02 2.688637934625148773e-02 1.350760459899902344e-01
2.759993076324462891e-03 -9.768672287464141846e-03 -1.073032617568969727e-02
-9.092468023300170898e-02 -1.943660154938697815e-02 -9.827136993408203125e-03
-5.347955226898193359e-02 1.532743126153945923e-02 8.361101150512695312e-02
4.097205400466918945e-02 -8.457526564598083496e-03 1.832491159439086914e-02
-1.254028081893920898e-02 -5.923867225646972656e-03 3.413867950439453125e-02
4.324615001678466797e-03 3.812566399574279785e-03 -3.681898117065429688e-03
-9.307920932769775391e-03 7.419988512992858887e-03 7.402217388153076172e-02
-3.204584121704101562e-03 -8.702024817466735840e-03 -5.809080600738525391e-02
-6.008845567703247070e-02 2.083287388086318970e-02 9.362250566482543945e-02
6.480544805526733398e-02 3.317050635814666748e-03 -1.586983203887939453e-01
-2.351999282836914062e-04 -6.708920001983642578e-03 -2.102464437484741211e-02
-4.981690645217895508e-02 3.936067223548889160e-04 4.104554653167724609e-03
9.386777877807617188e-03 -1.630703359842300415e-02 -3.683143854141235352e-02
2.330112457275390625e-02 2.289839088916778564e-03 -1.644134521484375000e-02
-4.834288358688354492e-02 7.619522511959075928e-04 -3.818333148956298828e-03
-3.745138645172119141e-03 -6.742663681507110596e-04 2.373141050338745117e-02
-3.328579664230346680e-02 1.936838030815124512e-03 -1.708316802978515625e-02
-1.914173364639282227e-02 2.201441675424575806e-03 -9.231448173522949219e-03
6.846606731414794922e-03 -1.168184354901313782e-02 2.233266830444335938e-02
-1.925230026245117188e-05 1.494072377681732178e-03 -3.066825866699218750e-02
-6.454712152481079102e-02 1.328058168292045593e-02 1.051247119903564453e-03
5.798137187957763672e-02 -7.876191288232803345e-03 -4.107862710952758789e-02
-8.290404081344604492e-02 1.734533160924911499e-02 4.267174005508422852e-02
8.223932981491088867e-02 -2.622517943382263184e-02 1.721054315567016602e-02
-6.190478801727294922e-02 -5.551461130380630493e-03 3.697305917739868164e-02
1.271992921829223633e-02 1.708700880408287048e-02 -3.915768861770629883e-02
-1.030761003494262695e-02 -1.060056686401367188e-02 -2.779537439346313477e-02
1.561999320983886719e-03 9.131133556365966797e-04 -5.553126335144042969e-02
-1.984691619873046875e-02 -4.410523921251296997e-03 2.382045984268188477e-02
7.702362537384033203e-02 2.952318638563156128e-03 -4.097574949264526367e-02
-4.236900806427001953e-02 1.708351820707321167e-02 2.880692481994628906e-04
-2.474659681320190430e-02 3.540135920047760010e-03 -1.437282562255859375e-02
-3.603678941726684570e-02 -3.539778292179107666e-03 -6.262260675430297852e-02
-3.717219829559326172e-02 4.700925201177597046e-03 -3.262919187545776367e-02
-1.880550384521484375e-02 8.391391485929489136e-03 -1.369172334671020508e-02
-3.559172153472900391e-03 -4.977889358997344971e-03 -3.259664773941040039e-02
2.275526523590087891e-03 -2.838671207427978516e-05 -6.000006198883056641e-02
9.863740205764770508e-02 -1.415241509675979614e-03 -1.218196749687194824e-01
-1.945114135742187500e-02 1.108158379793167114e-03 -4.911762475967407227e-02
-3.781807422637939453e-02 1.266833581030368805e-02 -4.701143503189086914e-02
2.679055929183959961e-02 -2.289243042469024658e-03 -9.531378746032714844e-02
-3.938138484954833984e-03 -5.561113357543945312e-05 -8.325755596160888672e-03
1.381617784500122070e-02 1.201149821281433105e-02 -4.227784276008605957e-02
-1.069784164428710938e-02 -4.594691097736358643e-03 -1.582291722297668457e-02
6.320941448211669922e-02 -1.553711853921413422e-02 -7.585510611534118652e-02
9.369635581970214844e-02 -7.798690348863601685e-03 -3.907185792922973633e-02
4.180967807769775391e-02 3.572635352611541748e-03 -3.798192739486694336e-02
1.227480173110961914e-02 1.821286976337432861e-03 -6.820735335350036621e-02
-8.786261081695556641e-03 -1.634062454104423523e-02 -1.576530933380126953e-02
3.214085102081298828e-02 1.228977739810943604e-02 -2.091819047927856445e-02
-3.553146123886108398e-02 1.235320046544075012e-02 1.498842239379882812e-02
4.126209020614624023e-02 -8.711267262697219849e-03 -7.343024015426635742e-02
-4.500818252563476562e-02 7.324635982513427734e-03 -5.661666393280029297e-03
-1.089608669281005859e-01 -5.785048007965087891e-03 -4.829525947570800781e-03
7.741451263427734375e-03 6.282169371843338013e-03 -6.268057227134704590e-02
1.488876342773437500e-02 -6.144382059574127197e-04 -3.963437676429748535e-02
1.101303100585937500e-02 -1.262525469064712524e-02 -6.172645092010498047e-02
1.764708757400512695e-02 -2.008279412984848022e-02 2.382665872573852539e-03
-2.580565214157104492e-02 2.959303930401802063e-02 3.484168648719787598e-02
-2.288079261779785156e-02 1.440480351448059082e-03 3.403842449188232422e-03
7.851123809814453125e-03 1.359604485332965851e-02 -9.822994470596313477e-03
-1.351594924926757812e-02 1.765266060829162598e-04 -9.313794970512390137e-02
-5.612206459045410156e-02 3.213509917259216309e-04 2.487799525260925293e-02
2.496826648712158203e-02 -5.495354533195495605e-03 -6.701979041099548340e-02
-8.979260921478271484e-03 1.936621963977813721e-03 -9.657561779022216797e-03
-1.519584655761718750e-02 -8.301226422190666199e-03 2.336508035659790039e-02
-6.790220737457275391e-03 -4.270967096090316772e-03 -7.120442390441894531e-02
6.112813949584960938e-03 -3.980286419391632080e-03 -3.275752067565917969e-02
1.033353805541992188e-02 -3.170017153024673462e-03 -1.481348276138305664e-02
-2.775669097900390625e-03 3.290273249149322510e-03 4.666620492935180664e-02
9.844541549682617188e-03 8.182302117347717285e-03 -1.712381839752197266e-03
-4.324662685394287109e-02 2.265779301524162292e-03 9.757012128829956055e-02
2.712368965148925781e-03 -6.362320855259895325e-03 -5.683284997940063477e-02
6.193757057189941406e-03 1.019939966499805450e-02 4.391497373580932617e-02
-2.077615261077880859e-02 7.988125085830688477e-03 3.231346607208251953e-02
4.869699478149414062e-04 -1.307230256497859955e-02 -2.106869220733642578e-02
6.411254405975341797e-03 1.185869798064231873e-03 5.387941002845764160e-02
1.610022783279418945e-02 7.901228964328765869e-03 4.499483108520507812e-02
-6.378293037414550781e-04 8.308358490467071533e-03 -1.554149389266967773e-02
4.697793722152709961e-02 -3.993868827819824219e-03 -9.034678339958190918e-02
-2.764958143234252930e-02 5.854882299900054932e-03 1.281961500644683838e-01
6.032240390777587891e-02 -1.825511455535888672e-02 -4.171103239059448242e-03
-3.369247913360595703e-02 1.082322746515274048e-02 -5.225118994712829590e-02
-3.404706716537475586e-02 -1.077696681022644043e-03 -5.855593085289001465e-02
4.271864891052246094e-04 -7.471874356269836426e-03 1.741021871566772461e-02
-6.478965282440185547e-03 -7.345361635088920593e-03 -7.171612977981567383e-02
-9.657859802246093750e-03 1.825448125600814819e-03 6.839686632156372070e-02
3.065550327301025391e-02 -1.999881118535995483e-02 -1.992959380149841309e-01
1.379013061523437500e-03 -4.721127450466156006e-03 5.104243755340576172e-03
-3.464162349700927734e-03 -1.053988933563232422e-03 6.850844621658325195e-02
7.845723628997802734e-02 -7.101610302925109863e-03 -1.650291681289672852e-02
-3.883594274520874023e-02 1.611372828483581543e-02 1.131636500358581543e-01
5.764508247375488281e-02 -5.294732749462127686e-03 1.064538955688476562e-04
-2.052545547485351562e-02 -2.182852476835250854e-03 5.340814590454101562e-03
5.962252616882324219e-03 3.730516880750656128e-03 -7.330018281936645508e-02
4.083150625228881836e-02 -6.077663972973823547e-03 -7.315534353256225586e-02
9.447574615478515625e-03 1.537976227700710297e-02 5.713319778442382812e-02
-1.535826921463012695e-02 -1.077919453382492065e-02 -7.478475570678710938e-02
9.358525276184082031e-03 5.810000002384185791e-04 -6.311464309692382812e-02
1.694679260253906250e-03 9.558051824569702148e-04 -1.746624708175659180e-02
-2.026665210723876953e-02 1.282702386379241943e-02 -5.797564983367919922e-03
1.679623126983642578e-02 1.683864928781986237e-02 5.330288410186767578e-02
6.525427103042602539e-02 -8.229685947299003601e-03 1.196967363357543945e-01
-3.026807308197021484e-02 -2.581623569130897522e-02 1.497554779052734375e-02
-7.154625654220581055e-02 2.535788714885711670e-02 4.493033885955810547e-02
-7.000088691711425781e-03 3.041075542569160461e-03 -3.421288728713989258e-02
6.423830986022949219e-03 -2.268461510539054871e-03 -1.610219478607177734e-03
-5.584162473678588867e-02 -6.229948252439498901e-03 -6.591206789016723633e-02
-9.589850902557373047e-03 5.740851163864135742e-03 -1.608937978744506836e-02
2.310276031494140625e-03 1.016393490135669708e-02 2.574330568313598633e-02
-1.152217388153076172e-02 -6.707683205604553223e-04 -9.907186031341552734e-03
-4.222238063812255859e-02 4.766568541526794434e-03 1.020919084548950195e-01
-3.953140974044799805e-02 -6.614997982978820801e-03 8.645057678222656250e-02
6.771659851074218750e-02 4.984103143215179443e-03 -3.233411908149719238e-02
9.418725967407226562e-04 -1.815606839954853058e-02 3.465831279754638672e-03
2.999001741409301758e-02 4.329789429903030396e-03 -4.167744517326354980e-02
-4.879921674728393555e-02 1.356944255530834198e-02 -2.665519714355468750e-03
-7.285124063491821289e-02 2.089276909828186035e-03 -1.020351052284240723e-01
1.830267906188964844e-02 -1.779106445610523224e-02 6.915605068206787109e-02
8.232718706130981445e-02 2.092510461807250977e-03 -5.581700801849365234e-02
-8.539259433746337891e-03 1.111455261707305908e-03 3.824269771575927734e-02
4.133933782577514648e-02 -1.184936612844467163e-03 -6.842732429504394531e-03
-1.252651214599609375e-02 -2.854391932487487793e-04 1.481366157531738281e-02
-6.126463413238525391e-03 9.747482836246490479e-04 -1.269980669021606445e-01
-3.403115272521972656e-02 1.314498484134674072e-03 -7.504701614379882812e-02
5.832850933074951172e-02 -4.337914288043975830e-03 1.711916923522949219e-02
-1.014178991317749023e-02 -3.140732645988464355e-03 8.090829849243164062e-02
-1.652705669403076172e-02 -5.954094231128692627e-03 -7.759332656860351562e-03
-9.087145328521728516e-03 6.002217531204223633e-03 1.576083898544311523e-02
4.643166065216064453e-02 9.003989398479461670e-04 -4.252749681472778320e-02
4.915302991867065430e-02 3.997545689344406128e-03 -2.145195007324218750e-02
-4.070276021957397461e-02 9.221466258168220520e-03 1.017391085624694824e-01
3.157007694244384766e-02 -1.486199907958507538e-02 -6.987273693084716797e-02
-3.479611873626708984e-02 1.596806012094020844e-02 6.153178215026855469e-02
1.748144626617431641e-02 -7.219718769192695618e-03 -3.265291452407836914e-02
-4.786634445190429688e-02 2.633799798786640167e-02 -1.867651939392089844e-03
2.778953313827514648e-02 -1.213674992322921753e-02 -1.628398895263671875e-02
9.931325912475585938e-03 2.963811159133911133e-03 -7.340371608734130859e-03
4.112786054611206055e-02 -2.770684659481048584e-03 8.381009101867675781e-04
-5.211329460144042969e-02 3.598690032958984375e-03 9.198147058486938477e-02
-3.551518917083740234e-02 1.149624586105346680e-05 3.099739551544189453e-03
4.532754421234130859e-02 1.088856905698776245e-02 3.443038463592529297e-02
1.694452762603759766e-02 -1.452296972274780273e-02 3.642433881759643555e-02
1.749777793884277344e-02 -5.790330469608306885e-03 1.069217920303344727e-02
3.834772109985351562e-02 2.136416733264923096e-03 -1.446688771247863770e-01
-2.129930257797241211e-02 -5.602642893791198730e-03 3.928345441818237305e-02
-5.368530750274658203e-02 7.655069231986999512e-03 8.126139640808105469e-03
-3.744584321975708008e-02 3.568805754184722900e-03 7.050400972366333008e-02
-2.209436893463134766e-02 -4.204079508781433105e-03 -9.327155351638793945e-02
-1.381176710128784180e-02 -1.081444323062896729e-02 4.854440689086914062e-02
1.141053438186645508e-02 4.179239273071289062e-03 -2.970397472381591797e-03
4.333919286727905273e-02 -9.394900873303413391e-03 4.197961091995239258e-02
2.027225494384765625e-02 3.326412290334701538e-03 4.179263114929199219e-02
2.307057380676269531e-03 -3.468718379735946655e-03 -4.493653774261474609e-02
-1.159608364105224609e-03 7.859641686081886292e-03 -4.079580307006835938e-03
6.892645359039306641e-02 -2.849787473678588867e-03 4.941540956497192383e-02
-1.950365304946899414e-02 -2.425363287329673767e-03 1.085817813873291016e-03
4.056191444396972656e-02 8.346995338797569275e-03 4.075524210929870605e-02
-4.614824056625366211e-02 -6.752999499440193176e-03 -2.141705155372619629e-02
-1.401317119598388672e-02 -4.780400544404983521e-03 -1.096228957176208496e-01
-2.923405170440673828e-02 2.576123923063278198e-03 -8.804678916931152344e-03
6.647747755050659180e-02 -1.723814755678176880e-03 8.597970008850097656e-03
-1.355546712875366211e-02 9.409822523593902588e-04 9.677684307098388672e-02
1.792794466018676758e-02 4.303673282265663147e-03 -1.786285638809204102e-02
4.656815528869628906e-02 9.136192500591278076e-03 -7.373583316802978516e-02
-5.216628313064575195e-02 -1.014769263565540314e-02 3.467375040054321289e-02
5.975025892257690430e-02 -2.346187829971313477e-03 -8.441627025604248047e-03
3.119808435440063477e-02 1.684602349996566772e-03 -7.660311460494995117e-02
5.774873495101928711e-02 1.332594268023967743e-02 8.862769603729248047e-02
2.138006687164306641e-02 -1.031577587127685547e-03 -3.425413370132446289e-02
-3.672909736633300781e-02 -2.118505537509918213e-03 -3.357708454132080078e-02
3.549373149871826172e-02 1.132946461439132690e-02 3.926604986190795898e-02
4.498702287673950195e-02 -6.220325827598571777e-03 -4.001915454864501953e-02
6.252467632293701172e-03 -2.027077414095401764e-02 3.501600027084350586e-02
2.263170480728149414e-02 -1.436689309775829315e-02 5.403608083724975586e-02
6.291741132736206055e-02 8.430505171418190002e-03 -2.157828807830810547e-01
1.164059340953826904e-02 -9.182976558804512024e-03 -6.283628940582275391e-02
1.911717653274536133e-02 1.164739020168781281e-02 -2.817463874816894531e-02
8.899983763694763184e-02 1.078841648995876312e-02 -2.708548307418823242e-02
9.991854429244995117e-03 -1.740755513310432434e-02 7.167524099349975586e-02
7.146075367927551270e-02 -1.117556169629096985e-02 -1.639353632926940918e-01
7.522255182266235352e-02 -1.856422051787376404e-03 5.620718002319335938e-02
-1.229646801948547363e-02 -1.364712975919246674e-02 -3.171354532241821289e-02
4.092985391616821289e-02 4.491554573178291321e-03 -1.497315168380737305e-01
8.072504401206970215e-02 -9.536206722259521484e-03 1.146860122680664062e-01
4.187721014022827148e-02 1.503738574683666229e-02 -1.460117101669311523e-02
7.345533370971679688e-02 -5.716695450246334076e-03 2.302538156509399414e-01
1.048596948385238647e-01 -1.291847880929708481e-02 -1.020151376724243164e-02
-2.537822723388671875e-02 1.356388628482818604e-02 -2.463579177856445312e-03
-1.748818159103393555e-02 -1.615689694881439209e-02 -1.132349967956542969e-01
-1.612544059753417969e-02 7.308371365070343018e-03 1.139168739318847656e-01
7.584613561630249023e-02 -2.148569189012050629e-02 -2.280482053756713867e-01
-4.188692569732666016e-02 7.672613486647605896e-03 5.854225158691406250e-02
1.139435172080993652e-01 1.117126643657684326e-02 3.971540927886962891e-02
1.037716865539550781e-03 1.715056598186492920e-03 -1.006028652191162109e-01
9.318828582763671875e-02 -6.343178451061248779e-03 -8.688569068908691406e-03
2.290995717048645020e-01 -1.184992305934429169e-02 -3.721833229064941406e-03
2.440439462661743164e-01 4.450543969869613647e-02 5.976700782775878906e-02
1.438497304916381836e-01 -1.446838304400444031e-02 3.195703029632568359e-03
-2.083285450935363770e-01 3.487668931484222412e-03 1.609836220741271973e-01
-1.733093857765197754e-01 -1.050339266657829285e-02 -1.279222965240478516e-02
7.607090473175048828e-02 -1.051564700901508331e-02 8.290541172027587891e-02
-5.809712409973144531e-02 -1.969368010759353638e-02 -4.038101434707641602e-02
-1.549327373504638672e-02 9.245332330465316772e-03 5.647200345993041992e-02
2.315291166305541992e-01 2.485494874417781830e-02 -1.079482436180114746e-01
-1.281958222389221191e-01 -2.392475865781307220e-02 -7.392287254333496094e-03
9.987932443618774414e-02 2.097436599433422089e-02 -1.902548670768737793e-01
2.264666557312011719e-01 -1.050589233636856079e-02 2.357757091522216797e-02
4.895043373107910156e-02 3.403078764677047729e-03 -3.552496433258056641e-02
8.508086204528808594e-03 1.553587615489959717e-03 -1.207613945007324219e-02
-2.544765472412109375e-01 -1.813442073762416840e-02 4.459154605865478516e-02
-5.017441511154174805e-02 8.534727618098258972e-03 2.227485179901123047e-01
-4.655950665473937988e-01 1.725040376186370850e-03 1.489911079406738281e-01
-1.826268434524536133e-02 3.185257315635681152e-03 3.038585186004638672e-02
4.778218269348144531e-02 -5.010440945625305176e-03 1.616382598876953125e-02
-2.129685878753662109e-02 -6.310259923338890076e-03 -2.284151315689086914e-02
-4.789155721664428711e-02 -4.177004098892211914e-03 -1.693207025527954102e-02
-9.748339653015136719e-03 8.754620328545570374e-03 -4.462081193923950195e-02
-2.789855003356933594e-02 -1.068592257797718048e-02 3.233969211578369141e-02
2.191120386123657227e-01 4.667446017265319824e-03 4.967755079269409180e-02
1.572537422180175781e-02 -1.165234297513961792e-02 -1.219480633735656738e-01
6.426000595092773438e-02 9.475223720073699951e-03 -4.802089929580688477e-02
-2.194619178771972656e-02 -6.767623126506805420e-03 1.530349254608154297e-03
1.115030050277709961e-02 -2.695174515247344971e-02 -9.631812572479248047e-02
9.574681520462036133e-02 1.189343631267547607e-03 4.647964239120483398e-02
-6.818938255310058594e-02 5.297884345054626465e-03 -5.706202983856201172e-02
-9.324157238006591797e-02 2.602698653936386108e-02 4.869520664215087891e-02
7.136219739913940430e-02 -2.418346703052520752e-03 -5.766987800598144531e-03
7.735818624496459961e-02 -3.998346626758575439e-03 -2.101993560791015625e-02
-1.548831462860107422e-01 -6.107203662395477295e-03 -5.195343494415283203e-02
3.815633058547973633e-02 3.111280500888824463e-03 1.751649379730224609e-02
3.949431777000427246e-01 2.276671491563320160e-02 -6.284219026565551758e-02
-6.567215919494628906e-02 -3.101751767098903656e-02 -3.016549348831176758e-02
-1.817550659179687500e-01 -1.164668053388595581e-02 9.935897588729858398e-02
4.366278648376464844e-02 1.884078979492187500e-02 -1.185905933380126953e-02
-2.825635671615600586e-02 8.669435977935791016e-03 -2.319985628128051758e-02
1.705762147903442383e-01 2.393823303282260895e-02 -1.059698462486267090e-01
-1.022172570228576660e-01 -5.792055279016494751e-03 7.230263948440551758e-02
2.031000852584838867e-01 2.478855475783348083e-02 -8.325445652008056641e-02
-5.207714438438415527e-01 -4.229230806231498718e-03 1.627314686775207520e-01
2.308998703956604004e-01 8.238945156335830688e-04 -6.260752677917480469e-02
7.739216089248657227e-02 -6.442040205001831055e-03 6.847375631332397461e-02
-3.506916165351867676e-01 -3.080062381923198700e-02 2.007225155830383301e-01
-2.387772202491760254e-01 2.541704289615154266e-02 8.508318662643432617e-02
-3.281831741333007812e-02 -6.281845271587371826e-04 -8.258330821990966797e-02
3.568992018699645996e-01 2.121352776885032654e-02 -1.918646693229675293e-01
1.697497963905334473e-01 1.707881689071655273e-02 -1.231601834297180176e-01
-2.604197263717651367e-01 -1.668119803071022034e-02 2.199642658233642578e-01
-1.118769645690917969e-01 -5.933020263910293579e-03 2.753347158432006836e-02
3.143507242202758789e-02 -9.437911212444305420e-04 7.067978382110595703e-03
-4.678785800933837891e-02 5.910024046897888184e-04 3.112936019897460938e-02
-4.102712869644165039e-02 1.596753671765327454e-02 -2.832639217376708984e-02
9.280610084533691406e-02 -1.312763243913650513e-02 -1.742613315582275391e-02
3.015828132629394531e-01 3.149299323558807373e-02 -2.884371280670166016e-01
-1.369631290435791016e-02 -2.230806834995746613e-02 -3.271520137786865234e-02
-2.009577751159667969e-01 5.152076482772827148e-04 3.100728988647460938e-02
-9.328842163085937500e-02 -1.977032050490379333e-02 1.452005505561828613e-01
7.581824064254760742e-02 -1.710403710603713989e-02 -6.426030397415161133e-02
-6.288635730743408203e-02 4.261860623955726624e-03 3.183853626251220703e-02
1.806330084800720215e-01 2.426653169095516205e-02 -1.613079309463500977e-01
-8.287072181701660156e-02 2.591763250529766083e-02 -4.729247093200683594e-02
-7.410067319869995117e-02 -8.265441283583641052e-03 7.072722911834716797e-02
-8.966970443725585938e-02 -1.214943826198577881e-02 -5.635488033294677734e-02
-1.057059764862060547e-01 -5.008975416421890259e-02 9.324526786804199219e-02
-8.598811924457550049e-02 1.354721002280712128e-02 -5.620419979095458984e-02
-2.728736400604248047e-02 -1.383349299430847168e-04 7.299035787582397461e-02
-3.454563021659851074e-02 1.754266209900379181e-02 5.558347702026367188e-02
1.544186472892761230e-02 4.284450784325599670e-03 -1.729740500450134277e-01
-3.303304314613342285e-02 -3.377299755811691284e-02 -7.414340972900390625e-02
2.325064986944198608e-01 6.368437409400939941e-02 -1.182869672775268555e-01
-2.430868297815322876e-01 -4.051712527871131897e-02 9.622240066528320312e-02
3.221154212951660156e-03 5.467802286148071289e-03 1.901382803916931152e-01
1.538693904876708984e-04 1.774546131491661072e-02 1.124935746192932129e-01
5.531525611877441406e-02 -1.484795659780502319e-02 -1.062093973159790039e-01
1.457595825195312500e-02 1.154156029224395752e-02 2.261157035827636719e-01
-1.708340644836425781e-02 4.259951412677764893e-03 -6.432431936264038086e-02
2.026873826980590820e-02 -3.876700997352600098e-03 5.652898550033569336e-02
-7.403233647346496582e-02 1.043044403195381165e-02 -2.998310327529907227e-02
2.721574902534484863e-02 -1.484166830778121948e-02 -9.594494104385375977e-02
1.847532391548156738e-02 6.106076762080192566e-03 7.772195339202880859e-02
-3.352475166320800781e-02 7.139844819903373718e-03 -6.790626049041748047e-02
1.283255219459533691e-02 1.296764612197875977e-02 6.362366676330566406e-02
6.170442700386047363e-02 -2.499465644359588623e-02 4.014104604721069336e-02
1.066666841506958008e-02 6.059974431991577148e-03 -6.380856037139892578e-03
-7.406249642372131348e-02 -5.393531173467636108e-04 -7.849538326263427734e-02
1.406431198120117188e-03 -5.226677283644676208e-03 -1.269390583038330078e-01
-1.076710224151611328e-02 5.035735666751861572e-04 5.510520935058593750e-02
-5.495336651802062988e-02 -6.454652175307273865e-03 -2.067363262176513672e-02
-2.781116962432861328e-02 -2.026145532727241516e-02 3.553831577301025391e-02
5.043080449104309082e-02 1.374987326562404633e-02 -6.156420707702636719e-02
2.805650234222412109e-02 5.394777283072471619e-03 8.787095546722412109e-03
-1.025408506393432617e-02 6.701856851577758789e-03 -6.456977128982543945e-02
1.810917258262634277e-02 -1.463348045945167542e-03 6.799113750457763672e-02
4.183021187782287598e-02 6.193209439516067505e-03 2.967882156372070312e-02
8.279357850551605225e-02 7.455620914697647095e-03 -4.001778364181518555e-02
-1.450034826993942261e-01 -2.597997710108757019e-02 -4.674917459487915039e-02
-2.985537052154541016e-03 2.108359336853027344e-02 7.494229078292846680e-02
-1.815825700759887695e-02 -2.560766600072383881e-02 -6.040555238723754883e-02
-4.783362150192260742e-03 2.181180194020271301e-02 6.450486183166503906e-02
-5.070438981056213379e-02 -3.929566591978073120e-03 -3.621637821197509766e-02
8.462250232696533203e-03 -1.549278199672698975e-02 -2.688264846801757812e-02
1.193943619728088379e-02 -1.067170128226280212e-02 -1.476405858993530273e-01
-5.782821774482727051e-02 1.502327620983123779e-02 1.029381752014160156e-01
6.474930047988891602e-02 6.046982482075691223e-03 1.366591453552246094e-02
1.178042888641357422e-01 3.151037544012069702e-02 -1.787471771240234375e-02
-4.119840264320373535e-02 -1.384502276778221130e-02 6.570291519165039062e-02
1.500871330499649048e-01 3.999710828065872192e-02 -2.529644966125488281e-02
-7.498545944690704346e-02 -1.574082672595977783e-02 -3.043425083160400391e-02
-1.366832852363586426e-02 -9.797431528568267822e-03 5.519068241119384766e-02
-4.818964004516601562e-02 -8.543560281395912170e-03 1.193407177925109863e-01
5.447089672088623047e-02 1.585290022194385529e-02 -9.410905838012695312e-02
4.952542483806610107e-02 -2.240432612597942352e-02 -6.084638833999633789e-02
1.377754807472229004e-01 1.207935810089111328e-02 -6.128430366516113281e-03
1.393789052963256836e-01 8.853433653712272644e-03 -1.062035560607910156e-01
-1.683288812637329102e-02 3.097355365753173828e-03 1.201295852661132812e-01
-9.277057647705078125e-02 1.996904611587524414e-04 -1.012133359909057617e-01
-2.679620385169982910e-01 -2.125518210232257843e-02 2.082918286323547363e-01
2.924692630767822266e-02 1.805080659687519073e-02 -1.533185839653015137e-01
-5.040237307548522949e-02 -1.158189959824085236e-02 3.153812885284423828e-02
-3.718733787536621094e-03 -2.601575106382369995e-03 4.909157752990722656e-03
6.472894549369812012e-02 -3.510326147079467773e-03 6.499052047729492188e-03
4.983574151992797852e-03 -5.169324576854705811e-04 4.845857620239257812e-04
8.017413318157196045e-02 8.762538433074951172e-03 -1.447237730026245117e-01
-2.303719520568847656e-03 -1.293432712554931641e-02 6.556344032287597656e-02
1.348070502281188965e-01 3.583404421806335449e-02 -9.792733192443847656e-02
-7.886826992034912109e-02 -1.220042258501052856e-02 7.795453071594238281e-02
-1.637062877416610718e-01 -1.675995253026485443e-02 1.203422546386718750e-01
3.098067641258239746e-02 2.653521858155727386e-02 -7.118701934814453125e-02
-1.952055096626281738e-02 1.346865296363830566e-02 -6.044030189514160156e-03
-1.246389150619506836e-01 -2.717416733503341675e-02 -7.617235183715820312e-03
1.067638695240020752e-01 -2.916642837226390839e-02 6.444692611694335938e-02
-9.299829602241516113e-02 8.004007861018180847e-03 -1.035034656524658203e-02
-8.740940690040588379e-02 2.232053875923156738e-02 6.461119651794433594e-02
6.447860598564147949e-02 -9.742693975567817688e-03 -1.784014701843261719e-02
-1.873850822448730469e-02 1.036331057548522949e-03 -9.118354320526123047e-02
4.044693708419799805e-02 -4.507955163717269897e-03 -4.102742671966552734e-02
-3.324550390243530273e-02 2.877593599259853363e-02 9.462261199951171875e-02
1.307964324951171875e-02 -1.233255118131637573e-02 -3.582262992858886719e-02
-3.566348552703857422e-02 -5.308978259563446045e-03 2.430677413940429688e-03
2.269035577774047852e-02 1.241337507963180542e-02 1.242772340774536133e-01
1.246408224105834961e-01 5.321621894836425781e-03 -8.299422264099121094e-02
-2.057675421237945557e-01 -3.192760050296783447e-03 3.504496812820434570e-02
9.436634182929992676e-02 2.160693705081939697e-02 -7.022696733474731445e-02
-8.716642856597900391e-02 -2.316957712173461914e-02 1.072122454643249512e-01
5.135077238082885742e-02 -2.196401357650756836e-03 1.602947711944580078e-03
-4.813611507415771484e-02 -1.704679988324642181e-02 -3.518998622894287109e-02
8.380949497222900391e-03 -1.057121902704238892e-03 -9.091520309448242188e-02
6.247895956039428711e-02 -1.892805099487304688e-03 -4.912710189819335938e-02
-2.470874786376953125e-02 -9.799441322684288025e-03 1.040565967559814453e-02
2.402958720922470093e-01 4.340192675590515137e-02 1.045039892196655273e-01
2.012791633605957031e-01 -4.555083811283111572e-03 8.074766397476196289e-02
-3.139913678169250488e-01 7.904522120952606201e-03 -5.063623189926147461e-02
-5.963888764381408691e-02 -1.970882713794708252e-02 6.777143478393554688e-02
-2.085298299789428711e-03 -1.029034703969955444e-02 -1.237974166870117188e-01
7.351246476173400879e-02 -1.062969304621219635e-02 -5.635583400726318359e-02
-9.567067027091979980e-02 -1.440190337598323822e-02 3.779828548431396484e-02
-8.086830377578735352e-03 6.323773413896560669e-03 -2.118301391601562500e-02
1.105675101280212402e-02 -1.497762091457843781e-02 -1.070511341094970703e-02
5.400958657264709473e-02 5.905721336603164673e-03 1.105222702026367188e-01
-9.403935074806213379e-02 2.300936728715896606e-03 -1.373614072799682617e-01
6.941026449203491211e-02 2.601527981460094452e-02 3.048026561737060547e-02
-1.661390066146850586e-02 -2.211838401854038239e-02 -3.142273426055908203e-02
5.915457010269165039e-02 3.119462914764881134e-02 -3.415477275848388672e-02
-1.027074456214904785e-02 -1.504216529428958893e-02 5.340909957885742188e-02
1.067512631416320801e-01 1.187509484589099884e-02 -7.039940357208251953e-02
-9.896513819694519043e-02 -2.978816628456115723e-03 1.296602487564086914e-01
7.605779170989990234e-02 3.320437669754028320e-02 -1.064240932464599609e-02
-1.437395811080932617e-03 -8.837521076202392578e-03 -1.233311891555786133e-01
-1.085323989391326904e-01 -4.342273622751235962e-02 -9.353160858154296875e-04
4.813045263290405273e-02 2.269218675792217255e-02 1.032541990280151367e-01
-1.672476530075073242e-02 8.434347808361053467e-03 5.316853523254394531e-02
-6.402432918548583984e-04 1.235295087099075317e-02 3.595352172851562500e-02
-4.938215017318725586e-03 -2.725556492805480957e-02 5.231261253356933594e-03
2.016195654869079590e-02 8.751071989536285400e-03 8.441102504730224609e-02
-7.167509198188781738e-02 -1.494348235428333282e-02 -3.964459896087646484e-02
4.890739917755126953e-03 -6.162282079458236694e-03 -5.031824111938476562e-04
2.709564566612243652e-02 3.412321209907531738e-03 -8.655250072479248047e-03
3.443950414657592773e-02 3.405414521694183350e-03 -1.323682069778442383e-02
-2.185091376304626465e-02 -1.103331521153450012e-02 9.268701076507568359e-03
-4.926323890686035156e-03 1.135244965553283691e-03 2.485364675521850586e-02
1.752784848213195801e-02 -3.075392916798591614e-03 -4.170602560043334961e-02
2.466061711311340332e-02 -3.108056262135505676e-03 9.235203266143798828e-03
2.918565273284912109e-02 -9.526990354061126709e-03 1.187813282012939453e-02
-2.174758911132812500e-02 1.799504086375236511e-02 -1.540095806121826172e-01
7.831752300262451172e-03 -1.605018228292465210e-02 1.900172233581542969e-02
3.573212027549743652e-02 4.348110407590866089e-03 7.470107078552246094e-02
-3.436234593391418457e-02 2.000295743346214294e-02 7.842624187469482422e-02
7.472202181816101074e-02 8.316077291965484619e-04 -9.511852264404296875e-02
4.083497822284698486e-02 6.788892671465873718e-03 -6.822931766510009766e-02
9.482979774475097656e-03 1.453272998332977295e-03 -7.039558887481689453e-02
-5.574874579906463623e-02 -1.111412979662418365e-02 5.740272998809814453e-02
-8.830022811889648438e-02 -8.484546095132827759e-03 1.243476867675781250e-01
3.172332048416137695e-02 -5.768703296780586243e-03 -1.356089115142822266e-02
4.440945386886596680e-02 7.930453866720199585e-04 1.333236694335937500e-02
-4.562506079673767090e-02 7.078759372234344482e-04 5.601322650909423828e-02
5.553752183914184570e-03 6.009314209222793579e-03 -1.692092418670654297e-02
-8.893489837646484375e-03 9.061582386493682861e-04 -1.458960771560668945e-02
1.303637027740478516e-02 3.120783716440200806e-03 -3.466367721557617188e-03
-5.776530504226684570e-02 -7.825747132301330566e-03 3.397995233535766602e-02
4.613995552062988281e-04 1.552700996398925781e-05 -1.672506332397460938e-04
1.577636599540710449e-02 6.686113774776458740e-04 -3.755354881286621094e-02
6.560853123664855957e-02 8.191548287868499756e-03 -5.706143379211425781e-02
1.419723033905029297e-03 -7.303655147552490234e-04 1.735556125640869141e-02
-4.642456769943237305e-03 2.003733068704605103e-03 8.953988552093505859e-03
1.162320375442504883e-03 -9.799450635910034180e-04 1.225870847702026367e-02
8.349464833736419678e-02 1.453446038067340851e-02 -5.380463600158691406e-02
9.026294946670532227e-02 1.082591712474822998e-02 -1.425826549530029297e-01
-9.619963169097900391e-02 -5.943648517131805420e-03 -2.946233749389648438e-02
4.961431026458740234e-03 -8.562296628952026367e-03 6.691145896911621094e-02
-4.491730034351348877e-02 1.049795001745223999e-02 8.867633342742919922e-02
-9.200331568717956543e-02 -4.383229464292526245e-02 -1.742792129516601562e-02
3.059637546539306641e-02 8.123293519020080566e-03 7.367497682571411133e-02
3.988870978355407715e-02 6.593618541955947876e-03 -5.946093797683715820e-02
1.268208026885986328e-02 5.849447101354598999e-03 -1.389622688293457031e-03
-2.453088760375976562e-02 2.870198339223861694e-03 -6.287574768066406250e-03
1.350957155227661133e-02 -2.894848585128784180e-04 1.872801780700683594e-02
-2.528852224349975586e-02 -3.199279308319091797e-03 6.378853321075439453e-02
-4.409766197204589844e-02 -3.920298069715499878e-03 4.459363222122192383e-02
4.976838827133178711e-02 1.073292270302772522e-02 -5.790466070175170898e-02
5.248577892780303955e-02 6.271163001656532288e-03 -5.281007289886474609e-02
-7.631953060626983643e-02 -9.176624938845634460e-03 6.113946437835693359e-02
-7.589939236640930176e-02 -1.095780730247497559e-02 -2.558994293212890625e-02
2.813893556594848633e-02 1.444671303033828735e-03 -1.365196704864501953e-02
2.460241317749023438e-03 5.692668259143829346e-03 5.282521247863769531e-03
-3.709921240806579590e-02 -2.706795930862426758e-05 2.935802936553955078e-02
4.808217287063598633e-03 1.588735729455947876e-03 6.067752838134765625e-05
1.670309901237487793e-02 -3.346629440784454346e-03 -9.788155555725097656e-03
1.935669779777526855e-02 3.084853291511535645e-03 -2.940225601196289062e-02
-1.200383901596069336e-02 -7.952755317091941833e-03 3.671914339065551758e-02
2.024713158607482910e-02 1.935729756951332092e-03 2.775162458419799805e-02
1.996320486068725586e-02 -5.461052060127258301e-04 -6.273567676544189453e-03
1.640635728836059570e-02 3.902539610862731934e-03 -2.022045850753784180e-02
-4.878520965576171875e-02 -1.098953932523727417e-02 6.231737136840820312e-02
7.571047544479370117e-02 1.043448597192764282e-02 -6.925469636917114258e-02
-6.119751930236816406e-02 -1.141931489109992981e-02 7.135027647018432617e-02
3.538596630096435547e-02 2.460326999425888062e-03 -1.799315214157104492e-02
-1.973092555999755859e-03 -1.040711998939514160e-03 -5.499118566513061523e-02
-3.615081310272216797e-03 -1.234430540353059769e-02 -1.718878746032714844e-02
-5.475193262100219727e-02 4.744798876345157623e-03 -6.551635265350341797e-02
3.820091485977172852e-03 4.807779565453529358e-03 4.854106903076171875e-02
7.851302623748779297e-03 -4.398114979267120361e-03 3.141832351684570312e-02
1.121522635221481323e-01 2.225125767290592194e-02 4.501110315322875977e-02
5.421620607376098633e-02 1.904157735407352448e-02 -8.269363641738891602e-02
-1.117289513349533081e-01 -1.572149433195590973e-02 -2.429437637329101562e-02
-1.606380939483642578e-02 -1.143730804324150085e-02 8.834195137023925781e-02
6.869667768478393555e-02 -1.164183765649795532e-02 4.187405109405517578e-02
9.003560245037078857e-02 3.069828264415264130e-02 -1.184973716735839844e-01
-1.619652956724166870e-01 -1.485606469213962555e-02 7.844048738479614258e-02
-6.425559520721435547e-03 -1.872299984097480774e-02 1.179524064064025879e-01
1.813423633575439453e-02 -4.521543160080909729e-03 7.290816307067871094e-02
7.837496697902679443e-02 4.192573949694633484e-03 -6.408131122589111328e-02
4.570299386978149414e-02 -1.124952733516693115e-01 -1.157339215278625488e-01
2.811294794082641602e-02 9.315018355846405029e-02 1.987189054489135742e-01
-2.736592292785644531e-02 1.490061916410923004e-02 1.027731299400329590e-01
-7.658898830413818359e-03 1.681165397167205811e-02 -1.240928769111633301e-01
3.900122642517089844e-02 -1.806377060711383820e-02 7.838726043701171875e-03
1.515579223632812500e-02 -1.804187707602977753e-02 -2.512836456298828125e-02
8.450776338577270508e-02 2.970325015485286713e-02 -3.832858800888061523e-02
1.156522035598754883e-01 1.090402901172637939e-02 -9.708160161972045898e-02
-9.898716211318969727e-02 -2.602218091487884521e-02 1.273654699325561523e-01
-1.440900564193725586e-02 9.885162115097045898e-03 3.180730342864990234e-02
9.336364269256591797e-02 1.866731047630310059e-02 -7.878565788269042969e-02
-3.812468051910400391e-02 -1.402753964066505432e-02 3.703278303146362305e-02
6.371140480041503906e-02 -8.400119841098785400e-03 5.877566337585449219e-02
2.347340583801269531e-01 2.088170871138572693e-02 9.089350700378417969e-02
-1.777209043502807617e-01 -2.480486035346984863e-02 3.433501720428466797e-02
-7.754564285278320312e-04 -1.452751457691192627e-03 1.115196943283081055e-01
6.461328268051147461e-02 -1.845255121588706970e-02 -8.365678787231445312e-02
-1.107850670814514160e-01 2.357056550681591034e-02 1.871137917041778564e-01
-3.052949905395507812e-04 -1.017557922750711441e-02 5.911430716514587402e-02
2.159703373908996582e-01 -2.260923385620117188e-02 6.926959753036499023e-02
-2.054277658462524414e-01 2.463293075561523438e-02 -7.240617275238037109e-02
7.872569561004638672e-02 2.243733033537864685e-04 5.960679054260253906e-02
-1.261441111564636230e-01 3.127247095108032227e-03 1.017944216728210449e-01
3.190568685531616211e-01 7.356107234954833984e-04 -3.346502780914306641e-02
1.321077346801757812e-02 -1.523990929126739502e-02 1.714344322681427002e-01
2.911895513534545898e-02 7.380202412605285645e-03 3.650179505348205566e-02
2.526378631591796875e-02 -4.540577530860900879e-03 -8.926710486412048340e-02
-3.575301170349121094e-02 5.964025855064392090e-03 -3.350520133972167969e-02
-7.880461215972900391e-02 4.999496042728424072e-03 1.716920733451843262e-02
4.375344514846801758e-02 -8.467497304081916809e-03 7.190817594528198242e-02
-1.151307821273803711e-01 5.633171647787094116e-03 -1.459687948226928711e-02
1.120737195014953613e-01 4.370937123894691467e-03 -7.127761840820312500e-03
-2.155071496963500977e-02 1.004787907004356384e-02 2.706944942474365234e-03
-1.122514009475708008e-01 7.370077073574066162e-03 -7.335901260375976562e-03
1.434592008590698242e-01 7.277317345142364502e-03 1.705873012542724609e-02
5.484461784362792969e-03 1.209026761353015900e-02 -5.162978172302246094e-02
-2.465277910232543945e-01 -4.155823960900306702e-03 6.792807579040527344e-02
4.245436191558837891e-02 -6.489440798759460449e-03 4.219591617584228516e-03
8.583170175552368164e-02 -1.003324985504150391e-03 -6.144750118255615234e-02
1.399093866348266602e-02 5.199983716011047363e-04 1.764410734176635742e-02
-3.003561496734619141e-02 2.983007580041885376e-03 2.751314640045166016e-02
-6.585049629211425781e-02 -7.836010307073593140e-03 1.052063889801502228e-02
4.208999872207641602e-02 1.333568245172500610e-03 -4.628753662109375000e-02
-5.086570978164672852e-02 -1.562189310789108276e-02 4.439896345138549805e-02
1.553177833557128906e-02 2.719702944159507751e-02 -1.775205135345458984e-03
9.561377763748168945e-02 -1.788940280675888062e-02 2.439224906265735626e-02
-1.758575439453125000e-02 -5.952216684818267822e-03 4.851645231246948242e-02
-6.060630083084106445e-02 -9.759105741977691650e-04 3.233146667480468750e-02
1.748144626617431641e-02 -5.646456032991409302e-03 -3.953206539154052734e-02
5.226135253906250000e-04 -1.009553670883178711e-04 -3.799615427851676941e-03
5.456924438476562500e-03 -2.656124532222747803e-03 -1.217067241668701172e-03
-3.599607944488525391e-02 6.149560213088989258e-03 -2.382260560989379883e-02
-2.019723057746887207e-01 -5.299877375364303589e-03 2.377611398696899414e-02
1.756115555763244629e-01 -6.170470267534255981e-03 1.245003752410411835e-02
5.271762609481811523e-02 2.013809978961944580e-03 -2.152383141219615936e-02
-7.652270793914794922e-02 -1.931414008140563965e-03 2.892380766570568085e-02
8.529418706893920898e-02 4.340196028351783752e-03 6.923842430114746094e-02
9.289264678955078125e-03 1.393570564687252045e-02 -6.277084350585937500e-02
-7.703852653503417969e-02 -1.298363506793975830e-02 -3.153598308563232422e-02
-7.706642150878906250e-03 8.060969412326812744e-03 -1.108807325363159180e-02
3.571039438247680664e-02 -1.345286890864372253e-02 1.854068040847778320e-02
1.146227121353149414e-02 6.394509226083755493e-03 -2.536016702651977539e-02
1.413501501083374023e-01 4.707805812358856201e-03 6.537437438964843750e-03
-1.326466798782348633e-01 -7.644899189472198486e-03 3.831464052200317383e-02
7.979565858840942383e-02 6.651081144809722900e-03 -8.388996124267578125e-03
6.039977073669433594e-02 -6.684966385364532471e-03 3.073990345001220703e-03
-1.250348687171936035e-01 -1.061317324638366699e-02 -3.615140914916992188e-02
-5.496251583099365234e-02 -4.674330353736877441e-03 -1.026177406311035156e-02
3.721404075622558594e-02 3.674931824207305908e-03 3.179031610488891602e-02
1.363800168037414551e-01 7.068224251270294189e-03 -8.529722690582275391e-02
-2.594405412673950195e-02 -1.650966517627239227e-02 7.500648498535156250e-03
1.384653449058532715e-01 1.255488023161888123e-03 9.988492727279663086e-02
-1.373761892318725586e-02 -1.244172453880310059e-04 1.572656631469726562e-02
-1.108689904212951660e-01 1.076762378215789795e-02 1.722604036331176758e-02
-8.380556106567382812e-02 -1.206912100315093994e-03 -2.745002508163452148e-02
1.218104958534240723e-01 -1.530591212213039398e-02 -1.402479410171508789e-02
2.674818038940429688e-03 -4.812464118003845215e-03 5.223751068115234375e-04
-2.170538902282714844e-02 1.311429403722286224e-02 -4.874122142791748047e-02
-1.356935501098632812e-01 1.596727967262268066e-02 -2.461493015289306641e-03
6.750881671905517578e-02 -2.285249531269073486e-03 7.360577583312988281e-04
-8.236706256866455078e-03 1.405100151896476746e-02 4.213380813598632812e-02
-3.920072317123413086e-02 -4.396433942019939423e-03 -1.828497461974620819e-02
1.696661710739135742e-01 -4.526578821241855621e-03 4.729259014129638672e-02
2.468061447143554688e-02 7.447879761457443237e-03 -5.861341953277587891e-03
-1.973807811737060547e-02 -2.565652132034301758e-03 1.999974250793457031e-03
-8.115231990814208984e-03 -1.119046285748481750e-02 -2.161049842834472656e-02
3.035521507263183594e-02 -6.100222468376159668e-03 3.134369850158691406e-03
-1.220690011978149414e-01 1.245650649070739746e-02 -3.532290458679199219e-02
-6.553149223327636719e-02 -1.314066350460052490e-03 -4.825913906097412109e-02
1.921027898788452148e-02 1.345086097717285156e-02 -6.874203681945800781e-03
-7.467740774154663086e-02 -9.681914001703262329e-03 -1.774376630783081055e-02
-5.852162837982177734e-03 -3.156218677759170532e-03 4.473328590393066406e-04
-4.826009273529052734e-03 -1.013774424791336060e-03 -8.829653263092041016e-03
6.466335058212280273e-02 1.067194342613220215e-02 3.946185111999511719e-03
4.842287302017211914e-02 -7.842650637030601501e-03 3.583902120590209961e-02
-4.160046577453613281e-02 -1.022207550704479218e-02 1.568454690277576447e-02
-1.006757020950317383e-01 3.036703914403915405e-03 -3.855168819427490234e-03
9.765511751174926758e-02 2.665832638740539551e-03 2.501440048217773438e-02
6.768405437469482422e-02 5.015652626752853394e-03 7.159590721130371094e-03
5.159544944763183594e-02 2.970971167087554932e-03 -3.489118814468383789e-02
8.048880100250244141e-02 -6.172973662614822388e-03 3.151232004165649414e-02
-1.477019190788269043e-01 6.682150065898895264e-03 -1.843625307083129883e-02
2.233183383941650391e-02 5.954615771770477295e-04 -4.064577817916870117e-02
-2.392268180847167969e-02 7.241223007440567017e-03 -1.155036687850952148e-02
7.959532737731933594e-02 -4.262227565050125122e-03 4.567676782608032227e-02
5.821704864501953125e-02 -1.655085384845733643e-02 2.729976177215576172e-02
-6.651514768600463867e-02 2.090811729431152344e-03 7.877469062805175781e-03
-2.317833900451660156e-02 4.751741886138916016e-03 -4.668176174163818359e-02
-1.086840033531188965e-01 3.478132188320159912e-03 -1.712226867675781250e-02
1.068339347839355469e-01 1.210451871156692505e-02 -2.532726526260375977e-02
-1.548820734024047852e-02 1.066913828253746033e-03 1.360774040222167969e-04
7.052385807037353516e-02 -2.020447514951229095e-02 3.048861026763916016e-02
-4.480183124542236328e-03 -1.364074647426605225e-03 2.171760983765125275e-02
3.219932317733764648e-02 4.149269312620162964e-03 -7.601797580718994141e-03
-4.230886697769165039e-02 3.711629658937454224e-03 -7.964612916111946106e-03
-4.426318407058715820e-02 3.845605999231338501e-03 -5.913305282592773438e-02
7.446426153182983398e-02 -6.530527025461196899e-03 1.209449768066406250e-01
2.843910455703735352e-02 1.549981534481048584e-03 3.664219379425048828e-02
4.944950342178344727e-02 1.526527106761932373e-03 -4.074156284332275391e-02
2.089017629623413086e-02 9.074013680219650269e-03 -6.976127624511718750e-04
-2.805382013320922852e-02 7.588831707835197449e-03 -6.698608398437500000e-03
-4.052782058715820312e-02 -7.469916716217994690e-03 -1.905155181884765625e-02
-8.941346406936645508e-02 -2.578257769346237183e-02 3.858172893524169922e-02
-8.686214685440063477e-02 1.841558143496513367e-02 -8.085268735885620117e-02
2.655822038650512695e-02 -9.939011186361312866e-03 5.232697725296020508e-02
-5.494624376296997070e-02 3.529837355017662048e-03 -6.506705284118652344e-02
-1.191872358322143555e-02 -1.283986493945121765e-03 4.056817293167114258e-02
6.667852401733398438e-03 3.112014383077621460e-03 9.947955608367919922e-03
1.192835569381713867e-01 -5.550924688577651978e-03 3.376299142837524414e-02
-1.188828945159912109e-01 1.304025761783123016e-02 -3.162413835525512695e-02
1.847332715988159180e-02 6.399340927600860596e-03 1.292514801025390625e-02
-5.543255805969238281e-02 -1.713352650403976440e-02 6.127923727035522461e-02
1.221742033958435059e-01 -8.626290597021579742e-03 1.764947175979614258e-02
-1.274824142456054688e-02 -1.357209309935569763e-02 -5.560296773910522461e-02
-6.902575492858886719e-03 7.902584969997406006e-03 -1.358389854431152344e-04
6.184524297714233398e-02 -6.195962429046630859e-03 -1.150453090667724609e-02
1.635281443595886230e-01 -2.939565293490886688e-02 1.484804749488830566e-01
7.959008216857910156e-03 2.346464991569519043e-02 -2.011561393737792969e-02
-3.183192014694213867e-01 1.600069366395473480e-02 -1.174101829528808594e-01
-1.139074563980102539e-02 1.391824334859848022e-04 6.154149770736694336e-02
8.071619272232055664e-02 -5.348658189177513123e-03 -3.920370340347290039e-02
5.548000335693359375e-02 -1.367900334298610687e-02 6.834685802459716797e-02
-1.913461685180664062e-01 1.185593195259571075e-02 1.278012990951538086e-02
1.368260979652404785e-01 -5.185002461075782776e-03 8.728981018066406250e-03
-3.284752368927001953e-02 -9.108297526836395264e-04 2.033880352973937988e-02
-2.933772802352905273e-01 1.163513027131557465e-02 -1.680570840835571289e-02
-5.894017219543457031e-02 -2.833435311913490295e-03 -3.445938229560852051e-02
1.459321379661560059e-01 2.139788120985031128e-04 -4.893374443054199219e-02
4.413074254989624023e-02 1.083311438560485840e-02 1.310706138610839844e-03
-3.503549098968505859e-02 2.865932881832122803e-03 4.260605573654174805e-02
1.123490333557128906e-01 9.820796549320220947e-03 -1.663297414779663086e-02
-1.039940118789672852e-02 -1.223646104335784912e-02 -1.381814479827880859e-03
6.011724472045898438e-04 1.131496578454971313e-02 7.705628871917724609e-03
-2.244448661804199219e-02 -6.432823836803436279e-03 2.119821310043334961e-02
9.955215454101562500e-02 -1.108268648386001587e-02 4.197555780410766602e-02
-1.021564006805419922e-01 1.779592782258987427e-02 3.170022368431091309e-02
-6.834405660629272461e-02 -5.421437323093414307e-03 3.763410449028015137e-02
6.145960092544555664e-02 -1.784704625606536865e-03 2.529391646385192871e-02
-8.078962564468383789e-02 -9.576991200447082520e-03 -3.110438585281372070e-03
7.410919666290283203e-02 -1.161582767963409424e-03 -1.453870534896850586e-02
-4.265946149826049805e-02 4.199311137199401855e-03 2.949291467666625977e-02
-1.397073268890380859e-02 -1.743331551551818848e-03 6.098610162734985352e-02
-4.015231132507324219e-02 5.047388374805450439e-03 1.113172769546508789e-01
3.292107582092285156e-02 -7.247641682624816895e-03 1.009363532066345215e-01
-1.180207133293151855e-01 1.853023469448089600e-02 -1.263498365879058838e-01
6.445312500000000000e-02 -4.571840167045593262e-03 1.218120753765106201e-01
6.069415807723999023e-02 -5.786381661891937256e-03 1.366764903068542480e-01
9.599012136459350586e-02 -4.218134284019470215e-02 1.926739811897277832e-01
-1.387376189231872559e-01 4.329992830753326416e-02 -2.286179065704345703e-01
-9.961897134780883789e-02 9.093444794416427612e-03 -4.368191957473754883e-02
-4.600107669830322266e-03 -3.583623096346855164e-03 3.719925880432128906e-04
-1.367908716201782227e-02 -3.790130838751792908e-03 -3.338253498077392578e-02
1.752710342407226562e-02 -6.443203985691070557e-02 1.704388856887817383e-01
-6.280106306076049805e-02 1.598951220512390137e-02 1.981631517410278320e-01
-1.072102338075637817e-01 5.024928227066993713e-02 1.520681381225585938e-02
1.475265622138977051e-02 -1.534176059067249298e-02 1.741039752960205078e-02
-2.223119139671325684e-02 1.310887001454830170e-02 -4.033648967742919922e-02
-4.199349880218505859e-02 -6.847692653536796570e-03 -8.261048793792724609e-02
-3.621475398540496826e-02 -2.310321666300296783e-02 1.857607364654541016e-01
-1.908637583255767822e-02 3.578989580273628235e-02 -1.021912693977355957e-01
5.134046077728271484e-04 -3.684129938483238220e-02 8.217853307723999023e-02
-4.954141378402709961e-02 3.718610852956771851e-02 -5.143839120864868164e-02
4.405516386032104492e-02 9.207674302160739899e-03 1.278737187385559082e-01
-4.757702350616455078e-02 -4.423329234123229980e-02 -2.895355224609375000e-02
7.385778427124023438e-02 7.635002955794334412e-03 1.518332958221435547e-02
-5.983486771583557129e-02 -1.820123009383678436e-02 2.660000324249267578e-02
-2.076467871665954590e-02 2.863042615354061127e-02 -6.931185722351074219e-02
9.457409381866455078e-03 -2.109294198453426361e-02 2.792382240295410156e-02
-9.245100617408752441e-02 2.490534447133541107e-02 -2.305018901824951172e-02
2.641186118125915527e-02 9.464841336011886597e-03 -4.992902278900146484e-02
-7.676869630813598633e-03 -3.925036638975143433e-03 -6.665390729904174805e-02
-3.732272982597351074e-02 2.765432000160217285e-03 2.681612968444824219e-04
1.317596435546875000e-02 -3.964293748140335083e-03 1.396299600601196289e-01
-2.416348457336425781e-02 7.950164377689361572e-03 -1.028897762298583984e-01
1.479254662990570068e-02 -8.685104548931121826e-04 4.849570989608764648e-02
5.086377263069152832e-03 -1.306843385100364685e-02 9.221434593200683594e-04
-2.037063241004943848e-02 -4.747547209262847900e-03 2.765667438507080078e-02
1.279389858245849609e-02 -7.066555321216583252e-03 3.859329223632812500e-02
-1.425585150718688965e-02 2.429664134979248047e-03 -2.067315578460693359e-02
-7.050663232803344727e-03 -8.541574701666831970e-03 4.924654960632324219e-03
-2.128237485885620117e-02 6.503608077764511108e-03 4.733026027679443359e-02
3.370186686515808105e-02 3.420352935791015625e-03 9.267926216125488281e-03
-2.073857188224792480e-02 1.049230620265007019e-02 4.150724411010742188e-02
-1.887068152427673340e-02 -3.125406801700592041e-03 -8.047008514404296875e-02
2.260413765907287598e-02 9.664401412010192871e-03 2.896857261657714844e-02
-1.237431168556213379e-02 -8.183913305401802063e-03 1.486253738403320312e-02
7.750838994979858398e-03 -7.740810513496398926e-03 6.979227066040039062e-02
1.077908277511596680e-02 3.237899392843246460e-03 1.870048046112060547e-02
1.275378465652465820e-02 -1.070901751518249512e-03 -6.559491157531738281e-03
-1.328769326210021973e-02 3.463204950094223022e-03 -1.946592330932617188e-02
-2.697438001632690430e-03 2.763871103525161743e-03 -4.745483398437500000e-03
-4.744127392768859863e-02 6.425447762012481689e-03 -4.405307769775390625e-02
1.315784454345703125e-02 -8.362710475921630859e-03 1.109671592712402344e-02
2.220073342323303223e-02 -6.110742688179016113e-04 -1.178824901580810547e-02
9.413093328475952148e-03 2.269733697175979614e-03 1.868247985839843750e-03
7.590681314468383789e-03 2.395812422037124634e-03 3.711462020874023438e-03
-3.198951482772827148e-03 3.830671310424804688e-03 1.378083229064941406e-02
6.440281867980957031e-05 -8.180625736713409424e-03 -1.856219768524169922e-02
1.163268089294433594e-02 2.999763935804367065e-03 1.030576229095458984e-02
4.359483718872070312e-03 5.690902471542358398e-04 1.754283905029296875e-02
3.632128238677978516e-03 -1.351345330476760864e-03 -5.232536792755126953e-02
-1.285517215728759766e-02 1.396036706864833832e-03 4.889726638793945312e-02
-3.683239221572875977e-03 -7.981387898325920105e-04 -1.716172695159912109e-02
9.501576423645019531e-03 8.543115109205245972e-04 4.669225215911865234e-02
1.980808377265930176e-02 -1.350672915577888489e-03 -8.952617645263671875e-05
-1.409888267517089844e-03 -1.077206805348396301e-03 -3.171646595001220703e-02
1.802897453308105469e-02 4.367306828498840332e-03 -7.842206954956054688e-02
3.781765699386596680e-03 -1.001379452645778656e-02 1.707208156585693359e-02
-1.945102214813232422e-02 -2.882121130824089050e-03 2.043020725250244141e-02
1.509612798690795898e-02 1.590334251523017883e-02 -1.109668016433715820e-01
-2.734681963920593262e-02 3.627975471317768097e-03 -7.938408851623535156e-02
1.016899943351745605e-02 -8.129637688398361206e-03 6.158447265625000000e-02
-2.511289715766906738e-02 -8.678520098328590393e-04 5.533576011657714844e-03
1.968854665756225586e-02 1.441148109734058380e-03 1.748204231262207031e-04
5.165636539459228516e-04 3.618474118411540985e-03 4.012721776962280273e-02
-4.678934812545776367e-02 5.673022940754890442e-03 6.150174140930175781e-02
1.048257946968078613e-02 -5.494838580489158630e-03 -5.471539497375488281e-02
-2.321302890777587891e-04 -6.807744503021240234e-04 4.420185089111328125e-02
2.587828040122985840e-02 -1.005121879279613495e-02 -5.836296081542968750e-02
1.059031486511230469e-02 -6.148405373096466064e-05 2.732467651367187500e-02
-1.539996266365051270e-02 1.760164275765419006e-03 9.030222892761230469e-03
-3.254354000091552734e-03 -4.405304789543151855e-04 6.545257568359375000e-02
-6.084173917770385742e-03 6.412088871002197266e-03 -3.144741058349609375e-02
9.509623050689697266e-03 -5.271164700388908386e-04 -4.181098937988281250e-02
-1.811650395393371582e-02 -3.778888843953609467e-03 4.528915882110595703e-02
9.367346763610839844e-03 -4.710095003247261047e-03 4.239106178283691406e-02
5.138695240020751953e-03 -4.784721881151199341e-03 -7.401704788208007812e-02
1.806151866912841797e-02 4.851315170526504517e-04 -8.836865425109863281e-03
1.658168435096740723e-02 6.858449429273605347e-03 1.064050197601318359e-02
1.282921433448791504e-02 1.009645313024520874e-02 -6.360161304473876953e-02
-3.279745578765869141e-02 -4.286383278667926788e-03 3.817880153656005859e-02
1.074075698852539062e-02 -2.052033320069313049e-03 3.186631202697753906e-02
1.596486568450927734e-02 8.029104210436344147e-03 -5.132234096527099609e-02
-1.894986629486083984e-02 -8.981107734143733978e-03 1.663434505462646484e-02
6.071388721466064453e-03 2.682206220924854279e-03 -1.122355461120605469e-03
9.926289319992065430e-03 -6.179995834827423096e-04 4.083037376403808594e-03
3.091546893119812012e-02 -1.266922801733016968e-03 4.365134239196777344e-02
-5.440771579742431641e-03 2.060802653431892395e-03 8.591687679290771484e-02
-1.994839310646057129e-02 -6.015297025442123413e-03 -6.270110607147216797e-02
-7.502645254135131836e-03 -3.664432093501091003e-03 6.755352020263671875e-02
-9.253025054931640625e-03 -6.432550027966499329e-03 -3.768622875213623047e-02
-3.010606765747070312e-02 -4.406673833727836609e-03 -3.651380538940429688e-03
-5.986034870147705078e-03 7.444879040122032166e-03 -3.805899620056152344e-02
5.408674478530883789e-03 3.923596814274787903e-03 2.523398399353027344e-02
3.291520476341247559e-02 2.446711063385009766e-03 5.767345428466796875e-04
2.610653638839721680e-03 -6.141331046819686890e-03 5.511760711669921875e-03
-1.311737298965454102e-02 5.034310743212699890e-03 2.495050430297851562e-03
1.099017262458801270e-02 -3.632605075836181641e-04 2.993142604827880859e-02
-3.067106008529663086e-02 6.771314889192581177e-03 6.378042697906494141e-02
-1.908010244369506836e-02 1.425556838512420654e-03 -4.094707965850830078e-02
3.135153651237487793e-02 -7.555004209280014038e-03 -9.358870983123779297e-02
-2.259632945060729980e-02 -3.719937056303024292e-03 -8.179354667663574219e-02
1.117449998855590820e-02 -2.815105020999908447e-03 -2.031207084655761719e-02
1.861453056335449219e-04 -4.067830741405487061e-03 5.574226379394531250e-02
1.447111368179321289e-02 9.363528341054916382e-03 -3.892189264297485352e-02
-3.462791442871093750e-03 -3.016505390405654907e-03 2.280431985855102539e-02
-1.048359274864196777e-02 3.881379961967468262e-05 1.659405231475830078e-02
2.077847719192504883e-03 5.995482206344604492e-05 3.636789321899414062e-02
1.525223255157470703e-03 1.036707311868667603e-03 -4.123330116271972656e-03
-4.182016849517822266e-02 -1.074410974979400635e-04 8.182156085968017578e-02
-3.071257472038269043e-02 3.257595002651214600e-03 2.132463455200195312e-02
9.725689888000488281e-04 -5.597610026597976685e-03 1.553845405578613281e-02
3.391191363334655762e-02 1.281030103564262390e-02 -6.631612777709960938e-03
5.360972881317138672e-02 -1.027900725603103638e-04 -4.563331604003906250e-03
-3.087809681892395020e-02 1.052389666438102722e-02 2.053999900817871094e-02
-9.712874889373779297e-04 3.924755379557609558e-03 -2.446007728576660156e-02
6.186318397521972656e-02 -1.101802289485931396e-02 5.265939235687255859e-02
-4.919388890266418457e-02 2.910779789090156555e-03 -1.623165607452392578e-02
-2.085638046264648438e-02 1.189809292554855347e-03 4.180550575256347656e-03
-3.843870759010314941e-02 -3.140355460345745087e-03 2.158892154693603516e-02
-1.520949602127075195e-02 -1.278640702366828918e-03 -1.705145835876464844e-02
1.065734028816223145e-02 1.616060733795166016e-03 -5.650484561920166016e-02
-2.536067366600036621e-02 8.599069900810718536e-03 2.816343307495117188e-02
-3.495103120803833008e-02 2.262135967612266541e-03 8.260726928710937500e-03
1.171636581420898438e-02 -4.711799323558807373e-03 -3.032052516937255859e-02
2.923706173896789551e-02 3.771539777517318726e-04 4.110097885131835938e-03
1.296728849411010742e-03 5.197279155254364014e-03 1.616477966308593750e-02
1.182663440704345703e-02 -7.275678217411041260e-04 2.288615703582763672e-02
-2.667686343193054199e-02 -1.506004482507705688e-04 1.444339752197265625e-02
2.854734659194946289e-03 -3.262931481003761292e-03 -9.837865829467773438e-03
6.616532802581787109e-03 3.015141934156417847e-03 -2.682828903198242188e-02
3.782719373703002930e-02 1.100493595004081726e-03 -3.572463989257812500e-02
-1.400092244148254395e-02 -3.405854105949401855e-03 1.109647750854492188e-02
-4.000574350357055664e-03 6.291791796684265137e-03 -1.685011386871337891e-02
2.666383981704711914e-03 1.188814640045166016e-03 1.203989982604980469e-02
4.598736763000488281e-03 -1.166749745607376099e-03 1.092100143432617188e-02
-3.884980082511901855e-02 5.125697702169418335e-03 -7.081389427185058594e-03
8.859097957611083984e-03 -3.910500556230545044e-03 4.971027374267578125e-03
3.547075390815734863e-02 1.334317028522491455e-03 -6.546974182128906250e-04
2.234017848968505859e-02 -5.750358104705810547e-03 -2.145957946777343750e-02
4.701131582260131836e-02 5.643907934427261353e-03 8.616089820861816406e-02
5.556076765060424805e-03 -7.791981101036071777e-03 -2.538716793060302734e-02
-1.098227500915527344e-02 -5.333427339792251587e-03 1.801121234893798828e-02
2.242055535316467285e-02 4.805933684110641479e-03 2.264571189880371094e-02
-1.514646410942077637e-02 -1.547746360301971436e-03 1.775383949279785156e-02
-4.208555817604064941e-02 -1.016899943351745605e-03 -6.944608688354492188e-02
2.438545227050781250e-03 -3.138013184070587158e-03 -2.219557762145996094e-03
1.266840100288391113e-02 9.709559381008148193e-04 -1.992940902709960938e-03
1.066029071807861328e-03 -4.341851919889450073e-03 -3.353285789489746094e-02
8.262634277343750000e-03 4.257664084434509277e-03 4.348635673522949219e-03
-9.360164403915405273e-03 -1.963634043931961060e-03 4.101598262786865234e-02
1.588499546051025391e-02 3.320228308439254761e-03 -6.415855884552001953e-02
2.266857028007507324e-02 3.192119300365447998e-03 -2.939915657043457031e-02
1.107588410377502441e-02 -2.954464405775070190e-03 4.492056369781494141e-02
-4.522144794464111328e-03 1.039836555719375610e-03 2.152931690216064453e-02
6.213217973709106445e-03 -7.405877113342285156e-06 -8.841872215270996094e-03
2.196630835533142090e-02 1.368932425975799561e-04 -1.272654533386230469e-02
1.544402539730072021e-02 -4.795555025339126587e-03 -7.441627979278564453e-02
5.738973617553710938e-03 -8.787833154201507568e-03 1.641666889190673828e-02
-2.043808996677398682e-02 -1.003835722804069519e-02 3.111839294433593750e-03
-9.330958127975463867e-03 6.774408742785453796e-03 5.383479595184326172e-02
3.861635923385620117e-03 -1.057248376309871674e-02 5.019581317901611328e-02
-3.422555327415466309e-02 -3.398129716515541077e-03 -2.661263942718505859e-02
7.593870162963867188e-03 8.740251883864402771e-03 2.674388885498046875e-02
-7.241666316986083984e-04 7.506322115659713745e-03 -4.124116897583007812e-02
-4.963684082031250000e-02 -5.999889224767684937e-03 -7.818889617919921875e-02
-2.231612801551818848e-02 3.938958048820495605e-03 -4.782676696777343750e-04
-3.534388542175292969e-02 -4.425659775733947754e-03 -4.113173484802246094e-02
-1.239186525344848633e-02 4.152029752731323242e-03 4.230940341949462891e-02
-1.984101533889770508e-02 5.560703575611114502e-03 -4.374241828918457031e-02
-2.707678079605102539e-02 -8.042793720960617065e-03 -4.812163114547729492e-02
-2.575477957725524902e-02 5.970757454633712769e-03 -2.157962322235107422e-02
4.489591717720031738e-02 1.618012040853500366e-02 4.739803075790405273e-02
-8.730173110961914062e-03 9.597837924957275391e-04 -1.038312911987304688e-04
-1.677334308624267578e-03 -9.055867791175842285e-03 8.818268775939941406e-03
1.246580481529235840e-02 -8.295245468616485596e-03 -1.336491107940673828e-02
6.260478496551513672e-02 3.335613757371902466e-03 -9.256386756896972656e-02
1.101800799369812012e-02 -6.165359169244766235e-03 -3.604495525360107422e-02
-1.083314418792724609e-03 1.015195995569229126e-02 5.168521404266357422e-02
4.806378483772277832e-02 -3.927920013666152954e-03 -6.394708156585693359e-02
-5.123776197433471680e-02 -4.380643367767333984e-04 1.746112108230590820e-02
-1.684409379959106445e-02 -5.873326212167739868e-03 6.026333570480346680e-02
2.232596278190612793e-02 6.244063377380371094e-03 -3.612983226776123047e-02
-3.381013870239257812e-03 -1.909770071506500244e-03 -2.406942844390869141e-02
3.799378871917724609e-03 -1.334358006715774536e-03 -1.950740814208984375e-03
1.061171293258666992e-03 -8.515063673257827759e-04 -4.061615467071533203e-02
-1.348409056663513184e-02 -9.978059679269790649e-04 2.575433254241943359e-02
8.166551589965820312e-03 4.806894809007644653e-03 7.571071386337280273e-02
-3.769069910049438477e-03 -2.686239778995513916e-03 -2.342480421066284180e-02
1.425012946128845215e-02 8.990280330181121826e-04 2.944695949554443359e-02
-1.974657177925109863e-02 2.345249056816101074e-03 -2.029120922088623047e-03
-2.453029155731201172e-04 2.785399556159973145e-05 -2.453327178955078125e-04
-9.084999561309814453e-03 -3.059208393096923828e-05 3.913044929504394531e-04
