-4.596714000000000008e-03 -2.001523999999999751e-03 9.154273999999999745e-02
-1.001115999999999985e-02 -4.359703999999999836e-03 1.857372999999999941e-01
-1.753371000000000096e-02 -6.859665000000000033e-03 2.834672000000000303e-01
-2.863192000000000167e-02 -6.726659999999999758e-03 3.873099999999999876e-01
-4.273696999999999913e-02 -7.303015000000000374e-03 5.011396000000000184e-01
-6.000008999999999898e-02 -8.065470999999999405e-03 6.279358999999999913e-01
-8.275693000000000632e-02 -8.994999999999999524e-03 7.669395999999999436e-01
-1.090497000000000133e-01 -1.033981999999999957e-02 9.191805000000000669e-01
-1.415335000000000065e-01 -1.195088000000000053e-02 1.081912999999999903e+00
-1.816057000000000088e-01 -1.604515000000000108e-02 1.251378000000000101e+00
-2.325643000000000016e-01 -2.265363999999999919e-02 1.425642999999999994e+00
-2.934590000000000254e-01 -3.116429000000000074e-02 1.604139999999999899e+00
-3.616512000000000060e-01 -3.933356999999999826e-02 1.788640000000000230e+00
-4.366242999999999652e-01 -4.313506999999999758e-02 1.979231000000000185e+00
-5.224919000000000091e-01 -4.573638000000000009e-02 2.173020000000000174e+00
-6.200939999999999230e-01 -4.902232000000000117e-02 2.368740999999999985e+00
-7.248451999999999673e-01 -5.140742999999999702e-02 2.565688999999999886e+00
-8.394934000000000562e-01 -5.397789000000000059e-02 2.758284999999999876e+00
-9.687590999999999841e-01 -5.101001000000000146e-02 2.950416000000000150e+00
-1.103633000000000086e+00 -4.676236000000000281e-02 3.142084999999999795e+00
-1.242763999999999980e+00 -4.292676000000000130e-02 3.333105000000000206e+00
-1.392474999999999907e+00 -4.238966000000000262e-02 3.523028000000000048e+00
-1.564446000000000003e+00 -4.491984999999999728e-02 3.706266999999999978e+00
-1.761568000000000023e+00 -4.899413999999999852e-02 3.880703000000000014e+00
-1.969361000000000139e+00 -5.141144000000000269e-02 4.049498000000000708e+00
-2.187834999999999752e+00 -5.358747999999999984e-02 4.215883999999999965e+00
-2.415526999999999980e+00 -5.318918000000000257e-02 4.382391000000000147e+00
-2.663145999999999791e+00 -5.287039000000000322e-02 4.540773999999999866e+00
-2.929115000000000357e+00 -5.283788999999999847e-02 4.687680000000000291e+00
-3.215511999999999926e+00 -5.138929999999999887e-02 4.824433999999999223e+00
-3.517838999999999938e+00 -4.877551000000000109e-02 4.948177999999999521e+00
-3.836955000000000116e+00 -4.505657999999999885e-02 5.057271000000000072e+00
-4.177130000000000010e+00 -3.878841999999999707e-02 5.153468000000000160e+00
-4.534334999999999560e+00 -3.325067000000000300e-02 5.233794000000000501e+00
-4.911075000000000301e+00 -2.945435000000000067e-02 5.302451000000000469e+00
-5.299329000000000178e+00 -2.697748000000000160e-02 5.360942999999999792e+00
-5.701356999999999786e+00 -2.303082999999999866e-02 5.401693999999999996e+00
-6.122091000000000172e+00 -1.604266000000000025e-02 5.421289999999999942e+00
-6.558994000000000213e+00 -5.757046000000000038e-03 5.427673999999999666e+00
-7.009091000000000626e+00 6.191583999999999977e-03 5.424017000000000088e+00
-7.473425999999999902e+00 1.625112999999999905e-02 5.410696999999999868e+00
-7.950410999999999895e+00 2.306423999999999974e-02 5.389281999999999684e+00
-8.444611999999999341e+00 3.066421999999999898e-02 5.353644000000000069e+00
-8.953007000000001270e+00 4.057477000000000306e-02 5.310729000000000255e+00
-9.480377000000000720e+00 5.248992000000000241e-02 5.263869000000000575e+00
-1.002301999999999893e+01 6.141731000000000273e-02 5.211227000000000054e+00
-1.057920999999999978e+01 6.596198999999999812e-02 5.153075000000000294e+00
-1.115273999999999965e+01 6.936404999999999654e-02 5.088359999999999772e+00
-1.173941000000000123e+01 7.855473000000000317e-02 5.025879999999999903e+00
-1.234412000000000020e+01 9.123046999999999407e-02 4.964841000000000726e+00
-1.296426999999999907e+01 1.026714999999999850e-01 4.901812000000000502e+00
-1.360014999999999930e+01 1.095162999999999970e-01 4.835681000000000118e+00
-1.425164000000000009e+01 1.178241999999999901e-01 4.767224999999999824e+00
-1.491341000000000072e+01 1.296148999999999774e-01 4.697363000000000177e+00
-1.559372000000000114e+01 1.450797999999999810e-01 4.629998999999999754e+00
-1.629097999999999757e+01 1.622253999999999918e-01 4.563301999999999303e+00
-1.700478000000000023e+01 1.770187999999999762e-01 4.494629999999999903e+00
-1.773322000000000287e+01 1.905594000000000177e-01 4.426531999999999911e+00
-1.847182999999999709e+01 2.092752999999999697e-01 4.359249000000000152e+00
-1.922427000000000064e+01 2.305554999999999966e-01 4.290983999999999909e+00
-1.998832999999999771e+01 2.503189000000000108e-01 4.223122000000000043e+00
-2.077309999999999945e+01 2.703515999999999697e-01 4.161928999999999768e+00
-2.156447999999999965e+01 2.880249000000000281e-01 4.100216999999999778e+00
-2.236419000000000068e+01 3.062235999999999847e-01 4.035961000000000354e+00
-2.316414999999999935e+01 3.216151999999999900e-01 3.971019000000000077e+00
-2.396950000000000003e+01 3.342057999999999973e-01 3.908969999999999612e+00
-2.478947000000000145e+01 3.492535999999999419e-01 3.849051999999999474e+00
-2.561886000000000152e+01 3.615095999999999310e-01 3.786078999999999972e+00
-2.646135999999999910e+01 3.717697000000000362e-01 3.716343000000000174e+00
-2.730754999999999910e+01 3.854990999999999834e-01 3.644751999999999548e+00
-2.815287000000000006e+01 4.028815000000000035e-01 3.569541000000000519e+00
-2.899762000000000128e+01 4.194172000000000455e-01 3.492898000000000280e+00
-2.983720999999999890e+01 4.370064000000000171e-01 3.418460000000000054e+00
-3.067424000000000106e+01 4.566603000000000190e-01 3.346045999999999854e+00
-3.151585999999999643e+01 4.763854999999999618e-01 3.271990000000000176e+00
-3.235442000000000462e+01 4.917255999999999294e-01 3.198820999999999692e+00
-3.319517000000000451e+01 5.076454000000000244e-01 3.123625999999999792e+00
-3.402626000000000062e+01 5.241898999999999864e-01 3.051261000000000223e+00
-3.486004000000000502e+01 5.386701999999998769e-01 2.980358000000000285e+00
-3.569639000000000095e+01 5.500319999999999654e-01 2.910620999999999903e+00
-3.653345000000000198e+01 5.579548000000000840e-01 2.843137000000000025e+00
-3.737375000000000114e+01 5.707776999999999434e-01 2.775069999999999926e+00
-3.821475999999999829e+01 5.878614999999999258e-01 2.706984999999999975e+00
-3.904917999999999978e+01 6.055646000000000084e-01 2.638854999999999951e+00
-3.988166999999999973e+01 6.246496000000000270e-01 2.572257000000000016e+00
-4.071170999999999651e+01 6.464857999999999993e-01 2.504806000000000310e+00
-4.153840000000000288e+01 6.640169000000000210e-01 2.436154000000000153e+00
-4.236520000000000152e+01 6.807227000000000139e-01 2.363072000000000283e+00
-4.319142999999999688e+01 6.977482999999999880e-01 2.290204999999999824e+00
-4.401519000000000403e+01 7.092788000000000981e-01 2.223683000000000298e+00
-4.483883000000000152e+01 7.206986999999999144e-01 2.160908000000000051e+00
-4.566120999999999697e+01 7.331960999999999062e-01 2.096619000000000010e+00
-4.648335000000000150e+01 7.434450999999999699e-01 2.028252999999999862e+00
-4.730743999999999971e+01 7.534145000000000980e-01 1.959122000000000030e+00
-4.812332999999999572e+01 7.646920999999999857e-01 1.890492999999999979e+00
-4.893314000000000163e+01 7.767208999999999364e-01 1.820294999999999996e+00
-4.973552999999999713e+01 7.874193000000000442e-01 1.740695000000000103e+00
-5.053251999999999811e+01 7.989931999999999590e-01 1.659365999999999897e+00
-5.132871000000000095e+01 8.126433000000000684e-01 1.575304000000000038e+00
-5.212275999999999954e+01 8.219495999999999469e-01 1.493751999999999969e+00
-5.291590000000000060e+01 8.317694999999999395e-01 1.416806999999999928e+00
-5.370195999999999970e+01 8.419538000000000855e-01 1.337479000000000084e+00
-5.448400000000000176e+01 8.494926999999999895e-01 1.258993999999999946e+00
-5.526303000000000765e+01 8.601356999999999475e-01 1.184702000000000144e+00
-5.603808000000000789e+01 8.696735000000000992e-01 1.110755999999999855e+00
-5.681074000000000268e+01 8.820234000000000130e-01 1.032637000000000027e+00
-5.757459999999999667e+01 8.957003000000001158e-01 9.565389999999999171e-01
-5.833039000000000129e+01 9.106541999999999693e-01 8.830629999999999313e-01
-5.907759000000000071e+01 9.234550999999999732e-01 8.100074000000000440e-01
-5.981040000000000134e+01 9.337799000000001071e-01 7.359683000000001307e-01
-6.053658000000000783e+01 9.432176999999999367e-01 6.623664999999999692e-01
-6.124548000000000769e+01 9.508013000000000714e-01 5.919478000000000240e-01
-6.194033000000000300e+01 9.565111999999998948e-01 5.237597999999999976e-01
-6.262021999999999622e+01 9.607290000000000552e-01 4.617179000000000144e-01
-6.328550999999999505e+01 9.654747999999999664e-01 4.088407000000000013e-01
-6.393545999999999907e+01 9.696725000000000483e-01 3.622950999999999810e-01
-6.457047000000000025e+01 9.742129999999998846e-01 3.201877000000000195e-01
-6.518990999999999758e+01 9.801826999999999623e-01 2.859580999999999928e-01
-6.579135999999999740e+01 9.882448000000000343e-01 2.627667999999999671e-01
-6.637563000000000102e+01 9.966521999999998771e-01 2.555667999999999829e-01
-6.693703000000000713e+01 1.003712000000000160e+00 2.646196000000000104e-01
-6.747673000000000343e+01 1.009212999999999916e+00 2.941698999999999842e-01
-6.799051999999998941e+01 1.013812999999999853e+00 3.455597999999999725e-01
-6.848214000000000112e+01 1.016477000000000075e+00 4.164807999999999844e-01
-6.895411999999998898e+01 1.019824000000000064e+00 5.048812999999999773e-01
-6.940375999999999124e+01 1.021543000000000090e+00 6.110891999999999991e-01
-6.984846000000000288e+01 1.023928000000000171e+00 7.419666999999999790e-01
-7.027046999999998889e+01 1.024337000000000053e+00 8.955753000000000741e-01
-7.068170999999999538e+01 1.023887999999999909e+00 1.080744000000000149e+00
-7.106860999999999251e+01 1.025887999999999911e+00 1.285745999999999833e+00
-7.145144000000000517e+01 1.032362000000000002e+00 1.513560000000000016e+00
-7.181418999999999642e+01 1.040291000000000077e+00 1.753829000000000082e+00
-7.217074999999999818e+01 1.045549000000000062e+00 2.013647000000000187e+00
-7.250741999999999621e+01 1.049184000000000117e+00 2.296943999999999875e+00
-7.281071000000000026e+01 1.052186999999999983e+00 2.601771999999999974e+00
-7.310854999999999393e+01 1.052213999999999983e+00 2.908665000000000056e+00
-7.338523999999999603e+01 1.051990999999999898e+00 3.220822999999999769e+00
-7.365931999999999391e+01 1.056081000000000047e+00 3.554384999999999906e+00
-7.391333000000000197e+01 1.058753000000000055e+00 3.911269999999999580e+00
-7.416588000000000136e+01 1.057854999999999990e+00 4.300551000000000457e+00
-7.440170999999999424e+01 1.057076000000000127e+00 4.718510000000000204e+00
-7.461514999999999986e+01 1.053456999999999866e+00 5.155826999999999494e+00
-7.482559999999999434e+01 1.044844000000000106e+00 5.623155000000000570e+00
-7.501815999999999462e+01 1.038119000000000014e+00 6.110247000000000206e+00
-7.520556999999999448e+01 1.035835999999999979e+00 6.618096000000000423e+00
-7.537989000000000317e+01 1.030281999999999920e+00 7.151975999999999445e+00
-7.553929999999999723e+01 1.020134000000000096e+00 7.706094999999999473e+00
-7.569195999999999458e+01 1.010452000000000128e+00 8.281090999999999980e+00
-7.583698000000001116e+01 1.004688000000000025e+00 8.874404000000000181e+00
-7.598068999999999562e+01 9.966334000000001136e-01 9.486417999999998685e+00
-7.612224999999999397e+01 9.889480999999999966e-01 1.011219999999999963e+01
-7.625804000000000826e+01 9.812745999999998858e-01 1.075521999999999956e+01
-7.637903000000000020e+01 9.768094999999998862e-01 1.141498999999999953e+01
-7.649294000000000437e+01 9.734490000000000087e-01 1.209149999999999991e+01
-7.660202999999999918e+01 9.705966000000000315e-01 1.278421999999999947e+01
-7.670270999999999617e+01 9.650851000000000290e-01 1.349407000000000068e+01
-7.679658000000000584e+01 9.546485000000000110e-01 1.421250000000000036e+01
-7.688461999999999819e+01 9.437305000000000277e-01 1.494544999999999924e+01
-7.696462999999999965e+01 9.352273999999999310e-01 1.568784999999999918e+01
-7.704090999999999667e+01 9.267552000000000012e-01 1.644683999999999813e+01
-7.711872999999999934e+01 9.133109000000000366e-01 1.721856000000000009e+01
-7.719880999999999460e+01 8.975355999999999890e-01 1.799359000000000108e+01
-7.727200999999999453e+01 8.859440000000000648e-01 1.876754000000000033e+01
-7.733723000000000525e+01 8.765600000000000058e-01 1.953401000000000209e+01
-7.740243999999999858e+01 8.673709999999998921e-01 2.030151000000000039e+01
-7.746374000000000137e+01 8.595219000000000609e-01 2.107245999999999952e+01
-7.752112999999999943e+01 8.514203999999999661e-01 2.184296000000000149e+01
-7.757340000000000657e+01 8.408160999999999552e-01 2.261433999999999855e+01
-7.762210000000000321e+01 8.279105999999999410e-01 2.337766000000000233e+01
-7.767674999999999841e+01 8.191268000000000438e-01 2.413827000000000211e+01
-7.773420000000000130e+01 8.046718000000000481e-01 2.489810999999999908e+01
-7.778960999999999615e+01 7.903154000000000012e-01 2.565477999999999881e+01
-7.784614000000000544e+01 7.739409000000000427e-01 2.642190999999999690e+01
-7.790878000000000725e+01 7.508496000000000059e-01 2.718067000000000277e+01
-7.796896999999999878e+01 7.293731999999999438e-01 2.793922999999999845e+01
-7.802006999999998982e+01 7.137060000000000626e-01 2.869200000000000017e+01
-7.806468999999999880e+01 6.969693000000000138e-01 2.944067000000000078e+01
-7.810970000000000368e+01 6.798769000000000062e-01 3.019276999999999944e+01
-7.815548000000001139e+01 6.647429000000000254e-01 3.094569000000000258e+01
-7.819809999999999661e+01 6.476765999999999357e-01 3.170129999999999981e+01
-7.824233000000000970e+01 6.301631999999999234e-01 3.246412999999999727e+01
-7.829498000000000957e+01 6.149091999999999336e-01 3.323078999999999894e+01
-7.834624000000000876e+01 5.990528000000000519e-01 3.400092999999999677e+01
-7.839928000000000452e+01 5.789980999999999600e-01 3.477685000000000315e+01
-7.844974000000000558e+01 5.641545000000000032e-01 3.556152000000000157e+01
-7.850718000000000529e+01 5.473640999999999091e-01 3.634754000000000218e+01
-7.857151999999999248e+01 5.285290999999999739e-01 3.714347000000000065e+01
-7.863616999999999280e+01 5.110167999999999378e-01 3.793751999999999924e+01
-7.870040000000000191e+01 4.940832999999999475e-01 3.873523000000000138e+01
-7.876269999999999527e+01 4.825695999999999874e-01 3.954601999999999862e+01
-7.882862000000000080e+01 4.646181999999999812e-01 4.036454000000000519e+01
-7.889593000000000700e+01 4.461481999999999948e-01 4.119467999999999819e+01
-7.895989000000000146e+01 4.339024999999999688e-01 4.203064000000000533e+01
-7.902897000000000105e+01 4.207819999999999894e-01 4.287429000000000201e+01
-7.910034000000000276e+01 4.039919000000000149e-01 4.372474000000000416e+01
-7.917130000000000223e+01 3.888968999999999898e-01 4.457894000000000290e+01
-7.924667999999999779e+01 3.756583000000000006e-01 4.543862999999999630e+01
-7.931862999999999886e+01 3.639285999999999355e-01 4.629919999999999902e+01
-7.938491999999999393e+01 3.498958000000000346e-01 4.716295999999999822e+01
-7.944526999999999362e+01 3.344377000000000044e-01 4.803165999999999514e+01
-7.950861000000000445e+01 3.209955999999999920e-01 4.890207000000000193e+01
-7.957375999999999294e+01 3.027919000000000582e-01 4.977895000000000181e+01
-7.963391999999998916e+01 2.867505000000000193e-01 5.065630000000000166e+01
-7.969741999999999393e+01 2.720427000000000262e-01 5.152944999999999709e+01
-7.976467999999999847e+01 2.574406000000000194e-01 5.239664000000000499e+01
-7.983357999999999777e+01 2.408602000000000243e-01 5.325480000000000302e+01
-7.990039000000000158e+01 2.201001999999999958e-01 5.411350000000000193e+01
-7.996963999999999828e+01 1.922996000000000150e-01 5.496561999999999415e+01
-8.003258999999999901e+01 1.649342999999999781e-01 5.581906000000000034e+01
-8.009273000000000309e+01 1.408072000000000212e-01 5.667063000000000272e+01
-8.015558000000000050e+01 1.161115999999999954e-01 5.752689000000000163e+01
-8.022244000000000597e+01 9.233457000000000470e-02 5.837774999999999892e+01
-8.028086000000000411e+01 7.510007999999999961e-02 5.921309999999999718e+01
-8.033870999999999185e+01 5.914325000000000138e-02 6.004264000000000578e+01
-8.040304999999999325e+01 4.000654000000000016e-02 6.087223000000000184e+01
-8.047400999999999271e+01 1.826730000000000020e-02 6.169566999999999268e+01
-8.054971999999999355e+01 -3.742664000000000147e-03 6.251364999999999839e+01
-8.062089000000000283e+01 -2.632293999999999953e-02 6.332786999999999722e+01
-8.069603999999999644e+01 -5.452811999999999937e-02 6.413629000000000246e+01
-8.077809999999999491e+01 -8.379997999999999614e-02 6.494508000000000436e+01
-8.085966999999999416e+01 -1.090773000000000159e-01 6.575279000000000451e+01
-8.094518000000000768e+01 -1.360470000000000013e-01 6.655929000000000428e+01
-8.103408000000000300e+01 -1.573833999999999789e-01 6.736350000000000193e+01
-8.112340999999999269e+01 -1.755818999999999852e-01 6.815999000000000763e+01
-8.121916000000000224e+01 -1.913565000000000127e-01 6.894880000000000564e+01
-8.131685000000000230e+01 -2.042168999999999790e-01 6.973954999999999416e+01
-8.142163999999999646e+01 -2.174814999999999943e-01 7.052030000000000598e+01
-8.154225999999999885e+01 -2.305563999999999947e-01 7.129191000000000145e+01
-8.166367999999999938e+01 -2.426308000000000076e-01 7.205943000000000609e+01
-8.178343999999999880e+01 -2.550722999999999741e-01 7.282193000000000893e+01
-8.191089000000000908e+01 -2.691767999999999939e-01 7.358473999999999648e+01
-8.204909999999999570e+01 -2.836517000000000066e-01 7.434335000000000093e+01
-8.218656999999998902e+01 -2.975894000000000039e-01 7.510124000000000422e+01
-8.232699000000000922e+01 -3.160459000000000462e-01 7.585198000000001173e+01
-8.246708999999999889e+01 -3.273792999999999842e-01 7.659470000000000312e+01
-8.261415999999999826e+01 -3.380952999999999875e-01 7.733160999999999774e+01
-8.276564000000000476e+01 -3.542447999999999708e-01 7.806923000000000457e+01
-8.293034000000000106e+01 -3.753982999999999626e-01 7.880776999999999077e+01
-8.310119000000000256e+01 -3.866320000000000312e-01 7.954411000000000342e+01
-8.328409000000000617e+01 -3.994933999999999985e-01 8.028096999999999639e+01
-8.346725999999999601e+01 -4.083909000000000011e-01 8.101059999999999661e+01
-8.365789999999999793e+01 -4.178226999999999913e-01 8.172568000000001120e+01
-8.385643000000000313e+01 -4.258951000000000264e-01 8.243070000000000164e+01
-8.405741999999999337e+01 -4.274941999999999909e-01 8.314038000000000750e+01
-8.426581999999999084e+01 -4.288742000000000387e-01 8.386239000000000487e+01
-8.449278000000001043e+01 -4.369495999999999936e-01 8.458415999999999713e+01
-8.472750999999999522e+01 -4.424402000000000057e-01 8.530299000000000831e+01
-8.496506999999999721e+01 -4.446969000000000061e-01 8.601174000000000319e+01
-8.521229999999999905e+01 -4.477484000000000464e-01 8.671555999999999642e+01
-8.546878999999999849e+01 -4.551185000000000369e-01 8.741701000000000477e+01
-8.572668000000000177e+01 -4.633065999999999574e-01 8.811804000000000769e+01
-8.599631999999999721e+01 -4.725988000000000411e-01 8.882079000000000235e+01
-8.628029000000000792e+01 -4.872714000000000212e-01 8.952110999999999308e+01
-8.656905000000000427e+01 -4.896330999999999878e-01 9.021553000000000111e+01
-8.686038999999999533e+01 -4.833979000000000470e-01 9.091809000000000651e+01
-8.715878000000000725e+01 -4.804139000000000048e-01 9.162194000000000926e+01
-8.747632000000000119e+01 -4.825024999999999453e-01 9.231850000000000023e+01
-8.780249999999999488e+01 -4.756232000000000237e-01 9.300350999999999146e+01
-8.811794999999999334e+01 -4.680555999999999606e-01 9.368698000000000548e+01
-8.842784000000000333e+01 -4.619747999999999633e-01 9.437576999999998861e+01
-8.874900999999999840e+01 -4.631795999999999136e-01 9.506816999999999496e+01
-8.908451999999999771e+01 -4.666220000000000367e-01 9.576605999999999597e+01
-8.941637000000000057e+01 -4.736535000000000051e-01 9.646571000000000140e+01
-8.974795999999999196e+01 -4.788900999999999852e-01 9.716351000000000226e+01
-9.008495000000000630e+01 -4.847030999999999978e-01 9.784976000000000340e+01
-9.042664999999999509e+01 -4.875902000000000291e-01 9.853473999999999933e+01
-9.077492999999999768e+01 -4.958137999999999712e-01 9.921954999999999814e+01
-9.113103999999999871e+01 -5.064823000000000519e-01 9.990949999999999420e+01
-9.148703000000000429e+01 -5.172293999999999503e-01 1.005948000000000064e+02
-9.184000000000000341e+01 -5.261979999999999436e-01 1.012774000000000001e+02
-9.219616999999999507e+01 -5.349381999999999193e-01 1.019540999999999968e+02
-9.255294000000000665e+01 -5.434585999999999029e-01 1.026273000000000053e+02
-9.291478000000000748e+01 -5.511716999999999311e-01 1.032960999999999956e+02
-9.328320999999999685e+01 -5.589668999999999333e-01 1.039600999999999971e+02
-9.365045999999999538e+01 -5.659963999999999551e-01 1.046187000000000040e+02
-9.401506999999999437e+01 -5.767571999999999699e-01 1.052673999999999950e+02
-9.438210999999999729e+01 -5.883920000000000261e-01 1.059103000000000065e+02
-9.474823999999999558e+01 -5.980776999999999344e-01 1.065472000000000037e+02
-9.512335000000000207e+01 -6.050065000000000026e-01 1.071877999999999957e+02
-9.549620999999999071e+01 -6.134439000000000419e-01 1.078233000000000033e+02
-9.586450999999999567e+01 -6.210034000000000942e-01 1.084528999999999996e+02
-9.622320000000000562e+01 -6.251306999999999281e-01 1.090677000000000021e+02
-9.657401999999999020e+01 -6.245991999999999100e-01 1.096683000000000021e+02
-9.692076999999999032e+01 -6.262052000000000174e-01 1.102480999999999938e+02
-9.726337999999999795e+01 -6.273271999999999737e-01 1.108135000000000048e+02
-9.760083000000000197e+01 -6.270850000000000035e-01 1.113653999999999940e+02
-9.792432999999999765e+01 -6.283273999999999804e-01 1.119025000000000034e+02
-9.824174999999999613e+01 -6.324615000000000098e-01 1.124232999999999976e+02
-9.855026999999999759e+01 -6.360649000000000441e-01 1.129252000000000038e+02
-9.884347999999999956e+01 -6.367939999999999712e-01 1.134056000000000068e+02
-9.912484999999999502e+01 -6.384109000000000034e-01 1.138657000000000039e+02
-9.939681999999999107e+01 -6.400805999999999996e-01 1.143023000000000025e+02
-9.966423000000000343e+01 -6.481915000000000315e-01 1.147172999999999945e+02
-9.991884000000000299e+01 -6.560401000000000149e-01 1.151136999999999944e+02
-1.001623000000000019e+02 -6.586289000000000726e-01 1.154941000000000031e+02
-1.003992999999999967e+02 -6.585883999999999627e-01 1.158607999999999976e+02
-1.006332000000000022e+02 -6.607941999999998872e-01 1.162045999999999992e+02
-1.008652000000000015e+02 -6.647241999999998763e-01 1.165285999999999973e+02
-1.010904000000000025e+02 -6.694670999999999816e-01 1.168348000000000013e+02
-1.013055999999999983e+02 -6.713923000000000529e-01 1.171265999999999963e+02
-1.015060000000000002e+02 -6.722784000000000537e-01 1.174010999999999996e+02
-1.016928999999999945e+02 -6.721458999999999628e-01 1.176573999999999955e+02
-1.018739000000000061e+02 -6.729960000000000386e-01 1.178991999999999933e+02
-1.020512999999999977e+02 -6.736386999999999237e-01 1.181219999999999999e+02
-1.022292000000000058e+02 -6.753232000000000124e-01 1.183255999999999943e+02
-1.024052999999999969e+02 -6.766433000000000586e-01 1.185086000000000013e+02
-1.025759999999999934e+02 -6.819095000000000573e-01 1.186814999999999998e+02
-1.027420000000000044e+02 -6.858513000000000526e-01 1.188379999999999939e+02
-1.029017999999999944e+02 -6.870036000000000476e-01 1.189816000000000003e+02
-1.030683999999999969e+02 -6.855968999999999536e-01 1.191159999999999997e+02
-1.032450000000000045e+02 -6.827536999999999079e-01 1.192421999999999969e+02
-1.034183000000000021e+02 -6.819887000000000032e-01 1.193667999999999978e+02
-1.035947000000000031e+02 -6.769314999999999083e-01 1.194976000000000056e+02
-1.037730999999999995e+02 -6.726550000000000029e-01 1.196238000000000028e+02
-1.039548000000000059e+02 -6.680274000000000489e-01 1.197348000000000070e+02
-1.041480999999999995e+02 -6.624189000000000327e-01 1.198383999999999929e+02
-1.043384999999999962e+02 -6.580381999999999065e-01 1.199342000000000041e+02
-1.045336000000000070e+02 -6.558701000000000114e-01 1.200290999999999997e+02
-1.047330000000000041e+02 -6.537003999999999593e-01 1.201136999999999944e+02
-1.049312000000000040e+02 -6.515100999999999809e-01 1.201854000000000013e+02
-1.051362000000000023e+02 -6.502394000000000229e-01 1.202566000000000059e+02
-1.053436999999999983e+02 -6.512383000000000477e-01 1.203282999999999987e+02
-1.055581999999999994e+02 -6.512935999999999170e-01 1.203885999999999967e+02
-1.058015999999999934e+02 -6.467220000000000191e-01 1.204519999999999982e+02
-1.060564999999999998e+02 -6.404795999999999268e-01 1.205002999999999957e+02
-1.063408000000000015e+02 -6.320822999999999858e-01 1.205536000000000030e+02
-1.066407999999999987e+02 -6.251645000000000119e-01 1.205994000000000028e+02
-1.069459999999999980e+02 -6.151359000000000687e-01 1.206205999999999960e+02
-1.072794999999999987e+02 -6.047006999999999799e-01 1.206401999999999930e+02
-1.076300999999999988e+02 -5.937681999999999682e-01 1.206433999999999997e+02
-1.079732999999999947e+02 -5.851771000000000056e-01 1.206162999999999954e+02
-1.083468000000000018e+02 -5.780578000000000660e-01 1.205908000000000015e+02
-1.087112999999999943e+02 -5.724405000000000188e-01 1.205307999999999993e+02
-1.091033999999999935e+02 -5.651093000000000366e-01 1.204647999999999968e+02
-1.095039000000000016e+02 -5.571730999999999767e-01 1.203764000000000038e+02
-1.098936000000000064e+02 -5.498158000000000767e-01 1.202526000000000010e+02
-1.103105000000000047e+02 -5.385016999999999721e-01 1.201212000000000018e+02
-1.107357999999999976e+02 -5.271190999999999516e-01 1.199688000000000017e+02
-1.111598000000000042e+02 -5.145430999999999200e-01 1.197760999999999996e+02
-1.116037000000000035e+02 -5.003028999999999948e-01 1.195687999999999960e+02
-1.120418999999999983e+02 -4.860644000000000076e-01 1.193247999999999962e+02
-1.124967000000000041e+02 -4.701443000000000150e-01 1.190622000000000043e+02
-1.129599000000000046e+02 -4.518107000000000095e-01 1.187686000000000064e+02
-1.134214999999999947e+02 -4.332770000000000232e-01 1.184470000000000027e+02
-1.138987000000000052e+02 -4.140912999999999400e-01 1.181067000000000036e+02
-1.143790000000000049e+02 -4.005527999999999866e-01 1.177492000000000019e+02
-1.148756000000000057e+02 -3.846542999999999490e-01 1.173755000000000024e+02
-1.153845000000000027e+02 -3.685473000000000221e-01 1.169889000000000010e+02
-1.159072000000000031e+02 -3.511795999999999807e-01 1.165875000000000057e+02
-1.164394000000000062e+02 -3.334199999999999942e-01 1.161705000000000041e+02
-1.169779999999999944e+02 -3.145039000000000029e-01 1.157373000000000047e+02
-1.175267999999999944e+02 -2.939813000000000009e-01 1.152918999999999983e+02
-1.180863999999999976e+02 -2.732939999999999814e-01 1.148352000000000004e+02
-1.186598999999999933e+02 -2.513317999999999941e-01 1.143662000000000063e+02
-1.192395999999999958e+02 -2.283537000000000206e-01 1.138873999999999995e+02
-1.198350999999999971e+02 -2.043772000000000089e-01 1.133947000000000003e+02
-1.204389000000000038e+02 -1.816124000000000072e-01 1.128932999999999964e+02
-1.210568999999999988e+02 -1.575085999999999986e-01 1.123812000000000069e+02
-1.216869999999999976e+02 -1.322115999999999847e-01 1.118576999999999941e+02
-1.223281999999999954e+02 -1.050706000000000140e-01 1.113221999999999952e+02
-1.229703999999999979e+02 -7.535629000000000632e-02 1.107728000000000037e+02
-1.236257999999999981e+02 -4.736640999999999768e-02 1.102134999999999962e+02
-1.242848999999999933e+02 -1.867647999999999878e-02 1.096501999999999981e+02
-1.249561999999999955e+02 1.110994000000000044e-02 1.090798000000000059e+02
-1.256368999999999971e+02 4.221843000000000123e-02 1.085006000000000057e+02
-1.263319999999999936e+02 7.133427000000000517e-02 1.079136000000000024e+02
-1.270371999999999986e+02 9.929116999999999804e-02 1.073178999999999945e+02
-1.277453000000000003e+02 1.250423999999999980e-01 1.067132000000000005e+02
-1.284619000000000142e+02 1.484347000000000305e-01 1.061013999999999982e+02
-1.291860000000000070e+02 1.669410000000000061e-01 1.054823999999999984e+02
-1.299192999999999927e+02 1.835941000000000101e-01 1.048515000000000015e+02
-1.306622999999999877e+02 1.979002000000000261e-01 1.042149000000000001e+02
-1.314131999999999891e+02 2.144697000000000131e-01 1.035743999999999971e+02
-1.321648000000000138e+02 2.318873000000000184e-01 1.029385999999999939e+02
-1.329233999999999867e+02 2.513657999999999726e-01 1.023034999999999997e+02
-1.336799000000000035e+02 2.702986000000000000e-01 1.016680999999999955e+02
-1.344356999999999971e+02 2.900097000000000369e-01 1.010301000000000045e+02
-1.351891999999999996e+02 3.106498000000000315e-01 1.003903999999999996e+02
-1.359464999999999861e+02 3.298425000000000384e-01 9.975106999999999857e+01
-1.367104999999999961e+02 3.478640999999999539e-01 9.910850999999999544e+01
-1.374685000000000059e+02 3.680159000000000069e-01 9.846944000000000585e+01
-1.382273999999999887e+02 3.899820999999999982e-01 9.782784999999999798e+01
-1.389901000000000124e+02 4.148069000000000339e-01 9.718269000000000801e+01
-1.397479999999999905e+02 4.343912000000000329e-01 9.654609000000000663e+01
-1.405110999999999990e+02 4.529559000000000224e-01 9.590421999999999514e+01
-1.412656000000000063e+02 4.726100999999999774e-01 9.526259000000000299e+01
-1.420208000000000084e+02 4.912744000000000555e-01 9.462044000000000210e+01
-1.427703999999999951e+02 5.111814999999999554e-01 9.397889000000000692e+01
-1.435294000000000096e+02 5.274134999999999796e-01 9.333700000000000330e+01
-1.442862000000000080e+02 5.445631999999999140e-01 9.269066999999999723e+01
-1.450408999999999935e+02 5.612956999999999530e-01 9.204891999999999541e+01
-1.457940000000000111e+02 5.779644999999999921e-01 9.141051999999999111e+01
-1.465475000000000136e+02 5.937591999999999315e-01 9.077403999999999940e+01
-1.473071999999999946e+02 6.086489000000000482e-01 9.013927999999999940e+01
-1.480704000000000065e+02 6.250373000000000179e-01 8.950320999999999572e+01
-1.488333000000000084e+02 6.468099000000000487e-01 8.887145999999999901e+01
-1.496005000000000109e+02 6.716834999999999889e-01 8.823695999999999628e+01
-1.503591000000000122e+02 6.967564000000000535e-01 8.760683000000000220e+01
-1.511134000000000128e+02 7.256258000000000985e-01 8.697809000000000879e+01
-1.518670999999999935e+02 7.539527999999999786e-01 8.634989000000000203e+01
-1.526218000000000075e+02 7.806960999999998929e-01 8.571894000000000347e+01
-1.533789999999999907e+02 8.039511999999999770e-01 8.508539000000000385e+01
-1.541322000000000116e+02 8.288243000000000693e-01 8.445676000000000272e+01
-1.548822999999999865e+02 8.536667999999999479e-01 8.383214999999999861e+01
-1.556291999999999973e+02 8.796994000000000202e-01 8.320614999999999384e+01
-1.563743000000000052e+02 9.056545000000000289e-01 8.257905999999999835e+01
-1.571189999999999998e+02 9.324518000000000528e-01 8.195145999999999731e+01
-1.578614000000000033e+02 9.618363999999999248e-01 8.132670999999999140e+01
-1.586031999999999869e+02 9.920658000000001087e-01 8.070349000000000217e+01
-1.593358000000000061e+02 1.022069000000000116e+00 8.008383000000000607e+01
-1.600585000000000093e+02 1.049904999999999866e+00 7.946455000000000268e+01
-1.607803999999999860e+02 1.077504999999999935e+00 7.884427999999999770e+01
-1.615000000000000000e+02 1.102704000000000129e+00 7.822486999999999568e+01
-1.622213000000000136e+02 1.128462000000000076e+00 7.760858000000000345e+01
-1.629402000000000044e+02 1.154301000000000021e+00 7.699410999999999206e+01
-1.636585000000000036e+02 1.179845000000000033e+00 7.638223000000000695e+01
-1.643766999999999996e+02 1.205952000000000135e+00 7.577428000000000452e+01
-1.650929999999999893e+02 1.231443999999999983e+00 7.517018000000000200e+01
-1.658080999999999960e+02 1.257020000000000026e+00 7.456636999999999205e+01
-1.665247999999999990e+02 1.282062000000000035e+00 7.396713000000001159e+01
-1.672418000000000120e+02 1.306575999999999960e+00 7.337210000000000321e+01
-1.679551999999999907e+02 1.330108000000000068e+00 7.277837999999999852e+01
-1.686683999999999912e+02 1.351053000000000059e+00 7.219107999999999947e+01
-1.693812000000000069e+02 1.373430999999999846e+00 7.161266999999999427e+01
-1.700843999999999880e+02 1.396727000000000052e+00 7.103558000000001016e+01
-1.707830999999999904e+02 1.405730999999999842e+00 7.046800000000000352e+01
-1.714721999999999866e+02 1.416166000000000036e+00 6.990569999999999595e+01
-1.721588000000000136e+02 1.425569000000000086e+00 6.935260999999999854e+01
-1.728299000000000092e+02 1.436887000000000025e+00 6.880749000000000137e+01
-1.734938999999999965e+02 1.448356999999999895e+00 6.826999000000000706e+01
-1.741451000000000136e+02 1.460080999999999962e+00 6.773914999999999509e+01
-1.747855999999999881e+02 1.470417000000000085e+00 6.721604999999999563e+01
-1.754192999999999927e+02 1.482742999999999922e+00 6.669814999999999827e+01
-1.760447000000000060e+02 1.496245000000000047e+00 6.618834999999999980e+01
-1.766638000000000090e+02 1.510434999999999972e+00 6.568420000000000414e+01
-1.772744999999999891e+02 1.525125000000000064e+00 6.518538999999999817e+01
-1.778683000000000050e+02 1.538016000000000050e+00 6.468934000000000140e+01
-1.784447999999999865e+02 1.550332000000000043e+00 6.419738999999999862e+01
-1.790078000000000031e+02 1.561925000000000008e+00 6.371223000000000525e+01
-1.795612000000000137e+02 1.575396999999999936e+00 6.324070999999999998e+01
-1.801003000000000043e+02 1.586479999999999890e+00 6.276519000000000403e+01
-1.806248999999999967e+02 1.600125000000000020e+00 6.231140999999999508e+01
-1.811416000000000111e+02 1.611947999999999936e+00 6.186055999999999955e+01
-1.816485999999999876e+02 1.623858999999999941e+00 6.141958999999999946e+01
-1.821422000000000025e+02 1.635244000000000142e+00 6.098004999999999853e+01
-1.826222999999999956e+02 1.648540000000000116e+00 6.054529999999999745e+01
-1.830885000000000105e+02 1.662241000000000080e+00 6.011031999999999442e+01
-1.835369000000000028e+02 1.673610999999999960e+00 5.967251999999999867e+01
-1.839747000000000128e+02 1.685440000000000049e+00 5.923570000000000135e+01
-1.844045000000000130e+02 1.698747999999999925e+00 5.880120999999999754e+01
-1.848121999999999900e+02 1.713702999999999976e+00 5.836065999999999576e+01
-1.851982000000000141e+02 1.732581000000000149e+00 5.791203000000000145e+01
-1.855494999999999948e+02 1.749509999999999899e+00 5.745833999999999975e+01
-1.858797999999999888e+02 1.767895999999999912e+00 5.700033000000000527e+01
-1.861870999999999867e+02 1.784988000000000019e+00 5.653756999999999522e+01
-1.864550000000000125e+02 1.807525999999999744e+00 5.606608000000000658e+01
-1.867152000000000100e+02 1.826654000000000000e+00 5.559683000000000419e+01
-1.869445000000000050e+02 1.842879999999999852e+00 5.512564000000000419e+01
-1.871205999999999960e+02 1.856411000000000033e+00 5.464759000000000100e+01
-1.872835000000000036e+02 1.870217999999999936e+00 5.417085000000000150e+01
-1.874226999999999919e+02 1.883288999999999991e+00 5.369415999999999656e+01
-1.875255999999999972e+02 1.887416999999999900e+00 5.321309000000000111e+01
-1.876306999999999903e+02 1.893359000000000014e+00 5.273709999999999809e+01
-1.876914999999999907e+02 1.900315999999999894e+00 5.225275999999999499e+01
-1.877485000000000070e+02 1.901338000000000195e+00 5.177232000000000056e+01
-1.877723000000000013e+02 1.900777999999999857e+00 5.129097999999999757e+01
-1.877413999999999987e+02 1.901606000000000130e+00 5.080340999999999951e+01
-1.877164999999999964e+02 1.903911999999999827e+00 5.033042000000000371e+01
-1.876827999999999861e+02 1.909577999999999776e+00 4.986715999999999838e+01
-1.876045000000000016e+02 1.913879000000000108e+00 4.940375000000000227e+01
-1.875198000000000036e+02 1.916070999999999858e+00 4.895472000000000179e+01
-1.873856000000000108e+02 1.916040000000000187e+00 4.850872000000000384e+01
-1.872453999999999894e+02 1.919502000000000042e+00 4.808322000000000429e+01
-1.870919000000000096e+02 1.921924000000000188e+00 4.766758000000000095e+01
-1.869050000000000011e+02 1.925132000000000065e+00 4.724980000000000047e+01
-1.867142000000000053e+02 1.922720999999999902e+00 4.684089000000000169e+01
-1.864781999999999869e+02 1.917552000000000145e+00 4.643055999999999983e+01
-1.862433000000000050e+02 1.910636000000000001e+00 4.602497999999999934e+01
-1.859998999999999967e+02 1.906858000000000164e+00 4.562057000000000073e+01
-1.857436999999999898e+02 1.904895000000000005e+00 4.521752000000000038e+01
-1.854762000000000057e+02 1.903481999999999896e+00 4.482494000000000511e+01
-1.851904000000000110e+02 1.903991999999999907e+00 4.443350000000000222e+01
-1.848980999999999995e+02 1.906174999999999953e+00 4.404415000000000191e+01
-1.845971000000000117e+02 1.908336999999999950e+00 4.365147999999999939e+01
-1.842873999999999910e+02 1.908808000000000282e+00 4.325715000000000288e+01
-1.839688999999999908e+02 1.909156000000000075e+00 4.285899000000000569e+01
-1.836434000000000140e+02 1.911086999999999980e+00 4.245635000000000048e+01
-1.833132999999999981e+02 1.914906000000000219e+00 4.204605999999999710e+01
-1.829728000000000065e+02 1.921291000000000082e+00 4.162857999999999947e+01
-1.826246999999999900e+02 1.928570999999999813e+00 4.120434000000000196e+01
-1.822607999999999890e+02 1.933488000000000095e+00 4.077740000000000009e+01
-1.818872000000000071e+02 1.936481000000000119e+00 4.034467999999999677e+01
-1.815012000000000114e+02 1.944761999999999880e+00 3.989489000000000374e+01
-1.811166000000000054e+02 1.952827000000000091e+00 3.943245000000000289e+01
-1.807266999999999939e+02 1.954282000000000075e+00 3.895179000000000258e+01
-1.803265000000000100e+02 1.951011999999999968e+00 3.846146999999999849e+01
-1.799121000000000095e+02 1.948466999999999727e+00 3.796509000000000356e+01
-1.794927000000000135e+02 1.950892999999999988e+00 3.745910999999999547e+01
-1.790635000000000048e+02 1.950475999999999877e+00 3.693739000000000061e+01
-1.786238999999999919e+02 1.946893999999999902e+00 3.639417999999999864e+01
-1.781621000000000095e+02 1.942150000000000043e+00 3.584917999999999694e+01
-1.776842000000000041e+02 1.937625999999999848e+00 3.529616000000000042e+01
-1.771997000000000071e+02 1.929672000000000054e+00 3.472689000000000448e+01
-1.767105999999999995e+02 1.923186000000000062e+00 3.414269999999999783e+01
-1.762078999999999951e+02 1.922565000000000079e+00 3.353889000000000209e+01
-1.756955000000000098e+02 1.923741999999999841e+00 3.292206999999999795e+01
-1.751717999999999904e+02 1.922179000000000082e+00 3.229665999999999570e+01
-1.746388000000000034e+02 1.921438000000000201e+00 3.166497000000000028e+01
-1.741051999999999964e+02 1.927099000000000117e+00 3.102204000000000406e+01
-1.735589999999999975e+02 1.933011000000000035e+00 3.036326999999999998e+01
-1.730021000000000129e+02 1.938374999999999959e+00 2.969599000000000188e+01
-1.724381999999999948e+02 1.945840000000000236e+00 2.902357999999999905e+01
-1.718669999999999902e+02 1.951404999999999834e+00 2.834675000000000011e+01
-1.712880999999999858e+02 1.956277000000000044e+00 2.766059999999999874e+01
-1.707093000000000131e+02 1.958686999999999845e+00 2.696331999999999951e+01
-1.701234000000000037e+02 1.951058000000000181e+00 2.625927000000000078e+01
-1.695313999999999908e+02 1.943278999999999979e+00 2.554622000000000170e+01
-1.689342000000000041e+02 1.936670000000000114e+00 2.482357999999999976e+01
-1.683370999999999924e+02 1.929608000000000212e+00 2.409783999999999793e+01
-1.677434000000000083e+02 1.921891999999999934e+00 2.336870000000000047e+01
-1.671590999999999951e+02 1.914343999999999824e+00 2.263919999999999888e+01
-1.665815000000000055e+02 1.908781999999999979e+00 2.190866000000000113e+01
-1.660001000000000033e+02 1.908068000000000097e+00 2.117959000000000103e+01
-1.654129000000000076e+02 1.914190000000000058e+00 2.044842000000000226e+01
-1.648351000000000113e+02 1.923825999999999814e+00 1.971467000000000169e+01
-1.642566999999999950e+02 1.934077000000000046e+00 1.899252000000000251e+01
-1.636777999999999906e+02 1.940347999999999962e+00 1.828023999999999916e+01
-1.631045000000000016e+02 1.941640000000000255e+00 1.757386999999999944e+01
-1.625251000000000090e+02 1.942747999999999919e+00 1.685679999999999978e+01
-1.619505000000000052e+02 1.939281000000000033e+00 1.614388999999999896e+01
-1.613772999999999911e+02 1.936518999999999879e+00 1.542914999999999992e+01
-1.608026000000000124e+02 1.935709999999999820e+00 1.471206000000000103e+01
-1.602415000000000020e+02 1.936584000000000083e+00 1.401382999999999868e+01
-1.596821999999999946e+02 1.936045999999999934e+00 1.330347000000000079e+01
-1.591338000000000079e+02 1.935031000000000168e+00 1.259096000000000082e+01
-1.586026999999999987e+02 1.939066999999999874e+00 1.187586000000000119e+01
-1.580879999999999939e+02 1.945549000000000195e+00 1.115361000000000047e+01
-1.575932999999999993e+02 1.952156000000000224e+00 1.042311000000000121e+01
-1.571079000000000008e+02 1.958095999999999837e+00 9.685988999999999294e+00
-1.566525000000000034e+02 1.968002000000000029e+00 8.940913000000000110e+00
-1.562136999999999887e+02 1.981361999999999846e+00 8.187478000000000478e+00
-1.558112999999999886e+02 2.002674000000000287e+00 7.419730000000000381e+00
-1.554336999999999875e+02 2.020770999999999873e+00 6.640524000000000093e+00
-1.550735999999999990e+02 2.039549000000000056e+00 5.854251999999999789e+00
-1.547550999999999988e+02 2.055959000000000092e+00 5.066724999999999923e+00
-1.544510999999999967e+02 2.070724999999999927e+00 4.275819000000000258e+00
-1.541799000000000035e+02 2.076775999999999733e+00 3.475255999999999901e+00
-1.539185999999999979e+02 2.081455000000000055e+00 2.660279000000000060e+00
-1.536908999999999992e+02 2.081084000000000156e+00 1.836084000000000049e+00
-1.534863000000000000e+02 2.082675000000000054e+00 1.004296999999999995e+00
-1.532951999999999941e+02 2.088961999999999986e+00 1.642828000000000066e-01
-1.531167000000000087e+02 2.094656000000000073e+00 -6.849196999999999091e-01
-1.529463000000000079e+02 2.099190999999999807e+00 -1.551019000000000148e+00
-1.527935999999999979e+02 2.108057000000000070e+00 -2.422346000000000110e+00
-1.526591999999999985e+02 2.120983000000000285e+00 -3.301844999999999697e+00
-1.525346999999999866e+02 2.129986000000000157e+00 -4.184409999999999741e+00
-1.524224000000000103e+02 2.145233999999999863e+00 -5.081774000000000235e+00
-1.523238000000000056e+02 2.164536999999999711e+00 -6.003441999999999723e+00
-1.522300999999999931e+02 2.184518999999999878e+00 -6.932666999999999469e+00
-1.521343999999999994e+02 2.208026999999999962e+00 -7.875658000000000492e+00
-1.520348999999999933e+02 2.236568999999999807e+00 -8.818435000000000912e+00
-1.519309000000000083e+02 2.264380000000000059e+00 -9.767272999999999428e+00
-1.518222000000000094e+02 2.290502999999999734e+00 -1.072343000000000046e+01
-1.517053999999999974e+02 2.314805999999999919e+00 -1.169648999999999894e+01
-1.515905999999999949e+02 2.340252999999999695e+00 -1.268601000000000134e+01
-1.514796000000000049e+02 2.366233999999999948e+00 -1.368435999999999986e+01
-1.513680999999999983e+02 2.390738999999999947e+00 -1.468941000000000052e+01
-1.512538999999999874e+02 2.419303999999999899e+00 -1.570974000000000004e+01
-1.511384999999999934e+02 2.446251999999999871e+00 -1.672996000000000194e+01
-1.510183000000000106e+02 2.471747999999999834e+00 -1.776060999999999979e+01
-1.508985999999999876e+02 2.495354000000000294e+00 -1.879445000000000121e+01
-1.507786999999999864e+02 2.516208999999999918e+00 -1.983628999999999820e+01
-1.506584000000000003e+02 2.531082000000000054e+00 -2.088457000000000008e+01
-1.505417999999999950e+02 2.546921999999999908e+00 -2.193524000000000029e+01
-1.504286999999999921e+02 2.562911999999999857e+00 -2.298777000000000115e+01
-1.503172999999999888e+02 2.580522999999999900e+00 -2.403962999999999894e+01
-1.502100000000000080e+02 2.602247999999999895e+00 -2.509393999999999991e+01
-1.501007999999999925e+02 2.624841999999999675e+00 -2.614805000000000135e+01
-1.499954999999999927e+02 2.652067999999999870e+00 -2.719872000000000156e+01
-1.498915000000000077e+02 2.677343000000000028e+00 -2.824317999999999884e+01
-1.497898000000000138e+02 2.703716000000000008e+00 -2.928484000000000265e+01
-1.496881999999999948e+02 2.727488999999999830e+00 -3.032620999999999611e+01
-1.495880999999999972e+02 2.749371000000000009e+00 -3.136520000000000152e+01
-1.494892000000000110e+02 2.772054999999999936e+00 -3.240606999999999971e+01
-1.493925000000000125e+02 2.798290000000000166e+00 -3.344879999999999853e+01
-1.493003999999999962e+02 2.822913000000000228e+00 -3.447236999999999796e+01
-1.492116000000000042e+02 2.847793999999999937e+00 -3.550025000000000119e+01
-1.491246999999999900e+02 2.872145999999999866e+00 -3.652570000000000050e+01
-1.490389000000000124e+02 2.893299999999999983e+00 -3.754989000000000487e+01
-1.489570999999999970e+02 2.914897999999999989e+00 -3.857065000000000055e+01
-1.488814000000000135e+02 2.936847999999999903e+00 -3.958888999999999925e+01
-1.488101000000000056e+02 2.958886000000000127e+00 -4.060275000000000034e+01
-1.487351999999999919e+02 2.980846000000000107e+00 -4.161180999999999841e+01
-1.486636000000000024e+02 3.002899000000000207e+00 -4.262143999999999977e+01
-1.485927000000000078e+02 3.027275999999999634e+00 -4.362163999999999930e+01
-1.485175999999999874e+02 3.054980000000000029e+00 -4.462545000000000073e+01
-1.484440999999999917e+02 3.079100999999999644e+00 -4.562217000000000411e+01
-1.483688999999999965e+02 3.102060999999999957e+00 -4.661392999999999631e+01
-1.482959999999999923e+02 3.122209000000000234e+00 -4.760258999999999929e+01
-1.482257999999999925e+02 3.142813999999999997e+00 -4.859074999999999989e+01
-1.481555999999999926e+02 3.159720999999999780e+00 -4.957610999999999990e+01
-1.480851000000000113e+02 3.175297000000000036e+00 -5.055843000000000131e+01
-1.480134999999999934e+02 3.189402999999999988e+00 -5.153844000000000136e+01
-1.479423999999999921e+02 3.205788000000000082e+00 -5.251178000000000168e+01
-1.478700000000000045e+02 3.219704999999999817e+00 -5.347973000000000354e+01
-1.477976999999999919e+02 3.231897000000000020e+00 -5.444853000000000520e+01
-1.477242999999999995e+02 3.243526999999999827e+00 -5.541351999999999833e+01
-1.476531999999999982e+02 3.257265000000000299e+00 -5.637284000000000361e+01
-1.475797000000000025e+02 3.270310999999999968e+00 -5.733019999999999783e+01
-1.475001000000000033e+02 3.282399999999999984e+00 -5.828110000000000213e+01
-1.474207000000000107e+02 3.291390000000000260e+00 -5.922934999999999661e+01
-1.473414999999999964e+02 3.301001999999999548e+00 -6.017164000000000357e+01
-1.472598999999999876e+02 3.310925000000000118e+00 -6.110803000000000651e+01
-1.471781000000000006e+02 3.317448999999999870e+00 -6.203744000000000369e+01
-1.470990999999999929e+02 3.324623999999999580e+00 -6.295646999999999593e+01
-1.470218000000000131e+02 3.332508999999999499e+00 -6.386908999999999992e+01
-1.469462000000000046e+02 3.341451999999999867e+00 -6.476161999999999352e+01
-1.468736000000000104e+02 3.350948999999999955e+00 -6.564189000000000362e+01
-1.468045999999999935e+02 3.362787999999999666e+00 -6.650731999999999289e+01
-1.467409000000000106e+02 3.376134999999999664e+00 -6.735783999999999594e+01
-1.466842000000000041e+02 3.387862000000000151e+00 -6.818895999999999447e+01
-1.466370000000000005e+02 3.400869999999999838e+00 -6.899921999999999400e+01
-1.466017999999999972e+02 3.409958000000000045e+00 -6.978685000000000116e+01
-1.465749999999999886e+02 3.416011000000000131e+00 -7.055095000000000027e+01
-1.465515000000000043e+02 3.421359999999999957e+00 -7.128943999999999903e+01
-1.465297999999999945e+02 3.426277999999999935e+00 -7.200341999999999132e+01
-1.465151999999999930e+02 3.430944999999999911e+00 -7.268936999999999671e+01
-1.465063000000000102e+02 3.436510999999999871e+00 -7.334850000000000136e+01
-1.464989999999999952e+02 3.443175000000000097e+00 -7.398190999999999917e+01
-1.464960000000000093e+02 3.451188999999999840e+00 -7.458859999999999957e+01
-1.464996999999999900e+02 3.454673000000000105e+00 -7.516770999999999958e+01
-1.465087000000000046e+02 3.458262999999999643e+00 -7.572426000000000101e+01
-1.465201000000000136e+02 3.460680000000000422e+00 -7.624920999999999083e+01
-1.465310000000000059e+02 3.464948000000000139e+00 -7.674500999999999351e+01
-1.465458000000000141e+02 3.469094999999999818e+00 -7.720835999999999899e+01
-1.465623999999999967e+02 3.474975000000000147e+00 -7.764446999999999832e+01
-1.465827999999999918e+02 3.481100000000000083e+00 -7.804555999999999472e+01
-1.465981999999999914e+02 3.487734999999999808e+00 -7.841531999999999414e+01
-1.466146999999999991e+02 3.489837999999999774e+00 -7.875289999999999679e+01
-1.466266999999999996e+02 3.492333000000000354e+00 -7.906059999999999377e+01
-1.466357999999999890e+02 3.493390000000000217e+00 -7.932694000000000756e+01
-1.466443999999999903e+02 3.496767999999999876e+00 -7.957193000000000893e+01
-1.466502000000000123e+02 3.501774999999999860e+00 -7.979716999999999416e+01
-1.466573999999999955e+02 3.507398000000000238e+00 -7.999876999999999327e+01
-1.466613000000000113e+02 3.513405000000000111e+00 -8.019575999999999283e+01
-1.466636000000000024e+02 3.523784999999999723e+00 -8.038466999999999985e+01
-1.466634999999999991e+02 3.531967999999999996e+00 -8.056987999999999772e+01
-1.466557999999999993e+02 3.544429000000000052e+00 -8.074616999999999223e+01
-1.466451999999999884e+02 3.553303000000000100e+00 -8.091148000000001161e+01
-1.466314999999999884e+02 3.562076000000000242e+00 -8.106158999999999537e+01
-1.466263999999999896e+02 3.568355000000000388e+00 -8.120216999999999530e+01
-1.466236000000000104e+02 3.574643000000000015e+00 -8.133490000000000464e+01
-1.466171999999999969e+02 3.580245999999999817e+00 -8.146093000000000472e+01
-1.466064000000000078e+02 3.586431999999999842e+00 -8.158004999999999995e+01
-1.465910000000000082e+02 3.591610999999999887e+00 -8.169181000000000381e+01
-1.465742999999999938e+02 3.595944999999999503e+00 -8.179610999999999876e+01
-1.465543999999999869e+02 3.599008999999999681e+00 -8.188799000000000206e+01
-1.465371000000000095e+02 3.601598000000000521e+00 -8.196406999999999243e+01
-1.465218000000000131e+02 3.605125000000000135e+00 -8.202535000000000309e+01
-1.465098000000000127e+02 3.607874999999999943e+00 -8.207268000000000541e+01
-1.464987999999999886e+02 3.610892999999999908e+00 -8.210813000000000272e+01
-1.464896999999999991e+02 3.612360999999999933e+00 -8.213306999999998936e+01
-1.464813000000000045e+02 3.614901000000000142e+00 -8.214790000000000703e+01
-1.464748999999999910e+02 3.616560999999999915e+00 -8.215465999999999269e+01
-1.464699999999999989e+02 3.618715000000000348e+00 -8.215161999999999409e+01
-1.464675000000000011e+02 3.618426999999999616e+00 -8.214449000000000467e+01
-1.464665999999999997e+02 3.617487000000000119e+00 -8.214289000000000840e+01
-1.464690999999999974e+02 3.619237000000000481e+00 -8.214598000000000866e+01
-1.464742999999999995e+02 3.621418000000000248e+00 -8.214846000000000004e+01
-1.464783999999999935e+02 3.622342999999999869e+00 -8.214813999999999794e+01
-1.464808999999999912e+02 3.626275000000000137e+00 -8.214688999999999908e+01
-1.464836999999999989e+02 3.630955999999999850e+00 -8.214591999999998961e+01
-1.464852999999999952e+02 3.635666000000000508e+00 -8.214430000000000121e+01
-1.464859999999999900e+02 3.642196999999999907e+00 -8.214338999999999658e+01
-1.464874000000000080e+02 3.646408000000000094e+00 -8.214478000000001146e+01
-1.464895999999999958e+02 3.650912999999999631e+00 -8.214650999999999215e+01
-1.464902999999999906e+02 3.653096000000000121e+00 -8.214731999999999346e+01
-1.464928999999999917e+02 3.660849999999999937e+00 -8.215098000000000411e+01
-1.464935000000000116e+02 3.666123999999999938e+00 -8.215255000000000507e+01
-1.464950000000000045e+02 3.672669999999999657e+00 -8.215460000000000207e+01
-1.464952000000000112e+02 3.677041000000000448e+00 -8.215536000000000172e+01
-1.464961000000000126e+02 3.682929000000000119e+00 -8.215661999999998955e+01
-1.464944000000000131e+02 3.686574999999999935e+00 -8.215612000000000137e+01
-1.464943000000000097e+02 3.692587000000000064e+00 -8.215657000000000210e+01
-1.464928999999999917e+02 3.697691999999999979e+00 -8.215523000000000309e+01
-1.464902999999999906e+02 3.703976000000000379e+00 -8.215184999999999604e+01
-1.464877999999999929e+02 3.711265000000000036e+00 -8.214843000000000472e+01
-1.464858000000000118e+02 3.717330000000000467e+00 -8.214544000000000779e+01
-1.464866000000000099e+02 3.721405000000000296e+00 -8.214301999999999282e+01
-1.464873000000000047e+02 3.725380000000000358e+00 -8.214090999999999099e+01
-1.464875999999999863e+02 3.730223999999999762e+00 -8.213841999999999643e+01
-1.464870999999999981e+02 3.733756999999999771e+00 -8.213634999999999309e+01
-1.464865000000000066e+02 3.736301999999999790e+00 -8.213505000000000678e+01
-1.464859999999999900e+02 3.737147000000000219e+00 -8.213361999999999341e+01
-1.464878999999999962e+02 3.738183000000000256e+00 -8.213325999999999283e+01
-1.464881000000000029e+02 3.739742999999999817e+00 -8.213251999999999953e+01
-1.464886999999999944e+02 3.743962000000000234e+00 -8.213297000000000025e+01
-1.464886999999999944e+02 3.746808000000000138e+00 -8.213315000000000055e+01
-1.464890000000000043e+02 3.749733999999999678e+00 -8.213345999999999947e+01
-1.464884999999999877e+02 3.751969000000000332e+00 -8.213324000000000069e+01
-1.464861999999999966e+02 3.756726999999999705e+00 -8.213358000000000914e+01
-1.464847000000000037e+02 3.760390000000000121e+00 -8.213348000000000582e+01
-1.464850000000000136e+02 3.762685999999999975e+00 -8.213363000000001080e+01
-1.464853999999999985e+02 3.763251000000000346e+00 -8.213382000000000005e+01
-1.464849000000000103e+02 3.763444000000000234e+00 -8.213351000000000113e+01
-1.464850999999999885e+02 3.764353999999999978e+00 -8.213339000000000567e+01
-1.464850999999999885e+02 3.765829000000000093e+00 -8.213304000000000826e+01
-1.464800999999999931e+02 3.769759999999999778e+00 -8.213366999999999507e+01
-1.464764000000000124e+02 3.772635999999999878e+00 -8.213276000000000465e+01
-1.464732999999999947e+02 3.773748999999999576e+00 -8.213226000000000226e+01
-1.464721000000000117e+02 3.774659999999999904e+00 -8.213188999999999851e+01
-1.464755000000000109e+02 3.775066000000000255e+00 -8.213280999999999210e+01
-1.464771000000000072e+02 3.775151000000000145e+00 -8.213308000000000675e+01
-1.464774999999999920e+02 3.776019999999999488e+00 -8.213321999999999434e+01
-1.464764999999999873e+02 3.778252999999999862e+00 -8.213318000000001007e+01
-1.465060000000000002e+02 3.817593000000000014e+00 -8.214995999999999299e+01
-1.465250000000000057e+02 3.844866999999999813e+00 -8.216200999999999510e+01
-1.465414000000000101e+02 3.867996999999999908e+00 -8.217605000000000359e+01
-1.465569000000000131e+02 3.891862999999999850e+00 -8.219556999999998936e+01
-1.465658999999999992e+02 3.908776000000000028e+00 -8.221729999999999450e+01
-1.465793999999999926e+02 3.927280999999999800e+00 -8.224564999999999770e+01
-1.465858000000000061e+02 3.940279000000000309e+00 -8.227544000000000324e+01
-1.465905999999999949e+02 3.955030999999999963e+00 -8.231013000000000090e+01
-1.465877999999999872e+02 3.963824999999999932e+00 -8.234430999999999301e+01
-1.465882000000000005e+02 3.974087999999999621e+00 -8.238438999999999623e+01
-1.465817999999999870e+02 3.980790000000000273e+00 -8.242616999999999905e+01
-1.465780000000000030e+02 3.988369000000000053e+00 -8.247353999999999985e+01
-1.465674999999999955e+02 3.993898999999999866e+00 -8.252259000000000810e+01
-1.465517999999999859e+02 4.000773000000000579e+00 -8.257421999999999684e+01
-1.465330999999999904e+02 4.006616000000000177e+00 -8.263233999999999924e+01
-1.465074999999999932e+02 4.013233000000000494e+00 -8.269804999999999495e+01
-1.464758999999999958e+02 4.019203000000000081e+00 -8.277848000000000184e+01
-1.464451999999999998e+02 4.024429000000000478e+00 -8.288030999999999437e+01
-1.463963999999999999e+02 4.029323000000000654e+00 -8.298778000000000077e+01
-1.463513000000000090e+02 4.033561999999999870e+00 -8.311670999999999765e+01
-1.462958000000000141e+02 4.037830999999999726e+00 -8.325839000000000567e+01
-1.462308999999999912e+02 4.040988999999999720e+00 -8.341004999999999825e+01
-1.461562999999999874e+02 4.045713000000000115e+00 -8.357443999999999562e+01
-1.460700999999999965e+02 4.051946000000000048e+00 -8.374303000000000452e+01
-1.459804000000000030e+02 4.058184999999999931e+00 -8.392098000000000013e+01
-1.458795000000000073e+02 4.063553999999999888e+00 -8.410616000000000270e+01
-1.457598999999999876e+02 4.070053999999999839e+00 -8.429130999999999574e+01
-1.456331999999999880e+02 4.076338999999999935e+00 -8.448453000000000657e+01
-1.454912999999999954e+02 4.083619999999999806e+00 -8.468259999999999366e+01
-1.453153000000000077e+02 4.089716000000000129e+00 -8.488083000000000311e+01
-1.451254999999999882e+02 4.095105000000000217e+00 -8.509753000000000611e+01
-1.448957000000000050e+02 4.100068000000000268e+00 -8.531851000000000340e+01
-1.446600999999999999e+02 4.109917000000000264e+00 -8.556492000000000075e+01
-1.443963999999999999e+02 4.121087999999999418e+00 -8.581941999999999382e+01
-1.440774999999999864e+02 4.128858000000000139e+00 -8.606535999999999831e+01
-1.437421999999999969e+02 4.134473999999999982e+00 -8.632723000000000013e+01
-1.433706999999999994e+02 4.137690000000000090e+00 -8.659140999999999622e+01
-1.429473999999999876e+02 4.141570999999999891e+00 -8.684062000000000126e+01
-1.425032999999999959e+02 4.143550000000000288e+00 -8.708803000000000338e+01
-1.420099999999999909e+02 4.148159999999999847e+00 -8.731564000000000192e+01
-1.415091999999999928e+02 4.153369999999999784e+00 -8.754335000000000377e+01
-1.409762000000000057e+02 4.156255999999999950e+00 -8.775140000000000384e+01
-1.403920999999999992e+02 4.158656999999999826e+00 -8.792430999999999131e+01
-1.397984999999999900e+02 4.160017999999999994e+00 -8.808758000000000266e+01
-1.391586000000000070e+02 4.162170999999999843e+00 -8.821988000000000341e+01
-1.385086000000000013e+02 4.166044999999999554e+00 -8.833879000000000303e+01
-1.378281000000000063e+02 4.168871000000000215e+00 -8.843332999999999799e+01
-1.371127999999999929e+02 4.171256999999999771e+00 -8.850146999999999764e+01
-1.363791999999999973e+02 4.171705999999999470e+00 -8.856031000000000120e+01
-1.356148000000000025e+02 4.169899000000000022e+00 -8.860753000000001123e+01
-1.348254000000000019e+02 4.168382000000000254e+00 -8.864646000000000470e+01
-1.340129000000000019e+02 4.164762000000000519e+00 -8.867609000000000208e+01
-1.331801000000000101e+02 4.156812000000000396e+00 -8.869655999999999096e+01
-1.323276999999999930e+02 4.147637000000000462e+00 -8.870555999999999131e+01
-1.314526999999999930e+02 4.136632999999999782e+00 -8.870109000000000776e+01
-1.305519999999999925e+02 4.122622999999999927e+00 -8.868049000000000603e+01
-1.296312000000000069e+02 4.103983000000000381e+00 -8.864952999999999861e+01
-1.286887999999999863e+02 4.084791000000000061e+00 -8.861211999999999023e+01
-1.277239000000000004e+02 4.065877999999999659e+00 -8.857569000000000869e+01
-1.267352000000000061e+02 4.048212999999999617e+00 -8.854050999999999760e+01
-1.257210000000000036e+02 4.031067000000000178e+00 -8.850489000000000317e+01
-1.246834999999999951e+02 4.013951999999999742e+00 -8.846433000000000391e+01
-1.236287999999999982e+02 3.996890000000000054e+00 -8.841970000000000596e+01
-1.225531000000000006e+02 3.978092999999999879e+00 -8.836834000000000344e+01
-1.214602000000000004e+02 3.960347000000000062e+00 -8.829428000000000054e+01
-1.203502000000000010e+02 3.940653999999999879e+00 -8.821077999999999975e+01
-1.192270999999999930e+02 3.920263999999999971e+00 -8.813056999999999164e+01
-1.180866000000000042e+02 3.901848999999999901e+00 -8.804054999999999609e+01
-1.169300999999999959e+02 3.883302999999999727e+00 -8.794868000000001018e+01
-1.157613999999999947e+02 3.867980999999999892e+00 -8.784857999999999834e+01
-1.145794000000000068e+02 3.849716999999999612e+00 -8.774506999999999834e+01
-1.133837000000000046e+02 3.830962999999999674e+00 -8.763924000000000092e+01
-1.121817000000000064e+02 3.812180000000000124e+00 -8.753924000000000660e+01
-1.109750999999999976e+02 3.791844999999999910e+00 -8.743868000000000507e+01
-1.097745000000000033e+02 3.771694000000000102e+00 -8.734288999999999703e+01
-1.085794000000000068e+02 3.750573999999999852e+00 -8.724708000000001107e+01
-1.073856999999999999e+02 3.726737999999999662e+00 -8.714676000000000045e+01
-1.061975999999999942e+02 3.701745999999999981e+00 -8.704988000000000170e+01
-1.050099000000000018e+02 3.677172000000000107e+00 -8.695296000000000447e+01
-1.038211000000000013e+02 3.653223999999999805e+00 -8.685965999999999099e+01
-1.026321999999999974e+02 3.628732999999999986e+00 -8.676400999999999897e+01
-1.014445999999999941e+02 3.607238999999999862e+00 -8.667221999999999582e+01
-1.002617000000000047e+02 3.588698000000000388e+00 -8.657200000000000273e+01
-9.908436000000000377e+01 3.569431999999999938e+00 -8.648066999999998927e+01
-9.791011000000000308e+01 3.547495999999999761e+00 -8.638625999999999294e+01
-9.673614000000000601e+01 3.526823999999999959e+00 -8.629386999999999830e+01
-9.556279000000000678e+01 3.506516999999999662e+00 -8.620143000000000200e+01
-9.439230000000000587e+01 3.490094999999999725e+00 -8.611023000000000138e+01
-9.322888000000000375e+01 3.474063999999999819e+00 -8.601751999999999043e+01
-9.207076999999999600e+01 3.457332000000000072e+00 -8.593007000000000062e+01
-9.091481999999999175e+01 3.439931999999999768e+00 -8.584439999999999316e+01
-8.976082999999999856e+01 3.420498999999999956e+00 -8.575749999999999318e+01
-8.860755999999999233e+01 3.402298000000000489e+00 -8.567405999999999722e+01
-8.745821999999999719e+01 3.383824999999999861e+00 -8.559118000000000848e+01
-8.631428000000001077e+01 3.365659999999999652e+00 -8.551130000000000564e+01
-8.517638999999999783e+01 3.347255999999999787e+00 -8.543160000000000309e+01
-8.404211999999999705e+01 3.327123999999999970e+00 -8.535257000000000005e+01
-8.290480999999999767e+01 3.306135999999999964e+00 -8.526664999999999850e+01
-8.177441999999999211e+01 3.285674999999999901e+00 -8.517821999999999605e+01
-8.064658000000000015e+01 3.266626000000000030e+00 -8.508247000000000071e+01
-7.952584000000000231e+01 3.245393999999999668e+00 -8.498283000000000698e+01
-7.840968999999999767e+01 3.221767999999999965e+00 -8.488244000000000256e+01
-7.728896000000000299e+01 3.191911999999999860e+00 -8.478461000000000070e+01
-7.617485000000000639e+01 3.162484000000000073e+00 -8.468498000000001014e+01
-7.506363000000000341e+01 3.133852999999999778e+00 -8.458436000000000377e+01
-7.395598999999999990e+01 3.108502999999999794e+00 -8.448154999999999859e+01
-7.284964000000000794e+01 3.082720999999999822e+00 -8.437548000000001025e+01
-7.174855999999999767e+01 3.059320000000000039e+00 -8.426751000000000147e+01
-7.065049000000000490e+01 3.035850999999999633e+00 -8.415970000000000084e+01
-6.955639999999999645e+01 3.014566999999999997e+00 -8.405164999999999509e+01
-6.846309999999999718e+01 2.993483000000000338e+00 -8.394656999999999414e+01
-6.736870999999999299e+01 2.973202000000000123e+00 -8.384451999999998861e+01
-6.626978000000001146e+01 2.959134000000000153e+00 -8.374424000000000490e+01
-6.517360999999999649e+01 2.945193000000000172e+00 -8.364855000000000018e+01
-6.407224999999999682e+01 2.930055999999999994e+00 -8.355384999999999707e+01
-6.298845999999999634e+01 2.914583000000000368e+00 -8.346385999999999683e+01
-6.189385000000000048e+01 2.894477999999999884e+00 -8.337191999999998870e+01
-6.080165000000000219e+01 2.873361999999999750e+00 -8.327983000000000402e+01
-5.972531999999999641e+01 2.851534000000000013e+00 -8.319228999999999985e+01
-5.865323000000000775e+01 2.826080000000000148e+00 -8.310581999999999425e+01
-5.758890999999999849e+01 2.801636999999999933e+00 -8.302288000000000068e+01
-5.651193000000000666e+01 2.779650999999999872e+00 -8.292871999999999844e+01
-5.543924000000000518e+01 2.756445000000000256e+00 -8.284556999999999505e+01
-5.436293000000000575e+01 2.731590000000000185e+00 -8.275948000000001059e+01
-5.328795000000000215e+01 2.707333000000000212e+00 -8.267776999999999532e+01
-5.221490999999999616e+01 2.684340000000000170e+00 -8.259449000000000751e+01
-5.115104999999999791e+01 2.663165000000000227e+00 -8.250983000000000800e+01
-5.010237999999999658e+01 2.644627999999999979e+00 -8.242381999999999209e+01
-4.905334000000000572e+01 2.626536999999999900e+00 -8.233695999999999060e+01
-4.800471999999999895e+01 2.609241999999999617e+00 -8.225021999999999878e+01
-4.696132999999999669e+01 2.591639999999999944e+00 -8.216174000000000888e+01
-4.591384999999999650e+01 2.573083000000000009e+00 -8.207716999999999530e+01
-4.485397999999999996e+01 2.560563000000000144e+00 -8.199356000000000222e+01
-4.379500000000000171e+01 2.547118000000000215e+00 -8.191306999999999050e+01
-4.272975000000000279e+01 2.539457000000000075e+00 -8.183599999999999852e+01
-4.166872999999999649e+01 2.528194000000000052e+00 -8.175523000000001161e+01
-4.060584999999999667e+01 2.515849999999999920e+00 -8.166958000000001050e+01
-3.955165000000000219e+01 2.503950000000000120e+00 -8.159329999999999927e+01
-3.849643999999999977e+01 2.488081999999999905e+00 -8.151301999999999737e+01
-3.744698999999999955e+01 2.467897000000000229e+00 -8.142919999999999447e+01
-3.639930999999999983e+01 2.449327999999999950e+00 -8.134351999999999805e+01
-3.535893000000000086e+01 2.430647000000000002e+00 -8.126014999999999588e+01
-3.432412999999999670e+01 2.409772000000000247e+00 -8.117846000000000117e+01
-3.329069000000000500e+01 2.388158000000000225e+00 -8.109833000000000425e+01
-3.226565000000000083e+01 2.364654000000000256e+00 -8.101888000000001000e+01
-3.123423000000000016e+01 2.341458999999999957e+00 -8.093892999999999915e+01
-3.020542000000000016e+01 2.319946999999999981e+00 -8.086334000000000799e+01
-2.918197999999999936e+01 2.301512999999999920e+00 -8.079003000000000156e+01
-2.816485000000000127e+01 2.286540000000000017e+00 -8.071949999999999648e+01
-2.715493000000000023e+01 2.273856000000000321e+00 -8.065086999999999762e+01
-2.614247999999999905e+01 2.258338000000000179e+00 -8.057959999999999923e+01
-2.513087000000000160e+01 2.243360000000000021e+00 -8.051286999999999239e+01
-2.412616000000000227e+01 2.224416999999999867e+00 -8.044513000000000602e+01
-2.312313999999999936e+01 2.200874000000000219e+00 -8.038011000000000195e+01
-2.212813999999999837e+01 2.179186000000000067e+00 -8.031381999999999266e+01
-2.113624000000000080e+01 2.158117999999999981e+00 -8.024729999999999563e+01
-2.015914000000000073e+01 2.136538999999999966e+00 -8.018101999999998952e+01
-1.920344000000000051e+01 2.115683999999999898e+00 -8.011803000000000452e+01
-1.826545000000000130e+01 2.094793999999999823e+00 -8.005604999999999905e+01
-1.734296000000000149e+01 2.076611999999999902e+00 -7.999311000000000149e+01
-1.643997000000000241e+01 2.056734000000000062e+00 -7.992964000000000624e+01
-1.555804999999999971e+01 2.038136000000000170e+00 -7.986630999999999858e+01
-1.470187000000000133e+01 2.021472000000000158e+00 -7.979755000000000109e+01
-1.386242000000000196e+01 2.006898000000000071e+00 -7.973095000000000709e+01
-1.304798999999999864e+01 1.982634999999999925e+00 -7.965774000000000399e+01
-1.225208999999999904e+01 1.955700999999999912e+00 -7.958095000000000141e+01
-1.147100000000000009e+01 1.931372000000000089e+00 -7.950525000000000375e+01
-1.071406999999999954e+01 1.907256000000000062e+00 -7.942835999999999785e+01
-9.978597000000000605e+00 1.882125000000000048e+00 -7.934685000000000343e+01
-9.267307000000000627e+00 1.855018000000000056e+00 -7.925870999999999356e+01
-8.577033999999999381e+00 1.824620000000000131e+00 -7.915904000000000451e+01
-7.915425999999999185e+00 1.793514000000000053e+00 -7.905159000000000447e+01
-7.272311000000000192e+00 1.764991999999999894e+00 -7.894048999999999694e+01
-6.660991000000000106e+00 1.732229999999999936e+00 -7.882344000000000506e+01
-6.068826999999999749e+00 1.702411000000000119e+00 -7.869639000000000806e+01
-5.472914000000000279e+00 1.669583000000000261e+00 -7.854954999999999643e+01
-4.940332999999999863e+00 1.642761000000000138e+00 -7.840730000000000643e+01
-4.382647000000000403e+00 1.616115999999999886e+00 -7.824855999999999767e+01
-3.867830000000000101e+00 1.594797000000000020e+00 -7.808626999999999896e+01
-3.358994999999999731e+00 1.576012000000000191e+00 -7.790274999999999750e+01
-2.864838000000000218e+00 1.557808999999999999e+00 -7.771129000000000531e+01
-2.385604999999999976e+00 1.538799999999999946e+00 -7.750395999999999219e+01
-1.921734999999999749e+00 1.519287999999999972e+00 -7.728713000000000477e+01
-1.469749999999999890e+00 1.500554000000000165e+00 -7.705447999999999809e+01
-1.027851000000000070e+00 1.487555999999999878e+00 -7.680011999999999261e+01
-6.036779000000001005e-01 1.472945999999999867e+00 -7.653314000000000306e+01
-2.051226000000000160e-01 1.455786000000000024e+00 -7.623883999999999617e+01
1.668059999999999821e-01 1.434811000000000059e+00 -7.591191999999999496e+01
5.205387999999999682e-01 1.418536000000000019e+00 -7.558156999999999925e+01
8.592366000000000170e-01 1.400137999999999883e+00 -7.524181000000000097e+01
1.182029999999999914e+00 1.376718000000000108e+00 -7.488300999999999874e+01
1.473045999999999855e+00 1.350347999999999882e+00 -7.450932000000000244e+01
1.733786000000000049e+00 1.324453000000000102e+00 -7.411079000000000860e+01
1.977241000000000026e+00 1.308518000000000070e+00 -7.370973000000000752e+01
2.211268999999999707e+00 1.295258999999999938e+00 -7.329908000000000357e+01
2.431700000000000195e+00 1.282661000000000051e+00 -7.286879999999999313e+01
2.625591999999999704e+00 1.268760000000000110e+00 -7.243254000000000303e+01
2.778690000000000104e+00 1.258342999999999989e+00 -7.196836999999999307e+01
2.915641999999999623e+00 1.253994999999999971e+00 -7.151179999999999382e+01
3.046311999999999909e+00 1.258350000000000080e+00 -7.105343000000000586e+01
3.160868000000000233e+00 1.257971999999999868e+00 -7.057958000000000709e+01
3.257932999999999968e+00 1.264619000000000160e+00 -7.010259999999999536e+01
3.332790000000000141e+00 1.267119000000000106e+00 -6.961006999999999323e+01
3.394982000000000166e+00 1.272526000000000046e+00 -6.911648000000000991e+01
3.452998999999999707e+00 1.270675999999999917e+00 -6.861142999999999859e+01
3.505748000000000530e+00 1.267062000000000133e+00 -6.809683000000001130e+01
3.551082000000000072e+00 1.261749999999999927e+00 -6.757573000000000718e+01
3.591559999999999864e+00 1.259480999999999851e+00 -6.704625000000000057e+01
3.623078000000000021e+00 1.252874999999999961e+00 -6.650560000000000116e+01
3.647772000000000236e+00 1.243095999999999979e+00 -6.595033999999999708e+01
3.663801000000000307e+00 1.234892000000000101e+00 -6.537704999999999700e+01
3.673887000000000125e+00 1.227200999999999986e+00 -6.479001999999999839e+01
3.677308000000000021e+00 1.218704000000000010e+00 -6.418504000000000076e+01
3.675966999999999985e+00 1.209465999999999930e+00 -6.356336999999999193e+01
3.664022000000000112e+00 1.199856000000000034e+00 -6.292543000000000575e+01
3.643048999999999982e+00 1.189754999999999896e+00 -6.227133000000000607e+01
3.617202999999999946e+00 1.179027999999999965e+00 -6.160235999999999734e+01
3.591226999999999503e+00 1.168096000000000023e+00 -6.091570000000000107e+01
3.556391000000000524e+00 1.152451000000000114e+00 -6.020960000000000178e+01
3.520319000000000198e+00 1.139602000000000004e+00 -5.949348000000000525e+01
3.485568000000000222e+00 1.128869000000000122e+00 -5.876038000000000494e+01
3.451301000000000396e+00 1.117531000000000052e+00 -5.801265999999999678e+01
3.415287000000000184e+00 1.106594000000000078e+00 -5.725520000000000209e+01
3.375737000000000432e+00 1.094891000000000059e+00 -5.649374999999999858e+01
3.332426999999999584e+00 1.084247999999999879e+00 -5.572964000000000340e+01
3.288580999999999754e+00 1.074394000000000071e+00 -5.496514000000000522e+01
3.243097000000000119e+00 1.064883999999999942e+00 -5.420351999999999748e+01
3.192352999999999774e+00 1.056465999999999905e+00 -5.343798999999999921e+01
3.132861000000000118e+00 1.049639999999999906e+00 -5.267326999999999515e+01
3.069795000000000051e+00 1.042836000000000096e+00 -5.190720999999999918e+01
3.005491999999999830e+00 1.035311000000000092e+00 -5.114242000000000132e+01
2.937895999999999841e+00 1.027890999999999888e+00 -5.037642999999999915e+01
2.871709000000000067e+00 1.018952000000000080e+00 -4.961227999999999838e+01
2.803220000000000045e+00 1.010036000000000156e+00 -4.884615999999999758e+01
2.741984999999999673e+00 9.980856000000000172e-01 -4.808220000000000027e+01
2.690256000000000203e+00 9.818284999999999929e-01 -4.731870999999999583e+01
2.632846999999999937e+00 9.665623999999999327e-01 -4.655590000000000117e+01
2.573747000000000007e+00 9.515027000000000346e-01 -4.579733000000000231e+01
2.514616999999999880e+00 9.390078000000001701e-01 -4.503967999999999705e+01
2.455916999999999906e+00 9.260055000000000369e-01 -4.428627999999999787e+01
2.395277999999999796e+00 9.139468000000000591e-01 -4.353557999999999595e+01
2.336486999999999981e+00 9.025269000000000208e-01 -4.278704000000000462e+01
2.281395000000000284e+00 8.911354999999999693e-01 -4.204359999999999786e+01
2.229024000000000338e+00 8.765594999999999359e-01 -4.130396999999999963e+01
2.176053000000000015e+00 8.564019000000000492e-01 -4.057423000000000002e+01
2.128160999999999969e+00 8.397655000000000536e-01 -3.985331000000000046e+01
2.080477999999999827e+00 8.233957000000000637e-01 -3.914184000000000196e+01
2.023800999999999739e+00 8.103769000000000666e-01 -3.844127000000000294e+01
1.975409999999999888e+00 7.933529000000000275e-01 -3.775377999999999901e+01
1.933230000000000004e+00 7.801850999999999647e-01 -3.707880000000000109e+01
1.895520000000000094e+00 7.597285000000000288e-01 -3.641470999999999947e+01
1.851613000000000175e+00 7.422291999999999224e-01 -3.575755999999999801e+01
1.807990999999999904e+00 7.220826000000000189e-01 -3.510587000000000302e+01
1.766674999999999995e+00 7.015109000000000483e-01 -3.445817999999999870e+01
1.727416999999999758e+00 6.817102999999999913e-01 -3.381378000000000128e+01
1.687772999999999968e+00 6.642943000000000042e-01 -3.317690999999999946e+01
1.645581999999999878e+00 6.488051999999999708e-01 -3.254447000000000401e+01
1.602843000000000018e+00 6.337500999999999829e-01 -3.191722000000000037e+01
1.561552999999999969e+00 6.192475000000000618e-01 -3.129334000000000060e+01
1.524723999999999968e+00 6.035846999999999740e-01 -3.067446999999999946e+01
1.488054999999999906e+00 5.854894000000000487e-01 -3.005920999999999665e+01
1.450029999999999930e+00 5.615753000000001105e-01 -2.944927999999999813e+01
1.412388999999999895e+00 5.423822999999999839e-01 -2.884027999999999992e+01
1.378314999999999957e+00 5.196914000000000255e-01 -2.823460000000000036e+01
1.340783000000000058e+00 4.975265999999999855e-01 -2.763060999999999723e+01
1.305986000000000091e+00 4.776523000000000296e-01 -2.702870000000000061e+01
1.267692000000000041e+00 4.591265000000000485e-01 -2.643074000000000368e+01
1.229249000000000036e+00 4.405907999999999491e-01 -2.583408000000000015e+01
1.191104999999999858e+00 4.256449000000000482e-01 -2.523952999999999847e+01
1.152074000000000042e+00 4.124775999999999998e-01 -2.464689999999999870e+01
1.111447999999999992e+00 4.026684999999999848e-01 -2.406042000000000058e+01
1.067364999999999897e+00 3.920095999999999581e-01 -2.347691999999999979e+01
1.022813999999999890e+00 3.816930000000000045e-01 -2.289845000000000041e+01
9.777517999999999487e-01 3.707154000000000282e-01 -2.232659999999999911e+01
9.345740999999999632e-01 3.612177000000000304e-01 -2.176546000000000092e+01
8.867823000000000233e-01 3.506485999999999770e-01 -2.121267000000000280e+01
8.446470999999999840e-01 3.428022000000000014e-01 -2.067046000000000205e+01
8.029049000000000325e-01 3.330320999999999976e-01 -2.014022999999999897e+01
7.667102999999999557e-01 3.282057000000000446e-01 -1.961994999999999933e+01
7.322119000000000266e-01 3.216457999999999817e-01 -1.911159999999999926e+01
6.995024999999999160e-01 3.170837000000000239e-01 -1.861590999999999951e+01
6.673673999999999440e-01 3.108238999999999863e-01 -1.813200000000000145e+01
6.355361999999998845e-01 3.060330999999999468e-01 -1.765726000000000084e+01
6.017668000000000461e-01 2.964822000000000290e-01 -1.719632000000000005e+01
5.679449000000000858e-01 2.867120999999999698e-01 -1.674431000000000225e+01
5.366303000000001155e-01 2.753635999999999862e-01 -1.630704000000000065e+01
5.073412999999999951e-01 2.644758999999999860e-01 -1.588581000000000110e+01
4.756959000000000048e-01 2.538892000000000371e-01 -1.546492000000000111e+01
4.466098000000000012e-01 2.450817000000000134e-01 -1.509502000000000166e+01
4.170346999999999804e-01 2.363433000000000062e-01 -1.472666000000000075e+01
3.916312000000000126e-01 2.279002999999999723e-01 -1.438513999999999982e+01
3.699658000000000113e-01 2.140664999999999929e-01 -1.406462999999999930e+01
3.512582000000000204e-01 2.032017999999999880e-01 -1.376062000000000118e+01
3.319222000000000006e-01 1.919107000000000174e-01 -1.347437000000000040e+01
3.139292000000000193e-01 1.822253000000000067e-01 -1.319913999999999987e+01
2.995160000000000045e-01 1.737489000000000117e-01 -1.293035000000000068e+01
2.860852000000000395e-01 1.660658999999999885e-01 -1.266998999999999853e+01
2.755990999999999858e-01 1.593152999999999930e-01 -1.241089000000000020e+01
2.638684000000000029e-01 1.529287999999999759e-01 -1.215300000000000047e+01
2.561202000000000201e-01 1.472591000000000039e-01 -1.189669999999999916e+01
2.503150999999999571e-01 1.411226000000000147e-01 -1.164349999999999952e+01
2.385751000000000122e-01 1.355226000000000208e-01 -1.139104999999999990e+01
2.255563000000000151e-01 1.287713999999999803e-01 -1.114018999999999870e+01
2.115382000000000096e-01 1.228655000000000025e-01 -1.089334000000000024e+01
1.981648999999999772e-01 1.204291999999999863e-01 -1.064489000000000019e+01
1.839541000000000093e-01 1.141874000000000083e-01 -1.039813999999999972e+01
1.693736000000000130e-01 1.079281999999999880e-01 -1.015223999999999904e+01
1.512010000000000021e-01 1.010753000000000068e-01 -9.907868999999999815e+00
1.327650000000000219e-01 9.648987000000000536e-02 -9.665058999999999401e+00
1.131097999999999965e-01 9.200308999999999571e-02 -9.424513000000001028e+00
9.101141000000000092e-02 8.827308999999999850e-02 -9.183499000000001189e+00
6.543519000000000418e-02 8.241308999999999441e-02 -8.947689999999999699e+00
4.083069000000000282e-02 7.406820999999999544e-02 -8.713564999999999117e+00
1.685970999999999997e-02 6.895291000000000614e-02 -8.476707000000001102e+00
-8.130694000000000810e-03 6.531960000000000544e-02 -8.242587000000000330e+00
-3.708140000000000047e-02 6.224211999999999800e-02 -8.008871000000000961e+00
-7.086212999999999540e-02 5.793853999999999671e-02 -7.778388999999999776e+00
-1.055714999999999987e-01 5.057470000000000021e-02 -7.549917999999999019e+00
-1.332081000000000237e-01 4.493818000000000118e-02 -7.321385000000000254e+00
-1.584154999999999869e-01 4.066730999999999818e-02 -7.094030000000000058e+00
-1.817262000000000044e-01 3.554510999999999782e-02 -6.867588999999999722e+00
-2.082007000000000163e-01 2.607703999999999925e-02 -6.638255000000000017e+00
-2.343012000000000150e-01 1.689913999999999999e-02 -6.412690000000000445e+00
-2.605138000000000176e-01 6.487083000000000259e-03 -6.188841000000000037e+00
-2.848702000000000178e-01 -2.995285999999999782e-03 -5.965868000000000393e+00
-3.079170999999999991e-01 -1.257987999999999988e-02 -5.742296999999999763e+00
-3.276402999999999954e-01 -2.120827999999999949e-02 -5.519327999999999790e+00
-3.442492000000000330e-01 -2.776682999999999929e-02 -5.296044000000000196e+00
-3.603525000000000200e-01 -3.365884000000000237e-02 -5.068978999999999679e+00
-3.761888999999999927e-01 -4.017509999999999831e-02 -4.833848999999999840e+00
-3.883830999999999811e-01 -4.408253000000000171e-02 -4.586875000000000036e+00
-4.015894999999999881e-01 -4.852263999999999883e-02 -4.328040000000000553e+00
-4.129028000000000143e-01 -5.184737999999999847e-02 -4.057573999999999792e+00
-4.240876000000000090e-01 -5.696393999999999763e-02 -3.776089999999999947e+00
-4.312890999999999808e-01 -6.308661999999999603e-02 -3.483169999999999877e+00
-4.408511999999999986e-01 -6.990187000000000483e-02 -3.181643000000000221e+00
-4.540060000000000207e-01 -7.544684000000000113e-02 -2.872732000000000063e+00
-4.645429000000000364e-01 -8.065292999999999768e-02 -2.555899999999999839e+00
-4.725894000000000483e-01 -8.314586000000000199e-02 -2.231272999999999840e+00
-4.804755999999999472e-01 -8.733470999999999596e-02 -1.896997000000000044e+00
-4.879376000000000269e-01 -9.335250000000000492e-02 -1.556277000000000132e+00
-4.929063000000000194e-01 -9.990063999999999889e-02 -1.206876999999999978e+00
-4.949176999999999604e-01 -1.050762999999999975e-01 -8.506597000000000186e-01
-4.997100999999999904e-01 -1.105933000000000055e-01 -4.851712000000000247e-01
-5.088378000000000068e-01 -1.157865000000000005e-01 -1.088575999999999988e-01
-5.209827000000000208e-01 -1.196281999999999901e-01 2.785205999999999515e-01
-5.115555999999999992e-01 -1.105471999999999982e-01 6.797468000000000954e-01
-4.737364000000000575e-01 -9.224490999999999941e-02 1.088899999999999979e+00
-4.339980999999999978e-01 -8.769902000000000253e-02 1.492116999999999916e+00
-3.883675999999999795e-01 -8.660640000000000005e-02 1.890360999999999958e+00
-3.696290999999999882e-01 -9.413486000000000076e-02 2.281506000000000256e+00
-3.685771999999999937e-01 -9.619576000000000515e-02 2.669211999999999918e+00
-3.877857000000000109e-01 -9.757224000000000452e-02 3.050659999999999705e+00
-4.147315999999999780e-01 -9.948540000000000161e-02 3.428579000000000043e+00
-4.428037999999999696e-01 -1.044886000000000009e-01 3.803062999999999860e+00
-4.733749999999999902e-01 -1.130000000000000032e-01 4.175333999999999435e+00
-5.212577999999999934e-01 -1.244533999999999918e-01 4.545800999999999981e+00
-5.907949000000000117e-01 -1.371187000000000100e-01 4.909244999999999415e+00
-6.694621999999998962e-01 -1.454802000000000040e-01 5.262875000000000192e+00
-7.540069999999999828e-01 -1.526452000000000364e-01 5.608678000000000274e+00
-8.389402999999999722e-01 -1.577787999999999691e-01 5.951591000000000520e+00
-9.296743000000000645e-01 -1.628339999999999788e-01 6.291946000000000261e+00
-1.032008000000000036e+00 -1.682552999999999965e-01 6.626422999999999952e+00
-1.135960000000000081e+00 -1.742995999999999990e-01 6.958511999999999809e+00
-1.229339999999999877e+00 -1.749966000000000022e-01 7.289411000000000307e+00
-1.312861999999999973e+00 -1.762269999999999948e-01 7.617633999999999794e+00
-1.383807999999999927e+00 -1.783609999999999918e-01 7.944144999999999790e+00
-1.438606999999999969e+00 -1.800395999999999941e-01 8.249383999999999162e+00
-1.485319000000000056e+00 -1.784785000000000121e-01 8.521081000000000572e+00
-1.531093999999999955e+00 -1.800686000000000231e-01 8.751345000000000596e+00
-1.565470000000000139e+00 -1.843807000000000085e-01 8.946937000000000140e+00
-1.589382999999999990e+00 -1.876083999999999807e-01 9.106580000000001007e+00
-1.603788999999999909e+00 -1.880928999999999796e-01 9.232185000000001196e+00
-1.615795000000000092e+00 -1.881750000000000089e-01 9.324632000000001142e+00
-1.626596999999999849e+00 -1.885720999999999925e-01 9.380866000000001037e+00
-1.634967000000000059e+00 -1.888051000000000035e-01 9.405471999999999611e+00
-1.635852000000000084e+00 -1.890361000000000125e-01 9.404837999999999809e+00
-1.636806999999999901e+00 -1.924645000000000106e-01 9.386955999999999634e+00
-1.637558000000000069e+00 -1.977198999999999762e-01 9.378778000000000503e+00
-1.640331999999999901e+00 -1.993791000000000035e-01 9.376167000000000584e+00
-1.641127000000000002e+00 -1.963127999999999818e-01 9.372464000000000794e+00
-1.643106999999999873e+00 -1.932542000000000149e-01 9.369583999999999691e+00
-1.643540000000000223e+00 -1.932833999999999941e-01 9.371050000000000324e+00
-1.643725999999999798e+00 -1.924916000000000127e-01 9.370281000000000304e+00
-1.643554999999999877e+00 -1.910779999999999978e-01 9.367452999999999363e+00
