0.000000000000000000e+00 0.000000000000000000e+00 0.000000000000000000e+00
-3.835037350654601617e-03 -3.945792093873023987e-03 1.019248008728027122e+00
-8.970513939857482910e-03 -3.292035311460494995e-03 2.071052193641662598e+00
2.619579434394836426e-03 -2.299031242728233337e-03 3.109577298164367676e+00
2.520442008972168316e-02 -1.369215548038482666e-03 4.140477061271667480e+00
3.343568742275238731e-02 1.825485378503799438e-04 5.190442919731140137e+00
4.050552845001221397e-02 5.707520991563796997e-03 6.298054933547973633e+00
1.801185309886933067e-02 1.178367435932159424e-02 7.440573811531066895e+00
-3.534646332263946533e-02 1.747338660061359406e-02 8.568429350852966309e+00
-1.117166876792907715e-01 1.871977001428604126e-02 9.679440259933471680e+00
-2.345642596483230591e-01 2.724171429872512817e-02 1.067667496204376221e+01
-3.574590086936950684e-01 3.620904870331287384e-02 1.170006036758422852e+01
-5.238480716943740845e-01 3.699567727744579315e-02 1.271739542484283447e+01
-6.925701498985290527e-01 3.621226549148559570e-02 1.367322856187820435e+01
-9.231410771608352661e-01 3.283441625535488129e-02 1.466939246654510498e+01
-1.171305418014526367e+00 2.926342189311981201e-02 1.565375202894210815e+01
-1.442486166954040527e+00 2.370301447808742523e-02 1.659453427791595459e+01
-1.754360496997833252e+00 5.150206759572029114e-02 1.768839251995086670e+01
-2.046030640602111816e+00 4.341064579784870148e-02 1.880574023723602295e+01
-2.389088153839111328e+00 2.979671955108642578e-02 1.990793609619140625e+01
-2.772606611251831055e+00 -1.146492362022398515e-02 2.089605069160461426e+01
-3.202412366867065430e+00 -5.081497877836226029e-02 2.186466050148010254e+01
-3.680795848369598389e+00 -7.630460150539873643e-02 2.272514736652374268e+01
-4.216304481029510498e+00 -1.148226801306009015e-01 2.352615392208099365e+01
-4.808367967605590820e+00 -1.292615644633769711e-01 2.428540152311325073e+01
-5.340113341808319092e+00 -1.283227261155843457e-01 2.496960103511810303e+01
-5.873824238777160645e+00 -1.232397966086864194e-01 2.570925235748291016e+01
-6.326121389865875244e+00 -1.271757874637841901e-01 2.632573461532592773e+01
-6.707821249961853027e+00 -1.237839013338088712e-01 2.672716474533081055e+01
-7.189006924629211426e+00 -1.202325075864791593e-01 2.722742903232574463e+01
-7.629787087440490723e+00 -1.130469907075166425e-01 2.774436134099960327e+01
-8.050023078918457031e+00 -1.015553139150142392e-01 2.816225105524063110e+01
-8.418600976467132568e+00 -9.272082336246964540e-02 2.836422979831695557e+01
-8.866629779338836670e+00 -7.596777006983754243e-02 2.858142888545989990e+01
-9.400744378566741943e+00 -6.101070903241631593e-02 2.870386978983879089e+01
-1.000007373094558716e+01 -4.430707916617390718e-02 2.879726913571357727e+01
-1.070727938413619995e+01 -2.200306020677086916e-02 2.881961497850716114e+01
-1.131827116012573242e+01 1.912909932434561644e-02 2.881436169520020485e+01
-1.193980592489242554e+01 7.089825160801413451e-02 2.889547020569443703e+01
-1.252489799261093140e+01 1.264120358973741809e-01 2.893811646476387978e+01
-1.312385296821594238e+01 1.544217690825462619e-01 2.895384312234818935e+01
-1.371734249591827393e+01 1.751420814543962756e-01 2.894742659479379654e+01
-1.427041876316070557e+01 1.932132914662361423e-01 2.898825526982545853e+01
-1.493035864830017090e+01 2.317759916186332980e-01 2.900277496315538883e+01
-1.554752898216247559e+01 2.570576351135969162e-01 2.900651631876826286e+01
-1.613135707378387451e+01 2.777295410633087158e-01 2.894603554531931877e+01
-1.679616415500640869e+01 2.997795213013887405e-01 2.881295646354556084e+01
-1.736979585886001587e+01 3.233145028352737427e-01 2.865272703394293785e+01
-1.794969564676284790e+01 3.455639611929655075e-01 2.851076326891779900e+01
-1.848106408119201660e+01 3.725608661770820618e-01 2.833091581985354424e+01
-1.904581278562545776e+01 4.067590832710266113e-01 2.817820639535784721e+01
-1.958747482299804688e+01 4.495229721069335938e-01 2.806331120058894157e+01
-2.013603061437606812e+01 4.798603635281324387e-01 2.795515568181872368e+01
-2.067151242494583130e+01 5.005461089313030243e-01 2.786084819957613945e+01
-2.117588144540786743e+01 5.189501065760850906e-01 2.778419924899935722e+01
-2.169707781076431274e+01 5.310485307127237320e-01 2.772525988146662712e+01
-2.214985150098800659e+01 5.388745591044425964e-01 2.765575651451945305e+01
-2.258490800857543945e+01 5.478178318589925766e-01 2.761914758011698723e+01
-2.307607579231262207e+01 5.778524875640869141e-01 2.759993950836360455e+01
-2.354465490579605103e+01 5.934698116034269333e-01 2.758993647992610931e+01
-2.401742190122604370e+01 6.113227345049381256e-01 2.758415313251316547e+01
-2.450719100236892700e+01 6.253101211041212082e-01 2.756301750615239143e+01
-2.504586738348007202e+01 6.411487534642219543e-01 2.748469354584813118e+01
-2.557028275728225708e+01 6.588859613984823227e-01 2.740315191820263863e+01
-2.611689049005508423e+01 6.832986883819103241e-01 2.731096329167485237e+01
-2.667212754487991333e+01 7.009260337799787521e-01 2.720490740612149239e+01
-2.721837383508682251e+01 7.234852947294712067e-01 2.710021581128239632e+01
-2.777219647169113159e+01 7.505136821419000626e-01 2.696657733991742134e+01
-2.832250535488128662e+01 7.789186984300613403e-01 2.682059501484036446e+01
-2.888161444664001465e+01 8.096746075898408890e-01 2.667121930792927742e+01
-2.945095181465148926e+01 8.397586084902286530e-01 2.659789486601948738e+01
-2.997705280780792236e+01 8.646444026380777359e-01 2.648771234229207039e+01
-3.051578265428543091e+01 8.910077884793281555e-01 2.641956182196736336e+01
-3.105534887313842773e+01 9.187909606844186783e-01 2.630135815218091011e+01
-3.158144801855087280e+01 9.386854246258735657e-01 2.619502444937825203e+01
-3.204804080724716187e+01 9.641743544489145279e-01 2.611373110488057137e+01
-3.249530690908432007e+01 9.794061705470085144e-01 2.611332442425191402e+01
-3.297355526685714722e+01 9.952780436724424362e-01 2.610117130726575851e+01
-3.343837445974349976e+01 1.025177758187055588e+00 2.605315925925970078e+01
-3.396596920490264893e+01 1.040161984041333199e+00 2.598336496204137802e+01
-3.452157890796661377e+01 1.061033852398395538e+00 2.587262522429227829e+01
-3.502216517925262451e+01 1.074146663770079613e+00 2.577450373023748398e+01
-3.556537133455276489e+01 1.074627857655286789e+00 2.566822692006826401e+01
-3.603171271085739136e+01 1.088915942236781120e+00 2.553541936725378036e+01
-3.653061681985855103e+01 1.112012486904859543e+00 2.543398787826299667e+01
-3.702813953161239624e+01 1.130825208500027657e+00 2.534611587971448898e+01
-3.755509614944458008e+01 1.152236357331275940e+00 2.520497783273458481e+01
-3.810486626625061035e+01 1.176608266308903694e+00 2.508650972694158554e+01
-3.865823799371719360e+01 1.203231815248727798e+00 2.494617914408445358e+01
-3.916677618026733398e+01 1.232342416420578957e+00 2.481501128524541855e+01
-3.969625985622406006e+01 1.267532618716359138e+00 2.470286642760038376e+01
-4.023178839683532715e+01 1.293391533195972443e+00 2.462691887468099594e+01
-4.076188409328460693e+01 1.323454534634947777e+00 2.457157053798437119e+01
-4.127264940738677979e+01 1.350194063037633896e+00 2.450805314630270004e+01
-4.170672750473022461e+01 1.377184795215725899e+00 2.443422760814428329e+01
-4.216917133331298828e+01 1.409175233915448189e+00 2.435199417918920517e+01
-4.257984304428100586e+01 1.442364076152443886e+00 2.430165099352598190e+01
-4.300289559364318848e+01 1.467714861035346985e+00 2.420451768487691879e+01
-4.342346072196960449e+01 1.491975890472531319e+00 2.414709901064634323e+01
-4.378840595483779907e+01 1.521075639873743057e+00 2.410070975869894028e+01
-4.415935593843460083e+01 1.551689730957150459e+00 2.404703690856695175e+01
-4.449214243888854980e+01 1.573095440864562988e+00 2.396339523047208786e+01
-4.485089653730392456e+01 1.591146720573306084e+00 2.386154978722333908e+01
-4.526608490943908691e+01 1.605044949799776077e+00 2.379724901169538498e+01
-4.578869450092315674e+01 1.625412972643971443e+00 2.373450770229101181e+01
-4.617326295375823975e+01 1.637498356401920319e+00 2.365721287578344345e+01
-4.657629656791687012e+01 1.653134824708104134e+00 2.361686059087514877e+01
-4.702006405591964722e+01 1.680679723620414734e+00 2.354853051155805588e+01
-4.745762109756469727e+01 1.704932721331715584e+00 2.350964050740003586e+01
-4.780028057098388672e+01 1.723753176629543304e+00 2.349351724423468113e+01
-4.813969385623931885e+01 1.746918076649308205e+00 2.350464754924178123e+01
-4.859528493881225586e+01 1.763400379568338394e+00 2.349133762530982494e+01
-4.907651555538177490e+01 1.777457306161522865e+00 2.343780106119811535e+01
-4.952418464422225952e+01 1.789567187428474426e+00 2.339830392412841320e+01
-5.001785343885421753e+01 1.809747485443949699e+00 2.335614812187850475e+01
-5.047419679164886475e+01 1.848716614767909050e+00 2.330580830387771130e+01
-5.095416134595870972e+01 1.886849841102957726e+00 2.326377075724303722e+01
-5.146457540988922119e+01 1.919365098699927330e+00 2.324946948885917664e+01
-5.193986093997955322e+01 1.944456156343221664e+00 2.322435045428574085e+01
-5.247536885738372803e+01 1.969379125162959099e+00 2.320057696476578712e+01
-5.299743396043777466e+01 1.985244877636432648e+00 2.317742896638810635e+01
-5.357064110040664673e+01 1.998516334220767021e+00 2.313243029080331326e+01
-5.413825267553329468e+01 2.012035224586725235e+00 2.313540510088205338e+01
-5.473561173677444458e+01 2.025449657812714577e+00 2.312438047863543034e+01
-5.520382505655288696e+01 2.042366411536931992e+00 2.313558755442500114e+01
-5.559263336658477783e+01 2.052448751404881477e+00 2.315860323421657085e+01
-5.594627207517623901e+01 2.057820921763777733e+00 2.318146513402462006e+01
-5.630793493986129761e+01 2.063470792025327682e+00 2.327323783934116364e+01
-5.676228612661361694e+01 2.071080524474382401e+00 2.339250178635120392e+01
-5.722052234411239624e+01 2.063231011852622032e+00 2.357266582548618317e+01
-5.763734042644500732e+01 2.081953424960374832e+00 2.371452939510345459e+01
-5.816509324312210083e+01 2.084533138200640678e+00 2.408401632308959961e+01
-5.870664352178573608e+01 2.063313487917184830e+00 2.460326176881790161e+01
-5.946173816919326782e+01 2.061484677717089653e+00 2.525765258073806763e+01
-6.012976092100143433e+01 2.066673688590526581e+00 2.591958171129226685e+01
-6.076256138086318970e+01 2.079652963206171989e+00 2.650929069519042969e+01
-6.140914040803909302e+01 2.093341339379549026e+00 2.715974819660186768e+01
-6.204963034391403198e+01 2.109460217878222466e+00 2.780696558952331543e+01
-6.252440339326858521e+01 2.119260445237159729e+00 2.847321307659149170e+01
-6.296131110191345215e+01 2.097656106576323509e+00 2.923420774936676025e+01
-6.328984105587005615e+01 2.078890483826398849e+00 2.993839287757873535e+01
-6.352964486181735992e+01 2.062877425923943520e+00 3.068175923824310303e+01
-6.371936938166618347e+01 2.045789284631609917e+00 3.135639011859893799e+01
-6.395132561028003693e+01 2.015544217079877853e+00 3.218906557559967041e+01
-6.413562947511672974e+01 1.975293789058923721e+00 3.304354989528656006e+01
-6.429381175339221954e+01 1.947256801649928093e+00 3.392743343114852905e+01
-6.441726297140121460e+01 1.923066031187772751e+00 3.481169694662094116e+01
-6.453981243073940277e+01 1.904323967173695564e+00 3.569868052005767822e+01
-6.468704287707805634e+01 1.898453615605831146e+00 3.666393798589706421e+01
-6.487814271450042725e+01 1.891497181728482246e+00 3.767462950944900513e+01
-6.507231329381465912e+01 1.878858543932437897e+00 3.874587148427963257e+01
-6.527745544910430908e+01 1.888034766539931297e+00 3.982475656270980835e+01
-6.547381550073623657e+01 1.881459355354309082e+00 4.093894332647323608e+01
-6.562473921477794647e+01 1.860002053901553154e+00 4.202916532754898071e+01
-6.578017929196357727e+01 1.865484159439802170e+00 4.321884530782699585e+01
-6.591645748913288116e+01 1.850264847278594971e+00 4.435454469919204712e+01
-6.603967875242233276e+01 1.839314974844455719e+00 4.554253190755844116e+01
-6.614837019145488739e+01 1.829780608415603638e+00 4.673803740739822388e+01
-6.622455883026123047e+01 1.825410333462059498e+00 4.796272450685501099e+01
-6.632836697995662689e+01 1.824641933664679527e+00 4.924954527616500854e+01
-6.646547678112983704e+01 1.812380289658904076e+00 5.049728411436080933e+01
-6.655964301526546478e+01 1.798451280221343040e+00 5.170306533575057983e+01
-6.664224237203598022e+01 1.789767889305949211e+00 5.292227393388748169e+01
-6.669017376005649567e+01 1.786441585049033165e+00 5.405336612462997437e+01
-6.670042654871940613e+01 1.771579874679446220e+00 5.525795906782150269e+01
-6.667084302008152008e+01 1.752223217859864235e+00 5.646954840421676636e+01
-6.667788469791412354e+01 1.733382750302553177e+00 5.762770408391952515e+01
-6.673869712650775909e+01 1.715705726295709610e+00 5.884057515859603882e+01
-6.677497407793998718e+01 1.706064960919320583e+00 6.002150195837020874e+01
-6.682706533372402191e+01 1.690891799516975880e+00 6.122672301530838013e+01
-6.688832622766494751e+01 1.678909818641841412e+00 6.237914294004440308e+01
-6.698599700629711151e+01 1.667775315232574940e+00 6.355651515722274780e+01
-6.703306934237480164e+01 1.646444820798933506e+00 6.467879825830459595e+01
-6.709610338509082794e+01 1.611637027002871037e+00 6.590424960851669312e+01
-6.713589707016944885e+01 1.582808678038418293e+00 6.702077931165695190e+01
-6.718038453161716461e+01 1.553495601750910282e+00 6.805219405889511108e+01
-6.724684734642505646e+01 1.546170274727046490e+00 6.901755696535110474e+01
-6.732464620471000671e+01 1.557561193592846394e+00 7.010094445943832397e+01
-6.734718196094036102e+01 1.548871341161429882e+00 7.113135927915573120e+01
-6.733182489871978760e+01 1.513331803493201733e+00 7.212883597612380981e+01
-6.728530244529247284e+01 1.506088441237807274e+00 7.318294149637222290e+01
-6.724811778962612152e+01 1.491748919710516930e+00 7.422097629308700562e+01
-6.722163355350494385e+01 1.482590742409229279e+00 7.525539046525955200e+01
-6.725164429843425751e+01 1.482786782085895538e+00 7.637985759973526001e+01
-6.721034073829650879e+01 1.479195924475789070e+00 7.756893688440322876e+01
-6.711287826299667358e+01 1.466356465592980385e+00 7.863290435075759888e+01
-6.712479622662067413e+01 1.450403237715363503e+00 7.967219263315200806e+01
-6.715249887108802795e+01 1.436717715114355087e+00 8.078485184907913208e+01
-6.719023849070072174e+01 1.416455216705799103e+00 8.190946775674819946e+01
-6.720523890852928162e+01 1.394721666350960732e+00 8.302580624818801880e+01
-6.722357563674449921e+01 1.375111443921923637e+00 8.414329534769058228e+01
-6.725940558314323425e+01 1.355746800079941750e+00 8.524529093503952026e+01
-6.726632659137248993e+01 1.340581480413675308e+00 8.631731611490249634e+01
-6.726064130663871765e+01 1.328717999160289764e+00 8.742190223932266235e+01
-6.731168688833713531e+01 1.309978576377034187e+00 8.854074925184249878e+01
-6.737652316689491272e+01 1.296841632574796677e+00 8.964424198865890503e+01
-6.743109889328479767e+01 1.272659841924905777e+00 9.077034348249435425e+01
-6.749890041351318359e+01 1.246537007391452789e+00 9.187328630685806274e+01
-6.752160032093524933e+01 1.222359981387853622e+00 9.300010997056961060e+01
-6.754453074932098389e+01 1.199222203344106674e+00 9.406332856416702271e+01
-6.755172799527645111e+01 1.179389927536249161e+00 9.509109801054000854e+01
-6.756999248266220093e+01 1.158730830997228622e+00 9.606301867961883545e+01
-6.757874114811420441e+01 1.137595413252711296e+00 9.708727800846099854e+01
-6.764292728900909424e+01 1.113613359630107880e+00 9.812401175498962402e+01
-6.768536619842052460e+01 1.086156386882066727e+00 9.912621843814849854e+01
-6.772770607471466064e+01 1.061972236260771751e+00 1.001402451992034912e+02
-6.770095311105251312e+01 1.035856438800692558e+00 1.011913862228393555e+02
-6.768824520707130432e+01 1.015421545132994652e+00 1.022525956630706787e+02
-6.768252716958522797e+01 9.973570965230464935e-01 1.033084564208984375e+02
-6.775527587532997131e+01 9.787516351789236069e-01 1.043883092403411865e+02
-6.781238149106502533e+01 9.497624654322862625e-01 1.054367295503616333e+02
-6.785076621174812317e+01 9.257528670132160187e-01 1.065041086673736572e+02
-6.791553114354610443e+01 9.078324995934963226e-01 1.075672671794891357e+02
-6.798766881227493286e+01 8.966082017868757248e-01 1.086375384330749512e+02
-6.805399911105632782e+01 8.742326404899358749e-01 1.097036410570144653e+02
-6.810717695951461792e+01 8.437686543911695480e-01 1.106889954805374146e+02
-6.814617420732975006e+01 8.236642200499773026e-01 1.117203707695007324e+02
-6.818602681159973145e+01 8.073039166629314423e-01 1.127979836463928223e+02
-6.823675321042537689e+01 7.908242233097553253e-01 1.138779897689819336e+02
-6.829844167828559875e+01 7.977985218167304993e-01 1.148983237743377686e+02
-6.834585373103618622e+01 8.072862606495618820e-01 1.158996258974075317e+02
-6.838892790675163269e+01 8.141041956841945648e-01 1.168590481877326965e+02
-6.844728259742259979e+01 7.985407821834087372e-01 1.178909222483634949e+02
-6.855638983845710754e+01 7.854372272267937660e-01 1.189665375351905823e+02
-6.866845451295375824e+01 7.812212379649281502e-01 1.200236324667930603e+02
-6.872854757308959961e+01 7.740343734622001648e-01 1.210844475626945496e+02
-6.883045147359371185e+01 7.469735592603683472e-01 1.221106560826301575e+02
-6.887280905246734619e+01 7.243879977613687515e-01 1.229891353249549866e+02
-6.893544392287731171e+01 7.043001446872949600e-01 1.238930976986885071e+02
-6.898311609029769897e+01 6.794607769697904587e-01 1.249171183705329895e+02
-6.902353622019290924e+01 6.548505220562219620e-01 1.258718632459640503e+02
-6.913977870345115662e+01 6.421640105545520782e-01 1.267739151120185852e+02
-6.924711827933788300e+01 6.273798737674951553e-01 1.276410507559776306e+02
-6.933679616451263428e+01 6.085376981645822525e-01 1.284654797911643982e+02
-6.946840389072895050e+01 5.783544369041919708e-01 1.292681486606597900e+02
-6.960041907429695129e+01 5.562855396419763565e-01 1.300476554632186890e+02
-6.980518732964992523e+01 5.434488132596015930e-01 1.308544988632202148e+02
-7.000896832346916199e+01 5.332026537507772446e-01 1.316508626341819763e+02
-7.017954455316066742e+01 5.130870454013347626e-01 1.325204018950462341e+02
-7.035496783256530762e+01 4.991159308701753616e-01 1.335334700942039490e+02
-7.056108875572681427e+01 4.846502505242824554e-01 1.347128018736839294e+02
-7.078342908620834351e+01 4.790415540337562561e-01 1.356986141800880432e+02
-7.100233899056911469e+01 4.640679918229579926e-01 1.367309958338737488e+02
-7.119589889049530029e+01 4.542719256132841110e-01 1.377705690264701843e+02
-7.141013415157794952e+01 4.533140994608402252e-01 1.387935751080513000e+02
-7.160713577270507812e+01 4.362494554370641708e-01 1.398291791081428528e+02
-7.180081836879253387e+01 4.119981843978166580e-01 1.408503748774528503e+02
-7.203505682945251465e+01 4.020040314644575119e-01 1.417822728157043457e+02
-7.214494405686855316e+01 3.863054681569337845e-01 1.426664118170738220e+02
-7.229885259270668030e+01 3.668277468532323837e-01 1.436018100976943970e+02
-7.241749800741672516e+01 3.452393971383571625e-01 1.445033959746360779e+02
-7.255315631628036499e+01 3.169425334781408310e-01 1.454464658498764038e+02
-7.269788317382335663e+01 2.906324975192546844e-01 1.463239829540252686e+02
-7.287302407622337341e+01 2.711622249335050583e-01 1.472550249695777893e+02
-7.306709082424640656e+01 2.458935976028442383e-01 1.481995421648025513e+02
-7.335333509743213654e+01 2.320506814867258072e-01 1.491780475974082947e+02
-7.369909907877445221e+01 2.338742017745971680e-01 1.501319467425346375e+02
-7.397631914913654327e+01 2.305315928533673286e-01 1.510555036664009094e+02
-7.421372744441032410e+01 2.235064795240759850e-01 1.519814991950988770e+02
-7.450213220715522766e+01 2.099994653835892677e-01 1.529054448604583740e+02
-7.478623315691947937e+01 2.103417674079537392e-01 1.539373792409896851e+02
-7.508666142821311951e+01 2.033275607973337173e-01 1.548149138092994690e+02
-7.544215026497840881e+01 2.120362706482410431e-01 1.557063207626342773e+02
-7.584536311030387878e+01 2.378082368522882462e-01 1.566694763898849487e+02
-7.629511645436286926e+01 2.646315842866897583e-01 1.576906561851501465e+02
-7.675350144505500793e+01 2.973063811659812927e-01 1.586833710074424744e+02
-7.719030854105949402e+01 3.252899404615163803e-01 1.596526742577552795e+02
-7.760637697577476501e+01 3.419773839414119720e-01 1.605032061338424683e+02
-7.802197852730751038e+01 3.516514170914888382e-01 1.612880632877349854e+02
-7.839510366320610046e+01 3.706374354660511017e-01 1.622208635210990906e+02
-7.873803171515464783e+01 3.987127076834440231e-01 1.630411760210990906e+02
-7.909902623295783997e+01 4.129040427505970001e-01 1.639287931919097900e+02
-7.942388501763343811e+01 4.202724229544401169e-01 1.647022621631622314e+02
-7.977140918374061584e+01 4.134900514036417007e-01 1.654483714699745178e+02
-8.007709684967994690e+01 4.145253412425518036e-01 1.661659666299819946e+02
-8.043459573388099670e+01 4.083044044673442841e-01 1.670321149230003357e+02
-8.074123665690422058e+01 3.949707839637994766e-01 1.679463773965835571e+02
-8.106910344958305359e+01 3.765913099050521851e-01 1.687523083090782166e+02
-8.133736273646354675e+01 3.545979056507349014e-01 1.694875974655151367e+02
-8.162953934073448181e+01 3.491759002208709717e-01 1.702997959852218628e+02
-8.188337728381156921e+01 3.405115604400634766e-01 1.709268532991409302e+02
-8.217226329445838928e+01 3.333588466048240662e-01 1.715614345073699951e+02
-8.245838525891304016e+01 3.247796706855297089e-01 1.721941164135932922e+02
-8.272545138001441956e+01 3.236268851906061172e-01 1.728398039937019348e+02
-8.298105105757713318e+01 3.293436095118522644e-01 1.735187940001487732e+02
-8.330482020974159241e+01 3.311834372580051422e-01 1.741358525753021240e+02
-8.370868244767189026e+01 3.599096443504095078e-01 1.748879871964454651e+02
-8.410978469252586365e+01 3.788671791553497314e-01 1.756293914914131165e+02
-8.460181161761283875e+01 3.783881124109029770e-01 1.763609686493873596e+02
-8.514731809496879578e+01 3.932364769279956818e-01 1.771761568188667297e+02
-8.565185251832008362e+01 3.996273148804903030e-01 1.780096698999404907e+02
-8.616892722249031067e+01 4.000942856073379517e-01 1.788773216605186462e+02
-8.668167731165885925e+01 4.043738227337598801e-01 1.797412915229797363e+02
-8.720373532176017761e+01 4.160733483731746674e-01 1.806792835593223572e+02
-8.772899791598320007e+01 4.190708491951227188e-01 1.815591847896575928e+02
-8.831434896588325500e+01 4.429012238979339600e-01 1.825327085256576538e+02
-8.883489456772804260e+01 4.700486492365598679e-01 1.833475339412689209e+02
-8.935567536950111389e+01 4.904871545732021332e-01 1.841413347125053406e+02
-8.992627307772636414e+01 5.113192666321992874e-01 1.849392400383949280e+02
-9.048748400807380676e+01 5.158443450927734375e-01 1.857003139257431030e+02
-9.102539381384849548e+01 5.226592626422643661e-01 1.864449464678764343e+02
-9.161164650321006775e+01 5.302361324429512024e-01 1.871857606768608093e+02
-9.220164433121681213e+01 5.371387358754873276e-01 1.879503062963485718e+02
-9.282492795586585999e+01 5.459781773388385773e-01 1.886977687478065491e+02
-9.346735331416130066e+01 5.570190604776144028e-01 1.894359997510910034e+02
-9.410293206572532654e+01 5.563781000673770905e-01 1.901965634226799011e+02
-9.473853006958961487e+01 5.572312120348215103e-01 1.909264588356018066e+02
-9.543867519497871399e+01 5.713649056851863861e-01 1.916574054956436157e+02
-9.608083894848823547e+01 5.776224080473184586e-01 1.923472735285758972e+02
-9.680590674281120300e+01 6.012252420186996460e-01 1.930798133015632629e+02
-9.744873520731925964e+01 5.986028965562582016e-01 1.938295636177062988e+02
-9.815346845984458923e+01 5.904290899634361267e-01 1.946162869930267334e+02
-9.884548178315162659e+01 5.993422921746969223e-01 1.953638526797294617e+02
-9.954780271649360657e+01 5.976549275219440460e-01 1.960836229920387268e+02
-1.002485616505146027e+02 5.968806762248277664e-01 1.967478620409965515e+02
-1.009691675007343292e+02 5.916959010064601898e-01 1.974359215497970581e+02
-1.016127497255802155e+02 5.894634444266557693e-01 1.980830053091049194e+02
-1.022987009584903717e+02 6.043145060539245605e-01 1.987303771376609802e+02
-1.030093987882137299e+02 6.227057036012411118e-01 1.993633761405944824e+02
-1.037561334073543549e+02 6.375571228563785553e-01 1.999337525367736816e+02
-1.045400402247905731e+02 6.571094673126935959e-01 2.004714997410774231e+02
-1.053427525460720062e+02 6.850532032549381256e-01 2.009955552220344543e+02
-1.061490240395069122e+02 7.080190498381853104e-01 2.014870140552520752e+02
-1.069530200064182281e+02 7.309565097093582153e-01 2.019184728264808655e+02
-1.076583785712718964e+02 7.524787280708551407e-01 2.022281119227409363e+02
-1.083831882774829865e+02 7.751091048121452332e-01 2.024886333942413330e+02
-1.091458160579204559e+02 8.104078173637390137e-01 2.027021434307098389e+02
-1.098816532790660858e+02 8.434172868728637695e-01 2.028203396797180176e+02
-1.106214286386966705e+02 8.763711452484130859e-01 2.029302101731300354e+02
-1.113473878204822540e+02 9.213365018367767334e-01 2.029978028237819672e+02
-1.120840448439121246e+02 9.617071673274040222e-01 2.030495725572109222e+02
-1.127574924528598785e+02 9.865407142788171768e-01 2.030254871863871813e+02
-1.133372437059879303e+02 1.003575570881366730e+00 2.029623299557715654e+02
-1.138751852810382843e+02 1.024183062836527824e+00 2.028611907977610826e+02
-1.144008520543575287e+02 1.046611841768026352e+00 2.026918442863970995e+02
-1.149353050887584686e+02 1.052699996158480644e+00 2.025067324656993151e+02
-1.154376172721385956e+02 1.071077927947044373e+00 2.023007024545222521e+02
-1.159754609167575836e+02 1.101809060201048851e+00 2.021096608657389879e+02
-1.164720424711704254e+02 1.123828925192356110e+00 2.018451890368014574e+02
-1.170136322081089020e+02 1.153173426166176796e+00 2.015750555414706469e+02
-1.176641828119754791e+02 1.176732879132032394e+00 2.013000925201922655e+02
-1.183069919645786285e+02 1.206574501469731331e+00 2.009624489266425371e+02
-1.189349123537540436e+02 1.235801685601472855e+00 2.005851709563285112e+02
-1.195518197119235992e+02 1.252403615042567253e+00 2.001461665350943804e+02
-1.201510799825191498e+02 1.248922751285135746e+00 1.997095447797328234e+02
-1.207761459052562714e+02 1.275034925900399685e+00 1.993077647108584642e+02
-1.214240926206111908e+02 1.302587580867111683e+00 1.989093884844332933e+02
-1.220641882121562958e+02 1.343736280687153339e+00 1.985011892635375261e+02
-1.227177997529506683e+02 1.385061507113277912e+00 1.979998520929366350e+02
-1.234275333583354950e+02 1.426708084531128407e+00 1.975233929175883532e+02
-1.241122986972332001e+02 1.462859307415783405e+00 1.969799139518290758e+02
-1.248060432970523834e+02 1.500947152264416218e+00 1.964267774242907763e+02
-1.255149837434291840e+02 1.530733770690858364e+00 1.958970059771090746e+02
-1.262307144105434418e+02 1.556249422021210194e+00 1.952960301060229540e+02
-1.269403322637081146e+02 1.577784786932170391e+00 1.946622967142611742e+02
-1.276396165788173676e+02 1.596150134690105915e+00 1.940137498397380114e+02
-1.283416765630245209e+02 1.617805755697190762e+00 1.934118691701442003e+02
-1.290338920056819916e+02 1.647643678821623325e+00 1.928082761187106371e+02
-1.297693540751934052e+02 1.679747381247580051e+00 1.923022531885653734e+02
-1.305021037757396698e+02 1.705488762818276882e+00 1.917393974084407091e+02
-1.312286597192287445e+02 1.741429544053971767e+00 1.912204566020518541e+02
-1.319759918153285980e+02 1.785358450375497341e+00 1.907338292617350817e+02
-1.327228369414806366e+02 1.816215054132044315e+00 1.902261332292109728e+02
-1.334632708132266998e+02 1.848257527686655521e+00 1.897723166067153215e+02
-1.341876044571399689e+02 1.888201230205595493e+00 1.893634948153048754e+02
-1.349125759303569794e+02 1.936453291215002537e+00 1.889391315300017595e+02
-1.355905694663524628e+02 1.980711483396589756e+00 1.884244214612990618e+02
-1.362962125837802887e+02 2.030824557878077030e+00 1.880379075426608324e+02
-1.369415332973003387e+02 2.062682517804205418e+00 1.876472225207835436e+02
-1.376205464899539948e+02 2.105363705195486546e+00 1.872042863089591265e+02
-1.383336067497730255e+02 2.146967195905745029e+00 1.867027941662818193e+02
-1.390462398231029510e+02 2.181098812259733677e+00 1.862187122423201799e+02
-1.397653518617153168e+02 2.207885066978633404e+00 1.856629141885787249e+02
-1.404941217601299286e+02 2.236496769823133945e+00 1.851755130011588335e+02
-1.411922361552715302e+02 2.245109661482274532e+00 1.844888158757239580e+02
-1.418889715373516083e+02 2.249001425690948963e+00 1.838072229940444231e+02
-1.425891710817813873e+02 2.251839200966060162e+00 1.831941385585814714e+02
-1.432109133899211884e+02 2.247575365938246250e+00 1.825645512063056231e+02
-1.438714916408061981e+02 2.259425259195268154e+00 1.820481275040656328e+02
-1.444744248092174530e+02 2.265980419702827930e+00 1.815318102557212114e+02
-1.450978834331035614e+02 2.270352727733552456e+00 1.810208338219672441e+02
-1.457153798043727875e+02 2.278455552645027637e+00 1.804365572053939104e+02
-1.462920446693897247e+02 2.280480713583528996e+00 1.797791252452880144e+02
-1.468592619597911835e+02 2.297885636799037457e+00 1.791788264829665422e+02
-1.474418375194072723e+02 2.304511365480720997e+00 1.785037429649382830e+02
-1.480150545537471771e+02 2.311718094162642956e+00 1.777655448038130999e+02
-1.485865769088268280e+02 2.319880628027021885e+00 1.770098803956061602e+02
-1.491783659160137177e+02 2.340870185755193233e+00 1.762484184224158525e+02
-1.497533586919307709e+02 2.378698392771184444e+00 1.755402593333274126e+02
-1.502630971968173981e+02 2.408296913839876652e+00 1.749517969805747271e+02
-1.508031037747859955e+02 2.412079199217259884e+00 1.743783101756125689e+02
-1.514146566092967987e+02 2.441219371743500233e+00 1.738497537095099688e+02
-1.520332095324993134e+02 2.473400619812309742e+00 1.732869843561202288e+02
-1.526453386247158051e+02 2.503313406370580196e+00 1.727226047832518816e+02
-1.533133093416690826e+02 2.526996244676411152e+00 1.720923131424933672e+02
-1.539908699095249176e+02 2.556419934146106243e+00 1.714459321219474077e+02
-1.546661202013492584e+02 2.596007558517158031e+00 1.708252944070845842e+02
-1.553528926670551300e+02 2.634924414567649364e+00 1.701947495061904192e+02
-1.560818875133991241e+02 2.678607839159667492e+00 1.696662965137511492e+02
-1.568504137694835663e+02 2.715676265768706799e+00 1.692242940980941057e+02
-1.575512234270572662e+02 2.757728795520961285e+00 1.687499575633555651e+02
-1.582510912120342255e+02 2.781625256873667240e+00 1.682790868598967791e+02
-1.589209689795970917e+02 2.809851507656276226e+00 1.677665387112647295e+02
-1.596396459639072418e+02 2.851647200994193554e+00 1.672513250429183245e+02
-1.604311741888523102e+02 2.895532171241939068e+00 1.666340762693434954e+02
-1.612043997347354889e+02 2.921626077033579350e+00 1.660859835464507341e+02
-1.618952980935573578e+02 2.949812493287026882e+00 1.654820738155394793e+02
-1.625947357118129730e+02 2.979110364802181721e+00 1.649164067823439837e+02
-1.632528339922428131e+02 3.007223299704492092e+00 1.643438970167189837e+02
-1.639234587848186493e+02 3.035050795413553715e+00 1.637862009126693010e+02
-1.646002100408077240e+02 3.063853039406239986e+00 1.631015067417174578e+02
-1.653109924495220184e+02 3.093969781883060932e+00 1.623417655546218157e+02
-1.659634463489055634e+02 3.119748610071837902e+00 1.615991435367614031e+02
-1.666260420382022858e+02 3.142386705614626408e+00 1.609374298173934221e+02
-1.673051647841930389e+02 3.159070706926286221e+00 1.602679567653685808e+02
-1.679933746755123138e+02 3.181756925769150257e+00 1.596142445523291826e+02
-1.686351529061794281e+02 3.205343543551862240e+00 1.589180048424750566e+02
-1.692277781069278717e+02 3.232927707023918629e+00 1.582003131825476885e+02
-1.698611060678958893e+02 3.269733336754143238e+00 1.575843606311827898e+02
-1.704628639519214630e+02 3.291676967404782772e+00 1.568985353428870440e+02
-1.710994179546833038e+02 3.329588658176362514e+00 1.562742418367415667e+02
-1.717184905111789703e+02 3.360280630178749561e+00 1.556172954160720110e+02
-1.723854294121265411e+02 3.417310600169003010e+00 1.549584813434630632e+02
-1.730245787799358368e+02 3.462203820236027241e+00 1.542833832819014788e+02
-1.736537968218326569e+02 3.510060851462185383e+00 1.536009448487311602e+02
-1.742418870031833649e+02 3.555147198028862476e+00 1.529193445164710283e+02
-1.748820904791355133e+02 3.603832234628498554e+00 1.523297256547957659e+02
-1.755578091442584991e+02 3.652528767473995686e+00 1.517432065326720476e+02
-1.761882002651691437e+02 3.712113869376480579e+00 1.511911177951842546e+02
-1.768016468584537506e+02 3.757176001556217670e+00 1.506754533965140581e+02
-1.773975956737995148e+02 3.796447803266346455e+00 1.501704811770468950e+02
-1.779551967680454254e+02 3.837856021709740162e+00 1.495208400804549456e+02
-1.785340971648693085e+02 3.873661597259342670e+00 1.489104824382811785e+02
-1.791666828691959381e+02 3.917122242040932178e+00 1.483082509357482195e+02
-1.798367144167423248e+02 3.964151692576706409e+00 1.477765234429389238e+02
-1.805288403332233429e+02 4.006977063603699207e+00 1.471515243966132402e+02
-1.812347780168056488e+02 4.038987991400063038e+00 1.465750697571784258e+02
-1.819293051660060883e+02 4.075178158469498158e+00 1.459956447202712297e+02
-1.825804931223392487e+02 4.101973424665629864e+00 1.454581992942839861e+02
-1.832114088237285614e+02 4.132095103152096272e+00 1.449625464994460344e+02
-1.838400174677371979e+02 4.158748063258826733e+00 1.444219571668654680e+02
-1.844697857201099396e+02 4.193260665051639080e+00 1.438772882539778948e+02
-1.850306275188922882e+02 4.224923479370772839e+00 1.433820347506552935e+02
-1.856109729707241058e+02 4.254160930402576923e+00 1.428878670651465654e+02
-1.861507565081119537e+02 4.291745376773178577e+00 1.424344546217471361e+02
-1.867366882860660553e+02 4.322576823644340038e+00 1.419596251267939806e+02
-1.873366332352161407e+02 4.348627869971096516e+00 1.413751727361232042e+02
-1.879658122360706329e+02 4.377255040220916271e+00 1.407819156665354967e+02
-1.885285137593746185e+02 4.404158395715057850e+00 1.401972565669566393e+02
-1.891047707498073578e+02 4.432002733461558819e+00 1.397093743104487658e+02
-1.896630997955799103e+02 4.464150744490325451e+00 1.392036291975528002e+02
-1.901748606860637665e+02 4.505434948019683361e+00 1.386241482514888048e+02
-1.907387878596782684e+02 4.536571458913385868e+00 1.380793410558253527e+02
-1.912429647743701935e+02 4.565361781977117062e+00 1.375260922331362963e+02
-1.917159436047077179e+02 4.595836707390844822e+00 1.368962402958422899e+02
-1.921311737000942230e+02 4.639637575484812260e+00 1.363550160545855761e+02
-1.925250237286090851e+02 4.682406865991652012e+00 1.357795376796275377e+02
-1.929556028544902802e+02 4.723057650960981846e+00 1.351704822201281786e+02
-1.933506882488727570e+02 4.775037900544703007e+00 1.346006928104907274e+02
-1.937007866203784943e+02 4.820797824300825596e+00 1.339908842463046312e+02
-1.940446325242519379e+02 4.846286973915994167e+00 1.334160916823893785e+02
-1.943658467233181000e+02 4.857409230433404446e+00 1.328953351993113756e+02
-1.946241435110569000e+02 4.876961992122232914e+00 1.321587958354502916e+02
-1.948707997053861618e+02 4.887331777252256870e+00 1.313594201821833849e+02
-1.950983387231826782e+02 4.909348952583968639e+00 1.305318698901683092e+02
-1.952368779033422470e+02 4.942154544405639172e+00 1.296772341150790453e+02
-1.953654252290725708e+02 4.957552581094205379e+00 1.288942735809832811e+02
-1.954225118011236191e+02 4.961775056086480618e+00 1.279473776835948229e+02
-1.954043758213520050e+02 4.964141109026968479e+00 1.270566889662295580e+02
-1.953985363095998764e+02 4.952860032208263874e+00 1.261342867035418749e+02
-1.953517669439315796e+02 4.946070509962737560e+00 1.250621529240161180e+02
-1.952242725342512131e+02 4.929744780994951725e+00 1.241047051567584276e+02
-1.950549009144306183e+02 4.928456437774002552e+00 1.231326562184840441e+02
-1.948120739609003067e+02 4.921451399102807045e+00 1.223908610958606005e+02
-1.944643873125314713e+02 4.901527881622314453e+00 1.216388644594699144e+02
-1.941420788913965225e+02 4.895168250426650047e+00 1.208844042439013720e+02
-1.938372586518526077e+02 4.872651722282171249e+00 1.200167090315371752e+02
-1.935485638529062271e+02 4.857443565502762794e+00 1.192629306931048632e+02
-1.931840229183435440e+02 4.820749716833233833e+00 1.182811041492968798e+02
-1.928613689094781876e+02 4.791728481650352478e+00 1.173578198570758104e+02
-1.924247713834047318e+02 4.773878512904047966e+00 1.164742509741336107e+02
-1.919871361404657364e+02 4.757743600755929947e+00 1.154900792259722948e+02
-1.914563126116991043e+02 4.735265510156750679e+00 1.144972189087420702e+02
-1.906963895112276077e+02 4.700937496498227119e+00 1.135006367582827806e+02
-1.896924224644899368e+02 4.711114924401044846e+00 1.125638216156512499e+02
-1.885446056872606277e+02 4.706823969259858131e+00 1.116302021760493517e+02
-1.876051174551248550e+02 4.706020683050155640e+00 1.108575663585215807e+02
-1.868389386087656021e+02 4.694714004173874855e+00 1.100721383113414049e+02
-1.859966888576745987e+02 4.672891678288578987e+00 1.093696156758815050e+02
-1.852125362306833267e+02 4.631375672295689583e+00 1.086267120260745287e+02
-1.844438768774271011e+02 4.599104998633265495e+00 1.079402803797274828e+02
-1.834436884075403214e+02 4.591689273715019226e+00 1.071459004897624254e+02
-1.825716957598924637e+02 4.560348790138959885e+00 1.063441283125430346e+02
-1.815998237878084183e+02 4.549982672557234764e+00 1.053521012682467699e+02
-1.804014851599931717e+02 4.529110662639141083e+00 1.043836517948657274e+02
-1.791541960984468460e+02 4.511641731485724449e+00 1.033796773571521044e+02
-1.778983989506959915e+02 4.495726387947797775e+00 1.023636267799884081e+02
-1.768970783501863480e+02 4.461676623672246933e+00 1.013921677488833666e+02
-1.759459321647882462e+02 4.436161587014794350e+00 1.006434572357684374e+02
-1.754603810459375381e+02 4.412371590733528137e+00 1.000437378305941820e+02
-1.749930926114320755e+02 4.391766851767897606e+00 9.947440427727997303e+01
-1.744780219942331314e+02 4.366151671856641769e+00 9.892123454995453358e+01
-1.739842482358217239e+02 4.334226232022047043e+00 9.834522330947220325e+01
-1.735383660346269608e+02 4.298123788088560104e+00 9.775227999873459339e+01
-1.731022321730852127e+02 4.270775964483618736e+00 9.711471587605774403e+01
-1.726939968615770340e+02 4.232742218300700188e+00 9.650949144549667835e+01
-1.720666495114564896e+02 4.199375918135046959e+00 9.595394456572830677e+01
-1.714235767871141434e+02 4.154357274994254112e+00 9.527644962258636951e+01
-1.707162440568208694e+02 4.118813855573534966e+00 9.455093378014862537e+01
-1.700308575183153152e+02 4.076502813026309013e+00 9.382694828696548939e+01
-1.693343206793069839e+02 4.007240025326609612e+00 9.300664466805756092e+01
-1.685420370250940323e+02 3.939166581258177757e+00 9.223282069154083729e+01
-1.678179427534341812e+02 3.876391021534800529e+00 9.140193468518555164e+01
-1.671870900541543961e+02 3.839642448350787163e+00 9.061974388547241688e+01
-1.664848751574754715e+02 3.800475528463721275e+00 8.983178609795868397e+01
-1.657053020745515823e+02 3.757310261949896812e+00 8.902280837483704090e+01
-1.650806121379137039e+02 3.708037791773676872e+00 8.816187721677124500e+01
-1.644177658706903458e+02 3.661876602098345757e+00 8.731846255250275135e+01
-1.633599764257669449e+02 3.638482127338647842e+00 8.641220569796860218e+01
-1.623678591400384903e+02 3.584070134907960892e+00 8.547578334994614124e+01
-1.615574969202280045e+02 3.518011461943387985e+00 8.463871997781097889e+01
-1.607034719139337540e+02 3.470793578773736954e+00 8.378979754634201527e+01
-1.598777032643556595e+02 3.432245131582021713e+00 8.291767525859177113e+01
-1.588813583999872208e+02 3.417634917423129082e+00 8.193958312459290028e+01
-1.579872307926416397e+02 3.397232647985219955e+00 8.103379363007843494e+01
-1.568900031000375748e+02 3.401618933305144310e+00 8.004474967904388905e+01
-1.563135468512773514e+02 3.401775987818837166e+00 7.921843719668686390e+01
-1.555061907321214676e+02 3.402756936848163605e+00 7.832951718755066395e+01
-1.546214424520730972e+02 3.397295845672488213e+00 7.750907093472778797e+01
-1.540873857885599136e+02 3.361034130677580833e+00 7.688934719748795033e+01
-1.537921063452959061e+02 3.350189458578824997e+00 7.635470664687454700e+01
-1.535296452194452286e+02 3.338716601952910423e+00 7.573748278804123402e+01
-1.529102848917245865e+02 3.348457273095846176e+00 7.492839425988495350e+01
-1.521211747676134109e+02 3.375276761129498482e+00 7.399614554829895496e+01
-1.515924843698740005e+02 3.385415051132440567e+00 7.328386110253632069e+01
-1.511756709367036819e+02 3.389620320871472359e+00 7.259911012835800648e+01
-1.507274224311113358e+02 3.392881799489259720e+00 7.192142713256180286e+01
-1.503259617835283279e+02 3.396734280511736870e+00 7.127487349696457386e+01
-1.499655282646417618e+02 3.416554298251867294e+00 7.059999346919357777e+01
-1.495122886449098587e+02 3.423246683552861214e+00 6.990768730826675892e+01
-1.487574662119150162e+02 3.461432063952088356e+00 6.892694401927292347e+01
-1.480163400918245316e+02 3.477309376001358032e+00 6.791348552890121937e+01
-1.474761717468500137e+02 3.493701895698904991e+00 6.693103432841598988e+01
-1.470292918235063553e+02 3.490324094891548157e+00 6.609378367848694324e+01
-1.465065936595201492e+02 3.469842256978154182e+00 6.519227272458374500e+01
-1.460467818528413773e+02 3.453622279688715935e+00 6.432260030694305897e+01
-1.454063370376825333e+02 3.461668834090232849e+00 6.329161995835602283e+01
-1.448487629443407059e+02 3.495633020997047424e+00 6.221334713883697987e+01
-1.443652895241975784e+02 3.521331766620278358e+00 6.120580154843628407e+01
-1.439714858084917068e+02 3.534881073981523514e+00 6.014190107770264149e+01
-1.436833880692720413e+02 3.498340625315904617e+00 5.917124587483704090e+01
-1.434812784492969513e+02 3.475347386673092842e+00 5.814438647218048573e+01
-1.433064561933279037e+02 3.452215813100337982e+00 5.719051742739975452e+01
-1.431661795675754547e+02 3.446626901626586914e+00 5.629223185963928699e+01
-1.430104610770940781e+02 3.445322440937161446e+00 5.522097224183380604e+01
-1.428877756297588348e+02 3.410244980826973915e+00 5.407556921429932117e+01
-1.425325836837291718e+02 3.438851892948150635e+00 5.281187921948730946e+01
-1.424204785674810410e+02 3.426941679790616035e+00 5.164441162534058094e+01
-1.423051522970199585e+02 3.420499268919229507e+00 5.066708231158554554e+01
-1.421896721571683884e+02 3.431802319362759590e+00 4.980224657244980335e+01
-1.420188767611980438e+02 3.428257413208484650e+00 4.883120143599808216e+01
-1.418335054069757462e+02 3.436254067346453667e+00 4.808627200312912464e+01
-1.416652174592018127e+02 3.448510672897100449e+00 4.727701825089752674e+01
-1.414766607731580734e+02 3.456890577450394630e+00 4.652429348416626453e+01
-1.413621364235877991e+02 3.475700926035642624e+00 4.574158561415970325e+01
-1.412203963249921799e+02 3.479669606313109398e+00 4.486293280310928822e+01
-1.410601809024810791e+02 3.489744363352656364e+00 4.406200194545090199e+01
-1.409334902316331863e+02 3.506958965212106705e+00 4.319316482730209827e+01
-1.407939670085906982e+02 3.537141213193535805e+00 4.238795137591660023e+01
-1.405927393585443497e+02 3.542328804731369019e+00 4.162287897057831287e+01
-1.403808450400829315e+02 3.553576370701193810e+00 4.085142570920288563e+01
-1.402430132180452347e+02 3.564284583553671837e+00 4.000147706456482410e+01
-1.401037749648094177e+02 3.569766119122505188e+00 3.902458936162292957e+01
-1.399753038138151169e+02 3.575751228258013725e+00 3.810280686803162098e+01
-1.399017860293388367e+02 3.575281685218214989e+00 3.716035074181854725e+01
-1.398560794144868851e+02 3.554550686851143837e+00 3.625343293137848377e+01
-1.397599419951438904e+02 3.547569561749696732e+00 3.528495091386139393e+01
-1.396357480734586716e+02 3.545983213931322098e+00 3.432525599189102650e+01
-1.395218082368373871e+02 3.551098722964525223e+00 3.330099129863083363e+01
-1.393897592276334763e+02 3.554750883951783180e+00 3.234471774287521839e+01
-1.392158800065517426e+02 3.564596254378557205e+00 3.141812300868332386e+01
-1.389592072069644928e+02 3.581897245720028877e+00 3.045151049084961414e+01
-1.388475378900766373e+02 3.573218259029090405e+00 2.943814879842102528e+01
-1.387388541102409363e+02 3.585622864775359631e+00 2.849972939677536488e+01
-1.386483285874128342e+02 3.572419804520905018e+00 2.750090444274246693e+01
-1.385625864267349243e+02 3.581028546206653118e+00 2.656658435054123402e+01
-1.385275486558675766e+02 3.585707721300423145e+00 2.559604788012802601e+01
-1.384840486347675323e+02 3.574894114397466183e+00 2.459862876124680042e+01
-1.384286091774702072e+02 3.553408806212246418e+00 2.345356905646622181e+01
-1.384309979379177094e+02 3.546946774236857891e+00 2.241144752688705921e+01
-1.383686373978853226e+02 3.546531724743545055e+00 2.138299191184341908e+01
-1.381884725689888000e+02 3.577627048827707767e+00 2.033666157908737659e+01
-1.380495061427354813e+02 3.594877350144088268e+00 1.935603416152298450e+01
-1.377604525834321976e+02 3.652124757878482342e+00 1.835011029429733753e+01
-1.375463844835758209e+02 3.693631338886916637e+00 1.731375217624008656e+01
-1.373459847122430801e+02 3.725340488366782665e+00 1.633258474059402943e+01
-1.371937745809555054e+02 3.748506077565252781e+00 1.547075802274048328e+01
-1.369870935529470444e+02 3.787524566985666752e+00 1.451482224650681019e+01
-1.367308871001005173e+02 3.804138730280101299e+00 1.349804008193314075e+01
-1.363369051665067673e+02 3.832832251675426960e+00 1.247512948699295521e+01
-1.358035443276166916e+02 3.870379206724464893e+00 1.134601533599197865e+01
-1.352870163768529892e+02 3.911023517139256001e+00 1.033703077025711536e+01
-1.348632590025663376e+02 3.951867518015205860e+00 9.226832868531346321e+00
-1.347074636816978455e+02 3.971456336788833141e+00 8.324926795437932014e+00
-1.345224214345216751e+02 4.009095962159335613e+00 7.269702138379216194e+00
-1.343877815604209900e+02 4.035153687931597233e+00 6.246015610173344612e+00
-1.342568604201078415e+02 4.058609838597476482e+00 5.227238239720463753e+00
-1.340612103343009949e+02 4.078555663116276264e+00 4.214959921315312386e+00
-1.338605766743421555e+02 4.097984555177390575e+00 3.203166188672184944e+00
-1.335797688812017441e+02 4.126175985671579838e+00 2.046648683026432991e+00
-1.333012648075819016e+02 4.141433089040219784e+00 9.556946177035570145e-01
-1.328879536837339401e+02 4.192524238489568233e+00 -2.331867795437574387e-01
-1.325535108298063278e+02 4.231414965353906155e+00 -1.344113646075129509e+00
-1.323827742636203766e+02 4.253545739687979221e+00 -2.334698257967829704e+00
-1.321810570210218430e+02 4.302211732603609562e+00 -3.396469889208674431e+00
-1.319988603293895721e+02 4.364346378482878208e+00 -4.464285550639033318e+00
-1.319413025528192520e+02 4.399306857027113438e+00 -5.539718447253108025e+00
-1.317769809067249298e+02 4.405100907199084759e+00 -6.550704417750239372e+00
-1.317056575566530228e+02 4.418898965232074261e+00 -7.572040734812617302e+00
-1.317217436134815216e+02 4.455017562024295330e+00 -8.528765855357050896e+00
-1.316733510643243790e+02 4.481393464840948582e+00 -9.503331122919917107e+00
-1.316436970233917236e+02 4.508805698715150356e+00 -1.056907993368804455e+01
-1.315735960453748703e+02 4.531709977425634861e+00 -1.167585617117583752e+01
-1.315367405712604523e+02 4.583390192128717899e+00 -1.268800979666411877e+01
-1.314868054538965225e+02 4.622737855650484562e+00 -1.373598605208098888e+01
-1.314725338220596313e+02 4.656776540912687778e+00 -1.478153163008391857e+01
-1.314355718344449997e+02 4.703228601254522800e+00 -1.570279997400939465e+01
-1.312739690244197845e+02 4.755002283491194248e+00 -1.670706254057586193e+01
-1.313181337565183640e+02 4.803583205677568913e+00 -1.767628013901412487e+01
-1.312679321467876434e+02 4.873771064914762974e+00 -1.871572470478713512e+01
-1.313048969656229019e+02 4.920789347030222416e+00 -1.964795702509582043e+01
-1.312905110120773315e+02 4.965611227788031101e+00 -2.057858639769256115e+01
-1.313242611736059189e+02 4.993386308662593365e+00 -2.154440575651824474e+01
-1.313496303856372833e+02 5.020104267634451389e+00 -2.260114031843841076e+01
-1.313125206381082535e+02 5.044929421506822109e+00 -2.370700198225677013e+01
-1.313001196384429932e+02 5.059955134056508541e+00 -2.480245798639953136e+01
-1.310474227666854858e+02 5.118382773362100124e+00 -2.579341000132262707e+01
-1.305934467315673828e+02 5.172255328856408596e+00 -2.670361435227096081e+01
-1.304534620493650436e+02 5.234032406471669674e+00 -2.766445493511855602e+01
-1.303731162548065186e+02 5.276100656948983669e+00 -2.855752408318221569e+01
-1.302948557585477829e+02 5.307878560386598110e+00 -2.957439064793288708e+01
-1.301430827975273132e+02 5.329026770778000355e+00 -3.064761304669082165e+01
-1.300869805067777634e+02 5.335773077793419361e+00 -3.168303715996444225e+01
-1.300389650464057922e+02 5.348843158222734928e+00 -3.273964428715407848e+01
-1.299798928350210190e+02 5.346935617737472057e+00 -3.380695652775466442e+01
-1.298668110370635986e+02 5.350933798588812351e+00 -3.476374649815261364e+01
-1.298477685898542404e+02 5.357232916168868542e+00 -3.585789787583053112e+01
-1.297593158781528473e+02 5.389547313563525677e+00 -3.692156898789107800e+01
-1.296874770671129227e+02 5.399743326939642429e+00 -3.801666283421218395e+01
-1.295564836859703064e+02 5.441133969463407993e+00 -3.914591145329177380e+01
-1.294357610493898392e+02 5.467482446692883968e+00 -4.022175097279250622e+01
-1.292082871496677399e+02 5.505706018768250942e+00 -4.136798989586532116e+01
-1.290797783881425858e+02 5.540950774215161800e+00 -4.238456857018172741e+01
-1.288752118349075317e+02 5.609399906359612942e+00 -4.341178965382277966e+01
-1.286720826774835587e+02 5.669011517427861691e+00 -4.456234192661941051e+01
-1.285774859189987183e+02 5.685200394131243229e+00 -4.571382951550185680e+01
-1.284347587078809738e+02 5.724081457592546940e+00 -4.676206290535628796e+01
-1.283087562620639801e+02 5.771396868862211704e+00 -4.775712775997817516e+01
-1.281833940595388412e+02 5.831065231002867222e+00 -4.871623909287154675e+01
-1.280629700720310211e+02 5.863478028215467930e+00 -4.967011916451156139e+01
-1.279223841279745102e+02 5.904641897417604923e+00 -5.053958821110427380e+01
-1.278534732758998871e+02 5.930862284265458584e+00 -5.144870185665786266e+01
-1.277796716839075089e+02 5.950920389033854008e+00 -5.235831868462264538e+01
-1.276787744462490082e+02 5.974390815012156963e+00 -5.327659076265990734e+01
-1.275434377044439316e+02 6.001266655512154102e+00 -5.420809966139495373e+01
-1.274299518764019012e+02 6.017109180800616741e+00 -5.513033985905349255e+01
-1.273213923722505569e+02 6.034086951054632664e+00 -5.602772640995681286e+01
-1.271953050196170807e+02 6.047989328391849995e+00 -5.696681898646056652e+01
-1.270445570498704910e+02 6.058783649466931820e+00 -5.789667635969817638e+01
-1.268646234273910522e+02 6.060050980187952518e+00 -5.881465560011565685e+01
-1.267064373940229416e+02 6.079313351772725582e+00 -5.988664442114531994e+01
-1.265404196083545685e+02 6.082525541074573994e+00 -6.093963151983916759e+01
-1.263386697024106979e+02 6.090085840784013271e+00 -6.191791754774749279e+01
-1.261712821424007416e+02 6.117649097926914692e+00 -6.281777733378112316e+01
-1.259291725605726242e+02 6.146043962799012661e+00 -6.381275564245879650e+01
-1.256462280005216599e+02 6.181227720342576504e+00 -6.487596326880156994e+01
-1.253538004606962204e+02 6.217864750884473324e+00 -6.600956648401916027e+01
-1.251171216666698456e+02 6.243387651629745960e+00 -6.708576696924865246e+01
-1.249687431007623672e+02 6.260426006279885769e+00 -6.803761976771056652e+01
-1.247886412143707275e+02 6.271695657633244991e+00 -6.900303345732390881e+01
-1.245641298741102219e+02 6.283758354373276234e+00 -6.995511477999389172e+01
-1.243852435946464539e+02 6.296528927050530910e+00 -7.085118287615478039e+01
-1.242008035629987717e+02 6.315308813937008381e+00 -7.176417189650237560e+01
-1.240252570211887360e+02 6.334994859062135220e+00 -7.269175052456557751e+01
-1.238366741091012955e+02 6.357801687903702259e+00 -7.362279552035033703e+01
-1.237058565020561218e+02 6.372782769612967968e+00 -7.451986056379973888e+01
-1.235745774954557419e+02 6.387779378332197666e+00 -7.541709285788238049e+01
-1.234275221228599548e+02 6.403444598428905010e+00 -7.635187870077788830e+01
-1.232148582190275192e+02 6.427301366813480854e+00 -7.734372597746551037e+01
-1.230007745921611786e+02 6.450427769683301449e+00 -7.831821769289672375e+01
-1.227913334220647812e+02 6.475557905621826649e+00 -7.928375541977584362e+01
-1.225807299315929413e+02 6.499708096496760845e+00 -8.023703443817794323e+01
-1.222866317927837372e+02 6.538392747752368450e+00 -8.124411809258162975e+01
-1.219022707045078278e+02 6.587903316132724285e+00 -8.239378440193831921e+01
-1.216141092479228973e+02 6.631470235995948315e+00 -8.357291304878890514e+01
-1.213209863603115082e+02 6.666474859230220318e+00 -8.468513023667037487e+01
-1.210727807730436325e+02 6.711977432481944561e+00 -8.570867109112441540e+01
-1.209165785014629364e+02 6.713647712953388691e+00 -8.674963986687362194e+01
-1.207297798544168472e+02 6.723441286943852901e+00 -8.771693366579711437e+01
-1.205030924975872040e+02 6.739828479476273060e+00 -8.874368840269744396e+01
-1.202637230604887009e+02 6.762065119110047817e+00 -8.977183276228606701e+01
-1.200488845109939575e+02 6.787171957083046436e+00 -9.080626469664275646e+01
-1.198205363899469376e+02 6.811989310197532177e+00 -9.182196861319243908e+01
-1.196174767911434174e+02 6.833607384003698826e+00 -9.277388399653136730e+01
-1.194585148543119431e+02 6.851305159740149975e+00 -9.368120574764907360e+01
-1.192497845292091370e+02 6.879735858179628849e+00 -9.464643215946853161e+01
-1.189885684251785278e+02 6.914437719620764256e+00 -9.566446864418685436e+01
-1.188036718517541885e+02 6.939962956123054028e+00 -9.662136566452682018e+01
-1.186946746706962585e+02 6.954530385322868824e+00 -9.760385262779891491e+01
-1.185575385540723801e+02 6.970542485825717449e+00 -9.859999155811965466e+01
-1.184179421961307526e+02 6.992247254587709904e+00 -9.959084796719253063e+01
-1.183154450505971909e+02 7.013924955390393734e+00 -1.005523463468998671e+02
-1.182081396877765656e+02 7.037191391922533512e+00 -1.015137840490788221e+02
-1.180841312259435654e+02 7.057111199013888836e+00 -1.024850099068135023e+02
-1.179407660663127899e+02 7.080115859396755695e+00 -1.034856380205601454e+02
-1.178094047456979752e+02 7.095167764462530613e+00 -1.044495469909161329e+02
-1.176577962934970856e+02 7.112155399285256863e+00 -1.053857043366879225e+02
-1.174862246364355087e+02 7.128596928901970387e+00 -1.063281352501362562e+02
-1.172982466220855713e+02 7.148940998129546642e+00 -1.072907866220921278e+02
-1.171590538173913956e+02 7.158295528031885624e+00 -1.081911206226795912e+02
-1.169441505372524261e+02 7.178084543906152248e+00 -1.091607093196362257e+02
-1.167904447764158249e+02 7.186454244889318943e+00 -1.100589477401226759e+02
-1.166013530492782593e+02 7.197284272871911526e+00 -1.109751793127506971e+02
-1.164142344146966934e+02 7.207073588855564594e+00 -1.119464020710438490e+02
-1.162307308614253998e+02 7.204518599435687065e+00 -1.129348136167973280e+02
-1.161019792407751083e+02 7.206708408892154694e+00 -1.139887415152043104e+02
-1.159694075286388397e+02 7.213705997914075851e+00 -1.149941283445805311e+02
-1.158289845138788223e+02 7.216305471956729889e+00 -1.159680968504399061e+02
-1.155764092355966568e+02 7.241156203672289848e+00 -1.168970542531460524e+02
-1.152696177512407303e+02 7.285048512741923332e+00 -1.179087052922695875e+02
-1.150745552182197571e+02 7.313219327479600906e+00 -1.189446507077664137e+02
-1.148955564945936203e+02 7.329952834174036980e+00 -1.198922541718930006e+02
-1.146478610932826996e+02 7.335044503211975098e+00 -1.207979835849255323e+02
-1.143101300895214081e+02 7.370834454894065857e+00 -1.218222103696316481e+02
-1.141343643814325333e+02 7.391768341884016991e+00 -1.227679966669529676e+02
-1.139650242328643799e+02 7.393979229032993317e+00 -1.235958305578678846e+02
-1.137775498479604721e+02 7.391668573021888733e+00 -1.243507562857121229e+02
-1.135117004960775375e+02 7.393550490960478783e+00 -1.251697633247822523e+02
-1.132001481503248215e+02 7.282937137410044670e+00 -1.261045042853802443e+02
-1.128604828566312790e+02 7.265473965555429459e+00 -1.268405263405293226e+02
-1.125481834858655930e+02 7.262911412864923477e+00 -1.274737752657383680e+02
-1.122435430139303207e+02 7.277160514146089554e+00 -1.282311170678585768e+02
-1.118999013155698776e+02 7.273345844820141792e+00 -1.289806201439350843e+02
-1.115411038249731064e+02 7.251489298418164253e+00 -1.297552515845745802e+02
-1.110977985709905624e+02 7.259336002171039581e+00 -1.305682116132229567e+02
-1.105388411134481430e+02 7.278086734935641289e+00 -1.314782532434910536e+02
-1.100788708180189133e+02 7.270815286785364151e+00 -1.322609294038265944e+02
-1.096333095282316208e+02 7.273429000750184059e+00 -1.330117982607334852e+02
-1.090943845957517624e+02 7.294710025191307068e+00 -1.338414527755230665e+02
-1.085935843437910080e+02 7.301963509991765022e+00 -1.346340745072811842e+02
-1.080290726870298386e+02 7.300816874951124191e+00 -1.353679205756634474e+02
-1.072298269718885422e+02 7.320551948621869087e+00 -1.360108731370419264e+02
-1.066083021610975266e+02 7.315482161939144135e+00 -1.366194906812161207e+02
-1.059875528067350388e+02 7.308959623798727989e+00 -1.371165885310620070e+02
-1.053021901696920395e+02 7.283984534442424774e+00 -1.376973431687802076e+02
-1.047276125997304916e+02 7.282580010592937469e+00 -1.380909840147942305e+02
-1.041533403247594833e+02 7.270999907515943050e+00 -1.384255105536431074e+02
-1.033630977123975754e+02 7.236810571514070034e+00 -1.386907674949616194e+02
-1.027782828658819199e+02 7.227254165336489677e+00 -1.390284306090325117e+02
-1.021147423237562180e+02 7.217922132462263107e+00 -1.393064869325608015e+02
-1.015773458927869797e+02 7.211717346683144569e+00 -1.394827488344162703e+02
-1.007208925932645798e+02 7.206248171627521515e+00 -1.396924757640808821e+02
-9.985122852027416229e+01 7.185539087280631065e+00 -1.397307682614773512e+02
-9.895244549214839935e+01 7.172210205346345901e+00 -1.397325589619576931e+02
-9.802839867770671844e+01 7.154340745881199837e+00 -1.398236167691648006e+02
-9.714010487496852875e+01 7.142435312271118164e+00 -1.399481797777116299e+02
-9.633061568439006805e+01 7.135529374703764915e+00 -1.400555735789239407e+02
-9.547737304866313934e+01 7.120155939832329750e+00 -1.400910592041909695e+02
-9.473926119506359100e+01 7.110415676608681679e+00 -1.401411417089402676e+02
-9.388907562196254730e+01 7.105046350508928299e+00 -1.401983519755303860e+02
-9.306044076383113861e+01 7.109724903479218483e+00 -1.402528552971780300e+02
-9.234405730664730072e+01 7.121773533523082733e+00 -1.403146945200860500e+02
-9.148421464860439301e+01 7.141099480912089348e+00 -1.403594750128686428e+02
-9.061888752877712250e+01 7.172515695914626122e+00 -1.404558852873742580e+02
-9.000008819997310638e+01 7.199776086956262589e+00 -1.404843674842268229e+02
-8.933883450925350189e+01 7.220547037199139595e+00 -1.405086300894618034e+02
-8.859174911677837372e+01 7.240314662456512451e+00 -1.405943401977419853e+02
-8.783067278563976288e+01 7.260602286085486412e+00 -1.406624061986804008e+02
-8.709963206946849823e+01 7.283872917294502258e+00 -1.407029590532183647e+02
-8.643444184958934784e+01 7.299307538196444511e+00 -1.407329912688583136e+02
-8.572716163098812103e+01 7.316075727343559265e+00 -1.408093110229820013e+02
-8.507074712216854095e+01 7.317222023382782936e+00 -1.408412318136543036e+02
-8.439880083501338959e+01 7.345565348863601685e+00 -1.408749278094619513e+02
-8.363124077022075653e+01 7.356019271537661552e+00 -1.408842315562069416e+02
-8.288126645982265472e+01 7.360520977526903152e+00 -1.408450188525021076e+02
-8.219189845025539398e+01 7.364046772941946983e+00 -1.407734746821224689e+02
-8.148504899442195892e+01 7.361926112323999405e+00 -1.407414625771343708e+02
-8.077767692506313324e+01 7.359704496338963509e+00 -1.407132500875741243e+02
-8.006484793126583099e+01 7.354826755821704865e+00 -1.406862546652555466e+02
-7.938801501691341400e+01 7.356098575517535210e+00 -1.406830818485468626e+02
-7.891315440833568573e+01 7.352070517838001251e+00 -1.406561329178512096e+02
-7.826268224418163300e+01 7.341871989890933037e+00 -1.406167339496314526e+02
-7.755949245393276215e+01 7.333687271922826767e+00 -1.405988588128238916e+02
-7.693282537162303925e+01 7.323571139946579933e+00 -1.405520598683506250e+02
-7.622086410224437714e+01 7.317795203998684883e+00 -1.404360224995762110e+02
-7.549961356818675995e+01 7.325954973697662354e+00 -1.403827559743076563e+02
-7.485540156066417694e+01 7.321131108328700066e+00 -1.403610254302620888e+02
-7.421889619529247284e+01 7.324368212372064590e+00 -1.403503829594701529e+02
-7.354668043553829193e+01 7.314152447506785393e+00 -1.403211998082697392e+02
-7.286300240457057953e+01 7.310331191867589951e+00 -1.403173768240958452e+02
-7.203797422349452972e+01 7.311217742040753365e+00 -1.403070164024829865e+02
-7.134559272229671478e+01 7.304459393024444580e+00 -1.402583413422107697e+02
-7.057341556251049042e+01 7.304352125152945518e+00 -1.402180552780628204e+02
-6.974083863198757172e+01 7.297559890896081924e+00 -1.401746952235698700e+02
-6.903329657018184662e+01 7.280154483392834663e+00 -1.401674865763634443e+02
-6.838071702420711517e+01 7.258074745535850525e+00 -1.401705397032201290e+02
-6.769092343747615814e+01 7.239669939503073692e+00 -1.401418025139719248e+02
-6.686474983394145966e+01 7.228333357721567154e+00 -1.401983625534921885e+02
-6.606452028453350067e+01 7.200487110763788223e+00 -1.402474219445139170e+02
-6.512582539021968842e+01 7.173896351829171181e+00 -1.401965964082628489e+02
-6.420086811482906342e+01 7.147181175649166107e+00 -1.401300443056970835e+02
-6.338677982985973358e+01 7.131233623251318932e+00 -1.400462661627680063e+02
-6.265649710595607758e+01 7.114079158753156662e+00 -1.399899380449205637e+02
-6.180440388619899750e+01 7.081618782132863998e+00 -1.399476347211748362e+02
-6.094963584840297699e+01 7.044345941394567490e+00 -1.399048090223222971e+02
-6.011657319962978363e+01 7.020187394693493843e+00 -1.399107245430350304e+02
-5.941920410096645355e+01 7.011996127665042877e+00 -1.399191015567630529e+02
-5.865432618558406830e+01 7.001519611105322838e+00 -1.399267425127327442e+02
-5.789768497645854950e+01 7.005094096064567566e+00 -1.398922496624290943e+02
-5.718024449050426483e+01 7.004272147081792355e+00 -1.398760417867451906e+02
-5.629313783347606659e+01 6.998923619277775288e+00 -1.398125413227826357e+02
-5.538135056197643280e+01 7.001022971235215664e+00 -1.397549022007733583e+02
-5.448930136859416962e+01 7.000556671060621738e+00 -1.396952631045132875e+02
-5.360536740720272064e+01 6.988899908028542995e+00 -1.396572345066815615e+02
-5.269107823073863983e+01 6.971142922528088093e+00 -1.396160715389996767e+02
-5.189885805547237396e+01 6.965842443518340588e+00 -1.396102314740419388e+02
-5.117216937243938446e+01 6.959227898158133030e+00 -1.396526505500078201e+02
-5.042627041041851044e+01 6.966064213775098324e+00 -1.397019438296556473e+02
-4.975504885613918304e+01 6.963218615390360355e+00 -1.397689808756113052e+02
-4.908967946469783783e+01 6.957216798327863216e+00 -1.398355705887079239e+02
-4.842913608253002167e+01 6.950201206840574741e+00 -1.399109899550676346e+02
-4.770392934978008270e+01 6.953857558779418468e+00 -1.399824631363153458e+02
-4.693029974400997162e+01 6.949671260081231594e+00 -1.400180972963571548e+02
-4.619827060401439667e+01 6.935262885875999928e+00 -1.400380469094961882e+02
-4.556691716611385345e+01 6.923891215585172176e+00 -1.400618516914546490e+02
-4.483790861070156097e+01 6.915185377933084965e+00 -1.400606420729309320e+02
-4.404121600091457367e+01 6.911495192907750607e+00 -1.400522728636860847e+02
-4.319292794167995453e+01 6.910775979049503803e+00 -1.400787948425859213e+02
-4.226415108144283295e+01 6.903883791528642178e+00 -1.400738045014441013e+02
-4.148307614028453827e+01 6.903673754073679447e+00 -1.400872504133731127e+02
-4.067966936528682709e+01 6.904059178195893764e+00 -1.401413421053439379e+02
-3.990018527209758759e+01 6.911685825325548649e+00 -1.402069841641932726e+02
-3.904110585153102875e+01 6.915050244890153408e+00 -1.402269494533538818e+02
-3.812380938231945038e+01 6.901863810606300831e+00 -1.402196149807423353e+02
-3.727302806079387665e+01 6.890768188051879406e+00 -1.402044030390679836e+02
-3.644542507827281952e+01 6.884424307383596897e+00 -1.402358728609979153e+02
-3.572650609910488129e+01 6.881558558903634548e+00 -1.402844649516046047e+02
-3.490075318515300751e+01 6.890797329135239124e+00 -1.403583843074738979e+02
-3.409048847854137421e+01 6.901103013195097446e+00 -1.404321675859391689e+02
-3.320969991385936737e+01 6.891204222105443478e+00 -1.404754622541368008e+02
-3.233339153230190277e+01 6.879941356368362904e+00 -1.404970393124967813e+02
-3.142488382756710052e+01 6.872827759943902493e+00 -1.405262181684374809e+02
-3.055868498980998993e+01 6.869425793178379536e+00 -1.405633616372942924e+02
-2.973674933612346649e+01 6.869869432412087917e+00 -1.406596381589770317e+02
-2.884034942090511322e+01 6.863782544620335102e+00 -1.406349697019904852e+02
-2.791551040112972260e+01 6.859245638363063335e+00 -1.405736590530723333e+02
-2.694122187793254852e+01 6.856235259212553501e+00 -1.405530899651348591e+02
-2.594604317843914032e+01 6.862298893742263317e+00 -1.405332184899598360e+02
-2.497891829907894135e+01 6.875951359979808331e+00 -1.405200456231832504e+02
-2.405232124030590057e+01 6.882133909501135349e+00 -1.405259243082255125e+02
-2.321513764560222626e+01 6.862533881328999996e+00 -1.404932212661951780e+02
-2.246481619775295258e+01 6.861349434591829777e+00 -1.405413709115236998e+02
-2.168793652951717377e+01 6.850225976668298244e+00 -1.405371935777366161e+02
-2.096600310504436493e+01 6.842632356099784374e+00 -1.405980832986533642e+02
-2.025598840415477753e+01 6.833754749037325382e+00 -1.406184048447757959e+02
-1.953930585086345673e+01 6.827989156357944012e+00 -1.406287784352898598e+02
-1.870333974063396454e+01 6.816672638989984989e+00 -1.406053890343755484e+02
-1.798625652492046356e+01 6.818396379239857197e+00 -1.406136237718164921e+02
-1.725069998204708099e+01 6.826519460417330265e+00 -1.406089333612471819e+02
-1.657057599723339081e+01 6.817509014159440994e+00 -1.405429637152701616e+02
-1.576827780902385712e+01 6.799872277304530144e+00 -1.404593445975333452e+02
-1.497872786223888397e+01 6.768663447350263596e+00 -1.404313284456729889e+02
-1.419608049094676971e+01 6.745357202365994453e+00 -1.404034481327980757e+02
-1.335158787667751312e+01 6.715854994952678680e+00 -1.403870723508298397e+02
-1.234356711804866791e+01 6.656957134604454041e+00 -1.402222160957753658e+02
-1.132758735120296478e+01 6.621523924171924591e+00 -1.400774754546582699e+02
-1.062992678582668304e+01 6.602091407403349876e+00 -1.400501449946314096e+02
-9.943656966090202332e+00 6.582798073068261147e+00 -1.399612730387598276e+02
-9.176670953631401062e+00 6.558156080543994904e+00 -1.399116047862917185e+02
-8.354204937815666199e+00 6.519835084676742554e+00 -1.397935896757990122e+02
-7.723085090517997742e+00 6.493370020762085915e+00 -1.396627944353967905e+02
-6.955139145255088806e+00 6.461719954386353493e+00 -1.395232702139765024e+02
-6.220040723681449890e+00 6.429159058257937431e+00 -1.393634071890264750e+02
-5.778319582343101501e+00 6.408233292400836945e+00 -1.392203498724848032e+02
-5.395538613200187683e+00 6.384474091231822968e+00 -1.391117519382387400e+02
-4.866825506091117859e+00 6.360928868874907494e+00 -1.390520877484232187e+02
-4.293981656432151794e+00 6.348216760903596878e+00 -1.389911128524690866e+02
-3.756173297762870789e+00 6.338370585814118385e+00 -1.388875319007784128e+02
-3.106015905737876892e+00 6.338345207273960114e+00 -1.388005839232355356e+02
-2.466257914900779724e+00 6.326083367690443993e+00 -1.387150177601724863e+02
-1.825898751616477966e+00 6.325136493891477585e+00 -1.386217459682375193e+02
-1.207984074950218201e+00 6.317756796255707741e+00 -1.385072759632021189e+02
-4.905172437429428101e-01 6.299294412136077881e+00 -1.383508304003626108e+02
1.247931867837904774e-01 6.298627955839037895e+00 -1.381626846138387918e+02
6.717595607042311512e-01 6.292540062218904495e+00 -1.379369047228246927e+02
1.280185535550117493e+00 6.284667463973164558e+00 -1.376858309153467417e+02
1.807821884751319885e+00 6.267217874526977539e+00 -1.374378675464540720e+02
2.409567430615425110e+00 6.248606702312827110e+00 -1.372044428829103708e+02
2.968653514981269836e+00 6.234194841235876083e+00 -1.369415253046900034e+02
3.513768866658210754e+00 6.218039648607373238e+00 -1.366176216248422861e+02
4.018731907010078430e+00 6.206931844353675842e+00 -1.361824006680399179e+02
4.556616023182868958e+00 6.188576398417353630e+00 -1.356462433580309153e+02
4.976479426026344299e+00 6.188751187175512314e+00 -1.352364358846098185e+02
5.460795953869819641e+00 6.184354135766625404e+00 -1.347048163358122110e+02
6.005806639790534973e+00 6.174170702695846558e+00 -1.340365202967077494e+02
6.646807447075843811e+00 6.121805928647518158e+00 -1.331755502764135599e+02
7.149070635437965393e+00 6.112741084769368172e+00 -1.325431981626898050e+02
7.551714852452278137e+00 6.112769685685634613e+00 -1.319545279685407877e+02
7.949758961796760559e+00 6.109214663505554199e+00 -1.313654857818037271e+02
8.334123983979225159e+00 6.101869510486721992e+00 -1.308098261300474405e+02
8.736016109585762024e+00 6.030092315748333931e+00 -1.300837275926023722e+02
9.075107172131538391e+00 5.974304633215069771e+00 -1.291594659034162760e+02
9.306988000869750977e+00 5.968766232952475548e+00 -1.282199974004179239e+02
9.553621485829353333e+00 5.947886072099208832e+00 -1.272631184998899698e+02
9.778023779392242432e+00 5.940114781260490417e+00 -1.263465760890394449e+02
9.960432574152946472e+00 5.925495797768235207e+00 -1.255126441661268473e+02
1.010662661492824554e+01 5.887773597612977028e+00 -1.244929515067487955e+02
1.023373427987098694e+01 5.885841294191777706e+00 -1.235754501167684793e+02
1.036135534942150116e+01 5.847067690454423428e+00 -1.225757701937109232e+02
1.043943500518798828e+01 5.845480196177959442e+00 -1.216275286618620157e+02
1.056156982481479645e+01 5.853100376203656197e+00 -1.205514134112745523e+02
1.063612762093544006e+01 5.816487262025475502e+00 -1.195042517129331827e+02
1.078454320132732391e+01 5.787509150803089142e+00 -1.184419066850095987e+02
1.087312391400337219e+01 5.740329809486865997e+00 -1.173529616538435221e+02
1.094093994796276093e+01 5.721780894324183464e+00 -1.163333284799009562e+02
1.101821339130401611e+01 5.682139037176966667e+00 -1.152857714835554361e+02
1.100303582847118378e+01 5.667402524501085281e+00 -1.142612646762281656e+02
1.101427012681961060e+01 5.662130853161215782e+00 -1.132866868916898966e+02
1.101782755553722382e+01 5.652934145182371140e+00 -1.123787630144506693e+02
1.098406225442886353e+01 5.646502869203686714e+00 -1.114705709759145975e+02
1.096347291767597198e+01 5.636107299476861954e+00 -1.104227489773184061e+02
1.091872009634971619e+01 5.633661894127726555e+00 -1.094778167549520731e+02
1.088875982165336609e+01 5.630347978323698044e+00 -1.084843888226896524e+02
1.086388592422008514e+01 5.613965628668665886e+00 -1.074900387469679117e+02
1.081864139437675476e+01 5.592835731804370880e+00 -1.064680319968611002e+02
1.078619076311588287e+01 5.564639279618859291e+00 -1.054074319545179605e+02
1.073948428034782410e+01 5.538872491568326950e+00 -1.043675050679594278e+02
1.068572713434696198e+01 5.504564128816127777e+00 -1.033226535264402628e+02
1.061068761348724365e+01 5.476759374141693115e+00 -1.022304717246443033e+02
1.056934995949268341e+01 5.452374972403049469e+00 -1.011290219966322184e+02
1.050727373361587524e+01 5.438482876867055893e+00 -9.998606502451002598e+01
1.042632682621479034e+01 5.421465374529361725e+00 -9.892357813753187656e+01
1.036798405647277832e+01 5.414112273603677750e+00 -9.783212267793715000e+01
1.029726697504520416e+01 5.398575259372591972e+00 -9.672580468095839024e+01
1.023430073261260986e+01 5.375297434628009796e+00 -9.554969441331923008e+01
1.018211357295513153e+01 5.355257509276270866e+00 -9.435488366521894932e+01
1.014268019795417786e+01 5.334146682173013687e+00 -9.316663240827620029e+01
1.008995912969112396e+01 5.316499060019850731e+00 -9.199784707464277744e+01
1.003454062342643738e+01 5.301615308970212936e+00 -9.083380722440779209e+01
9.931680843234062195e+00 5.293157005682587624e+00 -8.971382045187056065e+01
9.841978907585144043e+00 5.276335991919040680e+00 -8.858273696340620518e+01
9.774477705359458923e+00 5.258903903886675835e+00 -8.746344172395765781e+01
9.716389596462249756e+00 5.243741549551486969e+00 -8.634227823652327061e+01
9.665892168879508972e+00 5.230975007638335228e+00 -8.521740328706800938e+01
9.612195789813995361e+00 5.222039137035608292e+00 -8.407874750532209873e+01
9.558563813567161560e+00 5.204922640696167946e+00 -8.295865392126142979e+01
9.516564518213272095e+00 5.190805908292531967e+00 -8.182825457490980625e+01
9.478924706578254700e+00 5.177258266136050224e+00 -8.068031238950788975e+01
9.444917023181915283e+00 5.162359278649091721e+00 -7.958469557203352451e+01
9.398054167628288269e+00 5.148856327868998051e+00 -7.844018148817121983e+01
9.347508072853088379e+00 5.134555238299071789e+00 -7.731282913126051426e+01
9.306463554501533508e+00 5.121108460240066051e+00 -7.613878452219069004e+01
9.285227119922637939e+00 5.106311009265482426e+00 -7.496482943929731846e+01
9.262580797076225281e+00 5.090436351485550404e+00 -7.382259082235395908e+01
9.257963448762893677e+00 5.078929000534117222e+00 -7.275877427496016026e+01
9.257127866148948669e+00 5.057407855056226254e+00 -7.167788564600050449e+01
9.236841261386871338e+00 5.033004588447511196e+00 -7.057656680978834629e+01
9.231650784611701965e+00 5.024504664354026318e+00 -6.958621477521955967e+01
9.199113488197326660e+00 5.019632715731859207e+00 -6.867524682916700840e+01
9.176745191216468811e+00 5.006631129421293736e+00 -6.770269441045820713e+01
9.129263997077941895e+00 4.992761691100895405e+00 -6.672460841573774815e+01
9.101471349596977234e+00 4.980333400890231133e+00 -6.574634760059416294e+01
9.074195265769958496e+00 4.971523584797978401e+00 -6.472795956768095493e+01
9.000129833817481995e+00 4.968386791646480560e+00 -6.364806979335844517e+01
8.936546981334686279e+00 4.959755159914493561e+00 -6.262289541400969028e+01
8.872731998562812805e+00 4.950442753732204437e+00 -6.155351918376982212e+01
8.834795296192169189e+00 4.931079128757119179e+00 -6.054250591434538364e+01
8.807448908686637878e+00 4.911654019728302956e+00 -5.950416796840727329e+01
8.764702558517456055e+00 4.893989074975252151e+00 -5.845679979957640171e+01
8.718701854348182678e+00 4.875883599743247032e+00 -5.734397905506193638e+01
8.666616976261138916e+00 4.864190213382244110e+00 -5.626260572113096714e+01
8.624041721224784851e+00 4.851969710551202297e+00 -5.522304337657988071e+01
8.563349962234497070e+00 4.835970318876206875e+00 -5.413819187320768833e+01
8.512025550007820129e+00 4.815260832197964191e+00 -5.301094930805265903e+01
8.465839833021163940e+00 4.789766623638570309e+00 -5.195772379077970982e+01
8.437715634703636169e+00 4.764757546596229076e+00 -5.091333513893187046e+01
8.426173120737075806e+00 4.746606918983161449e+00 -4.985830598510801792e+01
8.427459821105003357e+00 4.738552744500339031e+00 -4.886687844432890415e+01
8.395949065685272217e+00 4.726212186738848686e+00 -4.783727210201323032e+01
8.375179067254066467e+00 4.711819595657289028e+00 -4.677579944767057896e+01
8.370373934507369995e+00 4.705456108786165714e+00 -4.576564913429319859e+01
8.346618935465812683e+00 4.690111514180898666e+00 -4.473886447586119175e+01
8.328935325145721436e+00 4.677449125796556473e+00 -4.371320217289030552e+01
8.321178004145622253e+00 4.664168737828731537e+00 -4.268345683254301548e+01
8.344336152076721191e+00 4.649621427059173584e+00 -4.161006014980375767e+01
8.362053528428077698e+00 4.637134918943047523e+00 -4.045074659027159214e+01
8.359822511672973633e+00 4.618633113801479340e+00 -3.935413413681089878e+01
8.350088849663734436e+00 4.596466876566410065e+00 -3.818996816314756870e+01
8.331102162599563599e+00 4.567868089303374290e+00 -3.706348841823637486e+01
8.282009407877922058e+00 4.534862628206610680e+00 -3.594066005386412144e+01
8.226930618286132812e+00 4.509302046149969101e+00 -3.485589068569242954e+01
8.177260503172874451e+00 4.487665060907602310e+00 -3.374588733352720737e+01
8.160505592823028564e+00 4.468474786728620529e+00 -3.263530724681913853e+01
8.146361336112022400e+00 4.443143181502819061e+00 -3.151921539939939976e+01
8.119099706411361694e+00 4.422845887020230293e+00 -3.040062850154936314e+01
8.102828249335289001e+00 4.402185332030057907e+00 -2.925211017765104771e+01
8.055885732173919678e+00 4.388296091929078102e+00 -2.803981142677366734e+01
7.989863112568855286e+00 4.375832408666610718e+00 -2.686845975555479527e+01
7.955192029476165771e+00 4.355813721194863319e+00 -2.579069679416716099e+01
7.897924616932868958e+00 4.332075096666812897e+00 -2.479472737945616245e+01
7.851831704378128052e+00 4.305521367117762566e+00 -2.381907003559172153e+01
7.805924937129020691e+00 4.274899806827306747e+00 -2.278767042793333530e+01
7.774489283561706543e+00 4.253641774877905846e+00 -2.179519271291792393e+01
7.739590838551521301e+00 4.229367237538099289e+00 -2.077991067804396152e+01
7.694208800792694092e+00 4.205131513997912407e+00 -1.974803459085524082e+01
7.650904610753059387e+00 4.180955745279788971e+00 -1.867979061044752598e+01
7.609125643968582153e+00 4.157816683873534203e+00 -1.761566996015608311e+01
7.525526508688926697e+00 4.134570181369781494e+00 -1.646972774900496006e+01
7.411214798688888550e+00 4.114581273868680000e+00 -1.530246090330183506e+01
7.297875657677650452e+00 4.088994756340980530e+00 -1.411965560354292393e+01
7.218448430299758911e+00 4.076218539848923683e+00 -1.294348191656172276e+01
7.192630931735038757e+00 4.063339533284306526e+00 -1.177187156118452549e+01
7.135935336351394653e+00 4.060984423384070396e+00 -1.057972120679914951e+01
7.078268453478813171e+00 4.062554068863391876e+00 -9.412030929699540138e+00
7.082464754581451416e+00 4.053105691447854042e+00 -8.191681260243058205e+00
7.037467166781425476e+00 4.046568093821406364e+00 -6.987563246861100197e+00
6.971613198518753052e+00 4.041220305487513542e+00 -5.779264682903885841e+00
6.867320522665977478e+00 4.032732161693274975e+00 -4.549377197399735451e+00
6.747818350791931152e+00 4.022965377196669579e+00 -3.336541170254350153e+00
6.638973519206047058e+00 4.014814653433859348e+00 -2.180209988728166071e+00
6.504768013954162598e+00 4.015262999571859837e+00 -9.957153741270308167e-01
6.335611477494239807e+00 4.017973481677472591e+00 1.970399674028153747e-01
6.178171306848526001e+00 4.015972164459526539e+00 1.359474783763289008e+00
6.049968197941780090e+00 4.014348001219332218e+00 2.526019698008894476e+00
5.923061817884445190e+00 4.017921117134392262e+00 3.708729391917585883e+00
5.807982072234153748e+00 4.020766665227711201e+00 4.914325242862105370e+00
5.666225463151931763e+00 4.023461612872779369e+00 6.134364491328597069e+00
5.527323588728904724e+00 4.022893629036843777e+00 7.344565873965620995e+00
5.395038247108459473e+00 4.025340787135064602e+00 8.527938967570662498e+00
5.300580099225044250e+00 4.028888438828289509e+00 9.675587421283125877e+00
5.192121028900146484e+00 4.029030236415565014e+00 1.083433235250413418e+01
5.079661384224891663e+00 4.035463825799524784e+00 1.197622716985642910e+01
4.969868123531341553e+00 4.043086229823529720e+00 1.313016188703477383e+01
4.864673599600791931e+00 4.049541884101927280e+00 1.429501760564744473e+01
4.720629274845123291e+00 4.061123236082494259e+00 1.545279193483293056e+01
4.585444048047065735e+00 4.068794087506830692e+00 1.661553729139268398e+01
4.485729575157165527e+00 4.077799255959689617e+00 1.777762795053422451e+01
4.408355280756950378e+00 4.081054066307842731e+00 1.891825903020799160e+01
4.377992302179336548e+00 4.089952784590423107e+00 2.014505100809037685e+01
4.353185400366783142e+00 4.091059521771967411e+00 2.134645581804215908e+01
4.317396223545074463e+00 4.086832831613719463e+00 2.256587184034287930e+01
4.304027602076530457e+00 4.087412075139582157e+00 2.380793357454240322e+01
4.275512516498565674e+00 4.086443572305142879e+00 2.506774914823472500e+01
4.204911872744560242e+00 4.084458169527351856e+00 2.625811863504350185e+01
4.136749774217605591e+00 4.079334753565490246e+00 2.744626856409013271e+01
4.081256076693534851e+00 4.075182293541729450e+00 2.863242555223405361e+01
4.026828408241271973e+00 4.066687981598079205e+00 2.978504968248307705e+01
3.980663374066352844e+00 4.062451333738863468e+00 3.094202244840562344e+01
3.925138175487518311e+00 4.056251051835715771e+00 3.214001119695603848e+01
3.885497972369194031e+00 4.053370998241007328e+00 3.327384138666093349e+01
3.868526339530944824e+00 4.053683063946664333e+00 3.437827241979539394e+01
3.862630590796470642e+00 4.051040665246546268e+00 3.552762401662766933e+01
3.852212697267532349e+00 4.049438103102147579e+00 3.669850493036210537e+01
3.848008021712303162e+00 4.047828135080635548e+00 3.786054397188127041e+01
3.865769654512405396e+00 4.046355060301721096e+00 3.900985646806657314e+01
3.898975312709808350e+00 4.040086430497467518e+00 4.008475268445909023e+01
3.937919944524765015e+00 4.025029967539012432e+00 4.117606556974351406e+01
3.956426486372947693e+00 3.999935147352516651e+00 4.227049029432237148e+01
3.965602070093154907e+00 3.981614735908806324e+00 4.341874981485307217e+01
3.978639289736747742e+00 3.952721840701997280e+00 4.461720514856278896e+01
3.957450956106185913e+00 3.920430815778672695e+00 4.578904784284532070e+01
3.943856492638587952e+00 3.896880042739212513e+00 4.698763442598283291e+01
3.929537862539291382e+00 3.880835591815412045e+00 4.814497984014451504e+01
3.865582391619682312e+00 3.858791251666843891e+00 4.922413635812699795e+01
3.779310792684555054e+00 3.840685869567096233e+00 5.030281460843980312e+01
3.657695308327674866e+00 3.818154827691614628e+00 5.134036112390458584e+01
3.523687958717346191e+00 3.799775815568864346e+00 5.242021704278886318e+01
3.369839593768119812e+00 3.786957507021725178e+00 5.345633054338395596e+01
3.188914448022842407e+00 3.766096404753625393e+00 5.444432241283357143e+01
2.982234522700309753e+00 3.751206059940159321e+00 5.541073465906083584e+01
2.820450514554977417e+00 3.752495835535228252e+00 5.642454493604600430e+01
2.649936333298683167e+00 3.754745394922792912e+00 5.743825138173997402e+01
2.477744817733764648e+00 3.747939086519181728e+00 5.846077609620988369e+01
2.318019106984138489e+00 3.732837532646954060e+00 5.946993589960038662e+01
2.220898181200027466e+00 3.721071592532098293e+00 6.038653183542191982e+01
2.134795263409614563e+00 3.703140293247997761e+00 6.126708281598985195e+01
2.047609031200408936e+00 3.695360953919589520e+00 6.219931901060044765e+01
2.008486583828926086e+00 3.683653694577515125e+00 6.306760812364518642e+01
1.918126374483108521e+00 3.671508370898663998e+00 6.395335835777223110e+01
1.810922071337699890e+00 3.653489721007645130e+00 6.489937192760407925e+01
1.726043730974197388e+00 3.641715134494006634e+00 6.580925566516816616e+01
1.637784376740455627e+00 3.628030777908861637e+00 6.669506997428834438e+01
1.553324401378631592e+00 3.613012063317000866e+00 6.757893354259431362e+01
1.469925597310066223e+00 3.597141842357814312e+00 6.842218095622956753e+01
1.373042702674865723e+00 3.580273815430700779e+00 6.929118270240724087e+01
1.284326359629631042e+00 3.568212683312594891e+00 7.023589516244828701e+01
1.191840946674346924e+00 3.553465311415493488e+00 7.115718281827867031e+01
1.113605663180351257e+00 3.539616967551410198e+00 7.210791743360459805e+01
1.015623807907104492e+00 3.528113872744143009e+00 7.305662292800843716e+01
9.173966497182846069e-01 3.516638631932437420e+00 7.400508308969438076e+01
