-3.835037350654602051e-03 -3.945792093873023987e-03 1.019248008728027344e+00
-5.135476589202880859e-03 6.537567824125289917e-04 1.051804184913635254e+00
1.159009337425231934e-02 9.930040687322616577e-04 1.038525104522705078e+00
2.258484065532684326e-02 9.298156946897506714e-04 1.030899763107299805e+00
8.231267333030700684e-03 1.551764085888862610e-03 1.049965858459472656e+00
7.069841027259826660e-03 5.524972453713417053e-03 1.107612013816833496e+00
-2.249367535114288330e-02 6.076153367757797241e-03 1.142518877983093262e+00
-5.335831642150878906e-02 5.689712241291999817e-03 1.127855539321899414e+00
-7.637022435665130615e-02 1.246383413672447205e-03 1.111010909080505371e+00
-1.228475719690322876e-01 8.521944284439086914e-03 9.972347021102905273e-01
-1.228947490453720093e-01 8.967334404587745667e-03 1.023385405540466309e+00
-1.663890630006790161e-01 7.866285741329193115e-04 1.017335057258605957e+00
-1.687220782041549683e-01 -7.834117859601974487e-04 9.558331370353698730e-01
-2.305709272623062134e-01 -3.377849236130714417e-03 9.961639046669006348e-01
-2.481643408536911011e-01 -3.570994362235069275e-03 9.843595623970031738e-01
-2.711807489395141602e-01 -5.560407415032386780e-03 9.407822489738464355e-01
-3.118743300437927246e-01 2.779905311763286591e-02 1.093858242034912109e+00
-2.916701436042785645e-01 -8.091421797871589661e-03 1.117347717285156250e+00
-3.430575132369995117e-01 -1.361392624676227570e-02 1.102195858955383301e+00
-3.835184574127197266e-01 -4.126164317131042480e-02 9.881145954132080078e-01
-4.298057556152343750e-01 -3.935005515813827515e-02 9.686098098754882812e-01
-4.783834815025329590e-01 -2.548962272703647614e-02 8.604868650436401367e-01
-5.355086326599121094e-01 -3.851807862520217896e-02 8.010065555572509766e-01
-5.920634865760803223e-01 -1.443888433277606964e-02 7.592476010322570801e-01
-5.317453742027282715e-01 9.388383477926254272e-04 6.841995120048522949e-01
-5.337108969688415527e-01 5.082929506897926331e-03 7.396513223648071289e-01
-4.522971510887145996e-01 -3.935990855097770691e-03 6.164822578430175781e-01
-3.816998600959777832e-01 3.391886129975318909e-03 4.014301300048828125e-01
-4.811856746673583984e-01 3.551393747329711914e-03 5.002642869949340820e-01
-4.407801628112792969e-01 7.185516878962516785e-03 5.169323086738586426e-01
-4.202359914779663086e-01 1.149167679250240326e-02 4.178897142410278320e-01
-3.685778975486755371e-01 8.834490552544593811e-03 2.019787430763244629e-01
-4.480288028717041016e-01 1.675305329263210297e-02 2.171990871429443359e-01
-5.341145992279052734e-01 1.495706103742122650e-02 1.224409043788909912e-01
-5.993293523788452148e-01 1.670362986624240875e-02 9.339934587478637695e-02
-7.072056531906127930e-01 2.230401895940303802e-02 2.234584279358386993e-02
-6.109917759895324707e-01 4.113215953111648560e-02 -5.253283306956291199e-03
-6.215347647666931152e-01 5.176915228366851807e-02 8.110851049423217773e-02
-5.850920677185058594e-01 5.551378428936004639e-02 4.264625906944274902e-02
-5.989549756050109863e-01 2.800973318517208099e-02 1.572665758430957794e-02
-5.934895277023315430e-01 2.072031237185001373e-02 -6.416527554392814636e-03
-5.530762672424316406e-01 1.807121001183986664e-02 4.082867503166198730e-02
-6.599398851394653320e-01 3.856270015239715576e-02 1.451969332993030548e-02
-6.171703338623046875e-01 2.528164349496364594e-02 3.741355612874031067e-03
-5.838280916213989258e-01 2.067190594971179962e-02 -6.048077344894409180e-02
-6.648070812225341797e-01 2.204998023808002472e-02 -1.330790817737579346e-01
-5.736317038536071777e-01 2.353498153388500214e-02 -1.602294296026229858e-01
-5.798997879028320312e-01 2.224945835769176483e-02 -1.419637650251388550e-01
-5.313684344291687012e-01 2.699690498411655426e-02 -1.798474490642547607e-01
-5.647487044334411621e-01 3.419821709394454956e-02 -1.527094244956970215e-01
-5.416620373725891113e-01 4.276388883590698242e-02 -1.148951947689056396e-01
-5.485557913780212402e-01 3.033739142119884491e-02 -1.081555187702178955e-01
-5.354818105697631836e-01 2.068574540317058563e-02 -9.430748224258422852e-02
-5.043690204620361328e-01 1.840399764478206635e-02 -7.664895057678222656e-02
-5.211963653564453125e-01 1.209842413663864136e-02 -5.893936753273010254e-02
-4.527736902236938477e-01 7.826028391718864441e-03 -6.950336694717407227e-02
-4.350565075874328613e-01 8.943272754549980164e-03 -3.660893440246582031e-02
-4.911677837371826172e-01 3.003465570509433746e-02 -1.920807175338268280e-02
-4.685791134834289551e-01 1.561732403934001923e-02 -1.000302843749523163e-02
-4.727669954299926758e-01 1.785292290151119232e-02 -5.783347412943840027e-03
-4.897691011428833008e-01 1.398738659918308258e-02 -2.113562636077404022e-02
-5.386763811111450195e-01 1.583863236010074615e-02 -7.832396030426025391e-02
-5.244153738021850586e-01 1.773720793426036835e-02 -8.154162764549255371e-02
-5.466077327728271484e-01 2.441272698342800140e-02 -9.218862652778625488e-02
-5.552370548248291016e-01 1.762734539806842804e-02 -1.060558855533599854e-01
-5.462462902069091797e-01 2.255926094949245453e-02 -1.046915948390960693e-01
-5.538226366043090820e-01 2.702838741242885590e-02 -1.336384713649749756e-01
-5.503088831901550293e-01 2.840501628816127777e-02 -1.459823250770568848e-01
-5.591090917587280273e-01 3.075590915977954865e-02 -1.493757069110870361e-01
-5.693373680114746094e-01 3.008400090038776398e-02 -7.332444190979003906e-02
-5.261009931564331055e-01 2.488579414784908295e-02 -1.101825237274169922e-01
-5.387298464775085449e-01 2.636338584125041962e-02 -6.815052032470703125e-02
-5.395662188529968262e-01 2.778317220509052277e-02 -1.182036697864532471e-01
-5.260991454124450684e-01 1.989446394145488739e-02 -1.063337028026580811e-01
-4.665927886962890625e-01 2.548892982304096222e-02 -8.129334449768066406e-02
-4.472661018371582031e-01 1.523181609809398651e-02 -4.066806286573410034e-04
-4.782483577728271484e-01 1.587187312543392181e-02 -1.215311698615550995e-02
-4.648191928863525391e-01 2.989971451461315155e-02 -4.801204800605773926e-02
-5.275947451591491699e-01 1.498422585427761078e-02 -6.979429721832275391e-02
-5.556097030639648438e-01 2.087186835706233978e-02 -1.107397377490997314e-01
-5.005862712860107422e-01 1.311281137168407440e-02 -9.812149405479431152e-02
-5.432061553001403809e-01 4.811938852071762085e-04 -1.062768101692199707e-01
-4.663413763046264648e-01 1.428808458149433136e-02 -1.328075528144836426e-01
-4.989041090011596680e-01 2.309654466807842255e-02 -1.014314889907836914e-01
-4.975227117538452148e-01 1.881272159516811371e-02 -8.787199854850769043e-02
-5.269566178321838379e-01 2.141114883124828339e-02 -1.411380469799041748e-01
-5.497701168060302734e-01 2.437190897762775421e-02 -1.184681057929992676e-01
-5.533717274665832520e-01 2.662354893982410431e-02 -1.403305828571319580e-01
-5.085381865501403809e-01 2.911060117185115814e-02 -1.311678588390350342e-01
-5.294836759567260742e-01 3.519020229578018188e-02 -1.121448576450347900e-01
-5.355285406112670898e-01 2.585891447961330414e-02 -7.594755291938781738e-02
-5.300956964492797852e-01 3.006300143897533417e-02 -5.534833669662475586e-02
-5.107653141021728516e-01 2.673952840268611908e-02 -6.351739168167114258e-02
-4.340780973434448242e-01 2.699073217809200287e-02 -7.382553815841674805e-02
-4.624438285827636719e-01 3.199043869972229004e-02 -8.223342895507812500e-02
-4.106717109680175781e-01 3.318884223699569702e-02 -5.034318566322326660e-02
-4.230525493621826172e-01 2.535078488290309906e-02 -9.713330864906311035e-02
-4.205651283264160156e-01 2.426102943718433380e-02 -5.741867423057556152e-02
-3.649452328681945801e-01 2.909974940121173859e-02 -4.638925194740295410e-02
-3.709499835968017578e-01 3.061409108340740204e-02 -5.367285013198852539e-02
-3.327865004539489746e-01 2.140570990741252899e-02 -8.364167809486389160e-02
-3.587540984153747559e-01 1.805127970874309540e-02 -1.018454432487487793e-01
-4.151883721351623535e-01 1.389822922646999359e-02 -6.430077552795410156e-02
-5.226095914840698242e-01 2.036802284419536591e-02 -6.274130940437316895e-02
-3.845684528350830078e-01 1.208538375794887543e-02 -7.729482650756835938e-02
-4.030336141586303711e-01 1.563646830618381500e-02 -4.035228490829467773e-02
-4.437674880027770996e-01 2.754489891231060028e-02 -6.833007931709289551e-02
-4.375570416450500488e-01 2.425299771130084991e-02 -3.889000415802001953e-02
-3.426594734191894531e-01 1.882045529782772064e-02 -1.612326316535472870e-02
-3.394132852554321289e-01 2.316490001976490021e-02 1.113030500710010529e-02
-4.555910825729370117e-01 1.648230291903018951e-02 -1.330992393195629120e-02
-4.812306165695190430e-01 1.405692659318447113e-02 -5.353656411170959473e-02
-4.476690888404846191e-01 1.210988126695156097e-02 -3.949713706970214844e-02
-4.936687946319580078e-01 2.018029801547527313e-02 -4.215580224990844727e-02
-4.563433527946472168e-01 3.896912932395935059e-02 -5.033981800079345703e-02
-4.799645543098449707e-01 3.813322633504867554e-02 -4.203754663467407227e-02
-5.104140639305114746e-01 3.251525759696960449e-02 -1.430126838386058807e-02
-4.752855300903320312e-01 2.509105764329433441e-02 -2.511903457343578339e-02
-5.355079174041748047e-01 2.492296881973743439e-02 -2.377348951995372772e-02
-5.220651030540466309e-01 1.586575247347354889e-02 -2.314799837768077850e-02
-5.732071399688720703e-01 1.327145658433437347e-02 -4.499867558479309082e-02
-5.676115751266479492e-01 1.351889036595821381e-02 2.974810078740119934e-03
-5.973590612411499023e-01 1.341443322598934174e-02 -1.102462224662303925e-02
-4.682133197784423828e-01 1.691675372421741486e-02 1.120707578957080841e-02
-3.888083100318908691e-01 1.008233986794948578e-02 2.301567979156970978e-02
-3.536387085914611816e-01 5.372170358896255493e-03 2.286189980804920197e-02
-3.616628646850585938e-01 5.649870261549949646e-03 9.177270531654357910e-02
-4.543511867523193359e-01 7.609732449054718018e-03 1.192639470100402832e-01
-4.582362174987792969e-01 -7.849512621760368347e-03 1.801640391349792480e-01
-4.168180823326110840e-01 1.872241310775279999e-02 1.418635696172714233e-01
-5.277528166770935059e-01 2.579713240265846252e-03 3.694869279861450195e-01
-5.415502786636352539e-01 -2.121965028345584869e-02 5.192454457283020020e-01
-7.550946474075317383e-01 -1.828810200095176697e-03 6.543908119201660156e-01
-6.680227518081665039e-01 5.189010873436927795e-03 6.619291305541992188e-01
-6.328004598617553711e-01 1.297927461564540863e-02 5.897089838981628418e-01
-6.465790271759033203e-01 1.368837617337703705e-02 6.504575014114379883e-01
-6.404899358749389648e-01 1.611887849867343903e-02 6.472173929214477539e-01
-4.747730493545532227e-01 9.800227358937263489e-03 6.662474870681762695e-01
-4.369077086448669434e-01 -2.160433866083621979e-02 7.609946727752685547e-01
-3.285299539566040039e-01 -1.876562274992465973e-02 7.041851282119750977e-01
-2.398038059473037720e-01 -1.601305790245532990e-02 7.433663606643676758e-01
-1.897245198488235474e-01 -1.708814129233360291e-02 6.746308803558349609e-01
-2.319562286138534546e-01 -3.024506755173206329e-02 8.326754570007324219e-01
-1.843038648366928101e-01 -4.025042802095413208e-02 8.544843196868896484e-01
-1.581822782754898071e-01 -2.803698740899562836e-02 8.838835358619689941e-01
-1.234512180089950562e-01 -2.419077046215534210e-02 8.842635154724121094e-01
-1.225494593381881714e-01 -1.874206401407718658e-02 8.869835734367370605e-01
-1.472304463386535645e-01 -5.870351567864418030e-03 9.652574658393859863e-01
-1.910998374223709106e-01 -6.956433877348899841e-03 1.010691523551940918e+00
-1.941705793142318726e-01 -1.263863779604434967e-02 1.071241974830627441e+00
-2.051421552896499634e-01 9.176222607493400574e-03 1.078885078430175781e+00
-1.963600516319274902e-01 -6.575411185622215271e-03 1.114186763763427734e+00
-1.509237140417098999e-01 -2.145730145275592804e-02 1.090222001075744629e+00
-1.554400771856307983e-01 5.482105538249015808e-03 1.189679980278015137e+00
-1.362781971693038940e-01 -1.521931216120719910e-02 1.135699391365051270e+00
-1.232212632894515991e-01 -1.094987243413925171e-02 1.187987208366394043e+00
-1.086914390325546265e-01 -9.534366428852081299e-03 1.195505499839782715e+00
-7.618863880634307861e-02 -4.370274953544139862e-03 1.224687099456787109e+00
-1.038081496953964233e-01 -7.683997973799705505e-04 1.286820769309997559e+00
-1.371098011732101440e-01 -1.226164400577545166e-02 1.247738838195800781e+00
-9.416623413562774658e-02 -1.392900943756103516e-02 1.205781221389770508e+00
-8.259935677051544189e-02 -8.683390915393829346e-03 1.219208598136901855e+00
-4.793138802051544189e-02 -3.326304256916046143e-03 1.131092190742492676e+00
-1.025278866291046143e-02 -1.486171036958694458e-02 1.204592943191528320e+00
2.958352863788604736e-02 -1.935665681958198547e-02 1.211589336395263672e+00
-7.041677832603454590e-03 -1.884046755731105804e-02 1.158155679702758789e+00
-6.081242859363555908e-02 -1.767702400684356689e-02 1.212871074676513672e+00
-3.627695143222808838e-02 -9.640765376389026642e-03 1.180926799774169922e+00
-5.209125578403472900e-02 -1.517316140234470367e-02 1.205221056938171387e+00
-6.126089394092559814e-02 -1.198198087513446808e-02 1.152419924736022949e+00
-9.767077863216400146e-02 -1.113450340926647186e-02 1.177372217178344727e+00
-4.707233607769012451e-02 -2.133049443364143372e-02 1.122283101081848145e+00
-6.303404271602630615e-02 -3.480779379606246948e-02 1.225451350212097168e+00
-3.979368507862091064e-02 -2.882834896445274353e-02 1.116529703140258789e+00
-4.448746144771575928e-02 -2.931307628750801086e-02 1.031414747238159180e+00
-6.646281480789184570e-02 -7.325327023863792419e-03 9.653629064559936523e-01
-7.779885828495025635e-02 1.139091886579990387e-02 1.083387494087219238e+00
-2.253575623035430908e-02 -8.689852431416511536e-03 1.030414819717407227e+00
1.535706222057342529e-02 -3.553953766822814941e-02 9.974766969680786133e-01
4.652245342731475830e-02 -7.243362255394458771e-03 1.054105520248413086e+00
3.718465566635131836e-02 -1.433952152729034424e-02 1.038034796714782715e+00
2.648423612117767334e-02 -9.158177301287651062e-03 1.034414172172546387e+00
-3.001074492931365967e-02 1.960396766662597656e-04 1.124467134475708008e+00
4.130356013774871826e-02 -3.590857610106468201e-03 1.189079284667968750e+00
9.746247529983520508e-02 -1.283945888280868530e-02 1.063967466354370117e+00
-1.191796362400054932e-02 -1.595322787761688232e-02 1.039288282394409180e+00
-2.770264446735382080e-02 -1.368552260100841522e-02 1.112659215927124023e+00
-3.773961961269378662e-02 -2.026249840855598450e-02 1.124615907669067383e+00
-1.500041782855987549e-02 -2.173355035483837128e-02 1.116338491439819336e+00
-1.833672821521759033e-02 -1.961022242903709412e-02 1.117489099502563477e+00
-3.582994639873504639e-02 -1.936464384198188782e-02 1.101995587348937988e+00
-6.921008229255676270e-03 -1.516531966626644135e-02 1.072025179862976074e+00
5.685284733772277832e-03 -1.186348125338554382e-02 1.104586124420166016e+00
-5.104558169841766357e-02 -1.873942278325557709e-02 1.118847012519836426e+00
-6.483627855777740479e-02 -1.313694380223751068e-02 1.103492736816406250e+00
-5.457572638988494873e-02 -2.418179064989089966e-02 1.126101493835449219e+00
-6.780152022838592529e-02 -2.612283453345298767e-02 1.102942824363708496e+00
-2.269990742206573486e-02 -2.417702600359916687e-02 1.126823663711547852e+00
-2.293042838573455811e-02 -2.313777804374694824e-02 1.063218593597412109e+00
-7.197245955467224121e-03 -1.983227580785751343e-02 1.027769446372985840e+00
-1.826448738574981689e-02 -2.065909653902053833e-02 9.719206690788269043e-01
-8.748665452003479004e-03 -2.113541774451732635e-02 1.024259328842163086e+00
-6.418614089488983154e-02 -2.398205362260341644e-02 1.036733746528625488e+00
-4.243890941143035889e-02 -2.745697274804115295e-02 1.002206683158874512e+00
-4.233987629413604736e-02 -2.418415062129497528e-02 1.014026761054992676e+00
2.675296366214752197e-02 -2.611579746007919312e-02 1.051141023635864258e+00
1.270790398120880127e-02 -2.043489366769790649e-02 1.061209440231323242e+00
5.718037486076354980e-03 -1.806444860994815826e-02 1.055860757827758789e+00
-7.274870574474334717e-02 -1.860546134412288666e-02 1.079852819442749023e+00
-5.710561573505401611e-02 -2.898916974663734436e-02 1.048420310020446777e+00
-3.838472068309783936e-02 -2.400959841907024384e-02 1.067379117012023926e+00
-6.476493179798126221e-02 -1.792036741971969604e-02 1.063158512115478516e+00
-7.213766872882843018e-02 -1.122429780662059784e-02 1.070271253585815430e+00
-6.633029878139495850e-02 -2.237556129693984985e-02 1.066102623939514160e+00
-5.317784845829010010e-02 -3.046398609876632690e-02 9.853544235229492188e-01
-3.899724781513214111e-02 -2.010443434119224548e-02 1.031375288963317871e+00
-3.985260426998138428e-02 -1.636030338704586029e-02 1.077612876892089844e+00
-5.072639882564544678e-02 -1.647969335317611694e-02 1.080006122589111328e+00
-6.168846786022186279e-02 6.974298506975173950e-03 1.020334005355834961e+00
-4.741205275058746338e-02 9.487738832831382751e-03 1.001302123069763184e+00
-4.307417571544647217e-02 6.817935034632682800e-03 9.594222903251647949e-01
-5.835469067096710205e-02 -1.556341350078582764e-02 1.031874060630798340e+00
-1.091072410345077515e-01 -1.310355495661497116e-02 1.075615286827087402e+00
-1.120646744966506958e-01 -4.215989261865615845e-03 1.057094931602478027e+00
-6.009306013584136963e-02 -7.186864502727985382e-03 1.060815095901489258e+00
-1.019039005041122437e-01 -2.706081420183181763e-02 1.026208519935607910e+00
-4.235757887363433838e-02 -2.258556149899959564e-02 8.784792423248291016e-01
-6.263487040996551514e-02 -2.008785307407379150e-02 9.039623737335205078e-01
-4.767216742038726807e-02 -2.483936771750450134e-02 1.024020671844482422e+00
-4.042012989521026611e-02 -2.461025491356849670e-02 9.547448754310607910e-01
-1.162424832582473755e-01 -1.268651150166988373e-02 9.020518660545349121e-01
-1.073395758867263794e-01 -1.478413678705692291e-02 8.671356439590454102e-01
-8.967788517475128174e-02 -1.884217560291290283e-02 8.244290351867675781e-01
-1.316077262163162231e-01 -3.018326126039028168e-02 8.026688694953918457e-01
-1.320151835680007935e-01 -2.206889726221561432e-02 7.795068025588989258e-01
-2.047682553529739380e-01 -1.283672638237476349e-02 8.068434000015258789e-01
-2.037809938192367554e-01 -1.024615950882434845e-02 7.963637709617614746e-01
-1.705762296915054321e-01 -2.011560834944248199e-02 8.695392608642578125e-01
-1.754232794046401978e-01 -1.397111453115940094e-02 1.013068199157714844e+00
-2.061209231615066528e-01 -1.446568034589290619e-02 1.179331779479980469e+00
-2.223403304815292358e-01 -5.608696490526199341e-03 9.858123064041137695e-01
-2.189099043607711792e-01 -1.497356221079826355e-02 1.032381653785705566e+00
-1.935598999261856079e-01 -9.796066209673881531e-03 1.039573192596435547e+00
-2.142352610826492310e-01 -9.578261524438858032e-04 1.023006081581115723e+00
-1.970016211271286011e-01 -1.706464402377605438e-02 1.035604000091552734e+00
-1.936825960874557495e-01 -2.425127103924751282e-02 1.021195769309997559e+00
-2.342384606599807739e-01 -9.994152933359146118e-03 9.318979382514953613e-01
-1.098872274160385132e-01 -1.569856330752372742e-02 8.841390013694763184e-01
-1.539085358381271362e-01 -1.947772130370140076e-02 9.353982806205749512e-01
-1.186454147100448608e-01 -2.158834971487522125e-02 9.015858769416809082e-01
-1.356583088636398315e-01 -2.829686366021633148e-02 9.430698752403259277e-01
-1.447268575429916382e-01 -2.631003595888614655e-02 8.775171041488647461e-01
-1.751409024000167847e-01 -1.947027258574962616e-02 9.310420155525207520e-01
-1.940667480230331421e-01 -2.526862733066082001e-02 9.445171952247619629e-01
-2.862442731857299805e-01 -1.384291611611843109e-02 9.785054326057434082e-01
-3.457639813423156738e-01 1.823520287871360779e-03 9.538991451263427734e-01
-2.772200703620910645e-01 -3.342608921229839325e-03 9.235569238662719727e-01
-2.374082952737808228e-01 -7.025113329291343689e-03 9.259955286979675293e-01
-2.884047627449035645e-01 -1.350701414048671722e-02 9.239456653594970703e-01
-2.841009497642517090e-01 3.423020243644714355e-04 1.031934380531311035e+00
-3.004282712936401367e-01 -7.014206610620021820e-03 8.775345683097839355e-01
-3.554888367652893066e-01 8.708709850907325745e-03 8.914069533348083496e-01
-4.032128453254699707e-01 2.577196620404720306e-02 9.631556272506713867e-01
-4.497533440589904785e-01 2.682334743440151215e-02 1.021179795265197754e+00
-4.583849906921386719e-01 3.267479687929153442e-02 9.927148222923278809e-01
-4.368070960044860840e-01 2.798355929553508759e-02 9.693032503128051758e-01
-4.160684347152709961e-01 1.668744347989559174e-02 8.505318760871887207e-01
-4.156015515327453613e-01 9.674033150076866150e-03 7.848571538925170898e-01
-3.731251358985900879e-01 1.898601837456226349e-02 9.328002333641052246e-01
-3.429280519485473633e-01 2.807527221739292145e-02 8.203125000000000000e-01
-3.609945178031921387e-01 1.419133506715297699e-02 8.876171708106994629e-01
-3.248587846755981445e-01 7.368380203843116760e-03 7.734689712524414062e-01
-3.475241661071777344e-01 -6.782371550798416138e-03 7.461093068122863770e-01
-3.056876659393310547e-01 1.035289838910102844e-03 7.175951600074768066e-01
-3.574988842010498047e-01 -6.220936775207519531e-03 8.661482930183410645e-01
-3.066409230232238770e-01 -1.333362050354480743e-02 9.142624735832214355e-01
-3.278667926788330078e-01 -1.837947405874729156e-02 8.059309124946594238e-01
-2.682592868804931641e-01 -2.199340425431728363e-02 7.352891564369201660e-01
-2.921766042709350586e-01 -5.422005429863929749e-03 8.121985197067260742e-01
-2.538379430770874023e-01 -8.664339780807495117e-03 6.270573139190673828e-01
-2.888860106468200684e-01 -7.152713835239410400e-03 6.345812082290649414e-01
-2.861219644546508789e-01 -8.579175919294357300e-03 6.326819062232971191e-01
-2.670661211013793945e-01 -1.152785494923591614e-03 6.456875801086425781e-01
-2.555996775627136230e-01 5.716724321246147156e-03 6.789900064468383789e-01
-3.237691521644592285e-01 1.839827746152877808e-03 6.170585751533508301e-01
-4.038622379302978516e-01 2.872620709240436554e-02 7.521346211433410645e-01
-4.011022448539733887e-01 1.895753480494022369e-02 7.414042949676513672e-01
-4.920269250869750977e-01 -4.790667444467544556e-04 7.315771579742431641e-01
-5.455064773559570312e-01 1.484836451709270477e-02 8.151881694793701172e-01
-5.045344233512878418e-01 6.390837952494621277e-03 8.335130810737609863e-01
-5.170747041702270508e-01 4.669707268476486206e-04 8.676517605781555176e-01
-5.127500891685485840e-01 4.279537126421928406e-03 8.639698624610900879e-01
-5.220580101013183594e-01 1.169952563941478729e-02 9.379920363426208496e-01
-5.252625942230224609e-01 2.997500821948051453e-03 8.799012303352355957e-01
-5.853510499000549316e-01 2.383037470281124115e-02 9.735237360000610352e-01
-5.205456018447875977e-01 2.714742533862590790e-02 8.148254156112670898e-01
-5.207808017730712891e-01 2.043850533664226532e-02 7.938007712364196777e-01
-5.705977082252502441e-01 2.083211205899715424e-02 7.979053258895874023e-01
-5.612109303474426270e-01 4.525078460574150085e-03 7.610738873481750488e-01
-5.379098057746887207e-01 6.814917549490928650e-03 7.446325421333312988e-01
-5.862526893615722656e-01 7.576869800686836243e-03 7.408142089843750000e-01
-5.899978280067443848e-01 6.902603432536125183e-03 7.645456194877624512e-01
-6.232836246490478516e-01 8.839441463351249695e-03 7.474624514579772949e-01
-6.424253582954406738e-01 1.104088313877582550e-02 7.382310032844543457e-01
-6.355787515640258789e-01 -6.409604102373123169e-04 7.605636715888977051e-01
-6.355980038642883301e-01 8.531119674444198608e-04 7.298954129219055176e-01
-7.001451253890991211e-01 1.413369365036487579e-02 7.309466600418090820e-01
-6.421637535095214844e-01 6.257502362132072449e-03 6.898680329322814941e-01
-7.250677943229675293e-01 2.360283397138118744e-02 7.325397729873657227e-01
-6.428284645080566406e-01 -2.622345462441444397e-03 7.497503161430358887e-01
-7.047332525253295898e-01 -8.173806592822074890e-03 7.867233753204345703e-01
-6.920133233070373535e-01 8.913202211260795593e-03 7.475656867027282715e-01
-7.023209333419799805e-01 -1.687364652752876282e-03 7.197703123092651367e-01
-7.007589340209960938e-01 -7.742512971162796021e-04 6.642390489578247070e-01
-7.206058502197265625e-01 -5.184775218367576599e-03 6.880595088005065918e-01
-6.435822248458862305e-01 -2.232456579804420471e-03 6.470837593078613281e-01
-6.859512329101562500e-01 1.485106162726879120e-02 6.473718285560607910e-01
-7.106978297233581543e-01 1.839119754731655121e-02 6.329990029335021973e-01
-7.467346191406250000e-01 1.485141925513744354e-02 5.703763961791992188e-01
-7.839068174362182617e-01 1.955234445631504059e-02 5.377472043037414551e-01
-8.027123212814331055e-01 2.794373594224452972e-02 5.240554809570312500e-01
-8.062714934349060059e-01 2.296584658324718475e-02 4.914588332176208496e-01
-8.039959669113159180e-01 2.293745987117290497e-02 4.314587712287902832e-01
-7.053585648536682129e-01 2.152221836149692535e-02 3.096390962600708008e-01
-7.248097062110900879e-01 2.263037674129009247e-02 2.605214715003967285e-01
-7.626277804374694824e-01 3.529871255159378052e-02 2.135100364685058594e-01
-7.358372211456298828e-01 3.300946950912475586e-02 1.181962490081787109e-01
-7.397753596305847168e-01 3.295385837554931641e-02 1.098704934120178223e-01
-7.259591817855834961e-01 4.496535658836364746e-02 6.759265065193176270e-02
-7.366570234298706055e-01 4.037066549062728882e-02 5.176973342895507812e-02
-6.734476089477539062e-01 2.483354695141315460e-02 -2.408537082374095917e-02
-5.797512531280517578e-01 1.703485660254955292e-02 -6.315723061561584473e-02
-5.379415750503540039e-01 2.060749195516109467e-02 -1.011391580104827881e-01
-5.256667733192443848e-01 2.242877893149852753e-02 -1.693465113639831543e-01
-5.344530344009399414e-01 6.088154390454292297e-03 -1.851118206977844238e-01
-5.023121833801269531e-01 1.837793178856372833e-02 -2.060300111770629883e-01
-5.378436446189880371e-01 3.073113225400447845e-02 -1.910415887832641602e-01
-4.965815544128417969e-01 2.201986499130725861e-02 -2.644718289375305176e-01
-5.415897369384765625e-01 2.934450097382068634e-02 -2.701334953308105469e-01
-6.505506038665771484e-01 2.355945296585559845e-02 -2.749630212783813477e-01
-6.428091526031494141e-01 2.984162233769893646e-02 -3.376435935497283936e-01
-6.279203891754150391e-01 2.922718413174152374e-02 -3.772779703140258789e-01
-6.169073581695556641e-01 1.660192944109439850e-02 -4.390044212341308594e-01
-5.992602705955505371e-01 -3.480863757431507111e-03 -4.366217553615570068e-01
-6.250659227371215820e-01 2.611217461526393890e-02 -4.017800688743591309e-01
-6.479467153549194336e-01 2.755265496671199799e-02 -3.983762264251708984e-01
-6.400955915451049805e-01 4.114869982004165649e-02 -4.081992208957672119e-01
-6.536115407943725586e-01 4.132522642612457275e-02 -5.013371706008911133e-01
-7.097336053848266602e-01 4.164657741785049438e-02 -4.764591753482818604e-01
-6.847653388977050781e-01 3.615122288465499878e-02 -5.434789657592773438e-01
-6.937445998191833496e-01 3.808784484863281250e-02 -5.531365275382995605e-01
-7.089404463768005371e-01 2.978661842644214630e-02 -5.297714471817016602e-01
-7.157306671142578125e-01 2.551565133035182953e-02 -6.009758710861206055e-01
-7.096178531646728516e-01 2.153536491096019745e-02 -6.337333917617797852e-01
-6.992843151092529297e-01 1.836534775793552399e-02 -6.485468745231628418e-01
-7.020599842071533203e-01 2.165562100708484650e-02 -6.018806695938110352e-01
-6.922154426574707031e-01 2.983792312443256378e-02 -6.035930514335632324e-01
-7.354620695114135742e-01 3.210370242595672607e-02 -5.060229301452636719e-01
-7.327497005462646484e-01 2.574138157069683075e-02 -5.628557801246643066e-01
-7.265559434890747070e-01 3.594078123569488525e-02 -5.189408063888549805e-01
-7.473320960998535156e-01 4.392890632152557373e-02 -4.866273403167724609e-01
-7.468451261520385742e-01 3.085660375654697418e-02 -5.076960325241088867e-01
-7.404338717460632324e-01 3.204247355461120605e-02 -4.538166224956512451e-01
-7.243336439132690430e-01 3.994370251893997192e-02 -4.088217914104461670e-01
-7.249714732170104980e-01 4.825206100940704346e-02 -4.243632853031158447e-01
-6.779935359954833984e-01 4.425819218158721924e-02 -5.147100687026977539e-01
-7.056431174278259277e-01 5.011307448148727417e-02 -3.865139186382293701e-01
-6.453207135200500488e-01 3.185795992612838745e-02 -3.906850218772888184e-01
-6.790131926536560059e-01 4.268118739128112793e-02 -4.429362118244171143e-01
-7.130602598190307617e-01 4.160349071025848389e-02 -5.014921426773071289e-01
-7.126330733299255371e-01 3.413161635398864746e-02 -4.840819239616394043e-01
-7.191120386123657227e-01 2.678625471889972687e-02 -5.557980537414550781e-01
-7.287698984146118164e-01 2.861170284450054169e-02 -4.874011874198913574e-01
-6.981143951416015625e-01 8.612891659140586853e-03 -6.866971254348754883e-01
-6.967353820800781250e-01 3.891764208674430847e-03 -6.815928816795349121e-01
-7.001995444297790527e-01 2.837775275111198425e-03 -6.130844354629516602e-01
-6.217423081398010254e-01 -4.263835027813911438e-03 -6.295873522758483887e-01
-6.605782508850097656e-01 1.184989325702190399e-02 -5.164237022399902344e-01
-6.029331684112548828e-01 6.555160507559776306e-03 -5.163172483444213867e-01
-6.234586238861083984e-01 4.372308030724525452e-03 -5.109764337539672852e-01
-6.174963712692260742e-01 8.102824911475181580e-03 -5.842766165733337402e-01
-5.766648650169372559e-01 2.025160938501358032e-03 -6.574319601058959961e-01
-5.672172904014587402e-01 1.740492321550846100e-02 -6.002987623214721680e-01
-5.825755596160888672e-01 6.625728681683540344e-03 -6.750835180282592773e-01
-5.732170343399047852e-01 7.206728681921958923e-03 -7.381981611251831055e-01
-5.715223550796508789e-01 8.162533864378929138e-03 -7.556644082069396973e-01
-5.917890071868896484e-01 2.098955772817134857e-02 -7.614619731903076172e-01
-5.749927759170532227e-01 3.782820701599121094e-02 -7.081590890884399414e-01
-5.097385048866271973e-01 2.959852106869220734e-02 -5.884623527526855469e-01
-5.400065779685974121e-01 3.782285377383232117e-03 -5.734868049621582031e-01
-6.115528345108032227e-01 2.914017252624034882e-02 -5.285564661026000977e-01
-6.185529232025146484e-01 3.218124806880950928e-02 -5.627693533897399902e-01
-6.121290922164916992e-01 2.991278655827045441e-02 -5.643795728683471680e-01
-6.679707169532775879e-01 2.368283830583095551e-02 -6.302916407585144043e-01
-6.775605678558349609e-01 2.942368946969509125e-02 -6.463810205459594727e-01
-6.752502918243408203e-01 3.958762437105178833e-02 -6.206377148628234863e-01
-6.867724657058715820e-01 3.891685605049133301e-02 -6.305449008941650391e-01
-7.289948463439941406e-01 4.368342459201812744e-02 -5.284529924392700195e-01
-7.685262560844421387e-01 3.706842660903930664e-02 -4.420024156570434570e-01
-7.008096575736999512e-01 4.205252975225448608e-02 -4.743365347385406494e-01
-6.998677849769592285e-01 2.389646135270595551e-02 -4.708707034587860107e-01
-6.698777675628662109e-01 2.822625078260898590e-02 -5.125481486320495605e-01
-7.186769843101501465e-01 4.179569333791732788e-02 -5.152136683464050293e-01
-7.915282249450683594e-01 4.388497024774551392e-02 -6.172487735748291016e-01
-7.732255458831787109e-01 2.609390579164028168e-02 -5.480927228927612305e-01
-6.908983588218688965e-01 2.818641625344753265e-02 -6.039097309112548828e-01
-6.994376182556152344e-01 2.929787151515483856e-02 -5.656670331954956055e-01
-6.580982804298400879e-01 2.811293490231037140e-02 -5.725097656250000000e-01
-6.706247925758361816e-01 2.782749570906162262e-02 -5.576961040496826172e-01
-6.767512559890747070e-01 2.880224399268627167e-02 -6.846941709518432617e-01
-7.107824087142944336e-01 3.011674247682094574e-02 -7.597411870956420898e-01
-6.524538993835449219e-01 2.577882818877696991e-02 -7.426220178604125977e-01
-6.625956892967224121e-01 2.263809554278850555e-02 -6.617137193679809570e-01
-6.791227459907531738e-01 1.668400131165981293e-02 -6.694730520248413086e-01
-6.882098913192749023e-01 2.268621884286403656e-02 -6.537122130393981934e-01
-6.417782306671142578e-01 2.358661778271198273e-02 -6.962397098541259766e-01
-5.926252007484436035e-01 2.758416347205638885e-02 -7.176916599273681641e-01
-6.333279609680175781e-01 3.680562973022460938e-02 -6.159525513648986816e-01
-6.017578840255737305e-01 2.194363065063953400e-02 -6.858252882957458496e-01
-6.365540027618408203e-01 3.791169077157974243e-02 -6.242935061454772949e-01
-6.190725564956665039e-01 3.069197200238704681e-02 -6.569464206695556641e-01
-6.669389009475708008e-01 5.702996999025344849e-02 -6.588140726089477539e-01
-6.391493678092956543e-01 4.489322006702423096e-02 -6.750980615615844727e-01
-6.292180418968200684e-01 4.785703122615814209e-02 -6.824384331703186035e-01
-5.880901813507080078e-01 4.508634656667709351e-02 -6.816003322601318359e-01
-6.402034759521484375e-01 4.868503659963607788e-02 -5.896188616752624512e-01
-6.757186651229858398e-01 4.869653284549713135e-02 -5.865191221237182617e-01
-6.303911209106445312e-01 5.958510190248489380e-02 -5.520887374877929688e-01
-6.134465932846069336e-01 4.506213217973709106e-02 -5.156643986701965332e-01
-5.959488153457641602e-01 3.927180171012878418e-02 -5.049722194671630859e-01
-5.576010942459106445e-01 4.140821844339370728e-02 -6.496410965919494629e-01
-5.789003968238830566e-01 3.580557554960250854e-02 -6.103576421737670898e-01
-6.325857043266296387e-01 4.346064478158950806e-02 -6.022315025329589844e-01
-6.700315475463867188e-01 4.702945053577423096e-02 -5.317274928092956543e-01
-6.921259164810180664e-01 4.282537102699279785e-02 -6.249990463256835938e-01
-7.059376835823059082e-01 3.201092779636383057e-02 -5.764546394348144531e-01
-6.945271492004394531e-01 3.619016706943511963e-02 -5.794250369071960449e-01
-6.511879563331604004e-01 2.679526619613170624e-02 -5.374454259872436523e-01
-6.309157013893127441e-01 3.012167848646640778e-02 -4.956527948379516602e-01
-6.286086440086364746e-01 2.665296010673046112e-02 -5.405893325805664062e-01
-6.297682523727416992e-01 3.451260179281234741e-02 -5.446689128875732422e-01
-5.608417987823486328e-01 3.166281431913375854e-02 -4.952535033226013184e-01
-5.803454518318176270e-01 2.923745103180408478e-02 -4.941676855087280273e-01
-5.397835373878479004e-01 3.758444637060165405e-02 -4.534124433994293213e-01
-5.859317779541015625e-01 3.083144687116146088e-02 -4.748294949531555176e-01
-5.999449491500854492e-01 2.605104632675647736e-02 -5.844523906707763672e-01
-6.291790008544921875e-01 2.862717024981975555e-02 -5.932570695877075195e-01
-5.627015233039855957e-01 2.690335549414157867e-02 -5.846590995788574219e-01
-5.762569904327392578e-01 2.784433774650096893e-02 -4.878822565078735352e-01
-5.583290457725524902e-01 3.214801102876663208e-02 -5.057451128959655762e-01
-5.117608904838562012e-01 4.128420352935791016e-02 -5.794809460639953613e-01
-5.639271736145019531e-01 3.113651089370250702e-02 -5.448071956634521484e-01
-5.041769146919250488e-01 2.879032306373119354e-02 -5.532488226890563965e-01
-4.729788303375244141e-01 3.047492541372776031e-02 -6.298519372940063477e-01
-4.152300953865051270e-01 4.380086809396743774e-02 -5.412242412567138672e-01
-3.938500285148620605e-01 4.276929050683975220e-02 -5.754783749580383301e-01
-4.305791258811950684e-01 4.065078496932983398e-02 -6.090554594993591309e-01
-3.950853943824768066e-01 5.198024958372116089e-02 -5.697894096374511719e-01
-3.500983715057373047e-01 4.575992375612258911e-02 -6.098085641860961914e-01
-3.438459038734436035e-01 2.548914961516857147e-02 -5.747925639152526855e-01
-3.212141990661621094e-01 1.112225651741027832e-02 -5.207564830780029297e-01
-2.582967877388000488e-01 1.955276168882846832e-02 -7.365393638610839844e-01
-2.466561943292617798e-01 1.036978513002395630e-02 -7.993756532669067383e-01
-2.275390177965164185e-01 2.201717533171176910e-02 -8.275502920150756836e-01
-1.385391801595687866e-01 3.280559182167053223e-02 -8.546357750892639160e-01
-1.285473257303237915e-01 1.539803668856620789e-02 -7.829605340957641602e-01
-5.708657205104827881e-02 4.222474992275238037e-03 -9.468958973884582520e-01
1.813597977161407471e-02 2.366052940487861633e-03 -8.906887173652648926e-01
5.839511752128601074e-03 -1.128107681870460510e-02 -9.224022626876831055e-01
4.676936566829681396e-02 -6.789522245526313782e-03 -1.072133779525756836e+00
1.274944096803665161e-01 -1.632572896778583527e-02 -9.574477672576904297e-01
1.693716198205947876e-01 -1.288343220949172974e-03 -9.720489382743835449e-01
2.428269535303115845e-01 -7.005038671195507050e-03 -7.417951226234436035e-01
3.476866483688354492e-01 -1.992351748049259186e-02 -7.519966363906860352e-01
3.223084211349487305e-01 -6.359631195664405823e-03 -7.544602155685424805e-01
3.048202395439147949e-01 -2.251652814447879791e-02 -8.676952123641967773e-01
2.886947989463806152e-01 -1.520815677940845490e-02 -7.537783384323120117e-01
3.645409345626831055e-01 -3.669384866952896118e-02 -9.818265438079833984e-01
3.226540088653564453e-01 -2.902123518288135529e-02 -9.232842922210693359e-01
4.365975260734558105e-01 -1.784996874630451202e-02 -8.835688829421997070e-01
4.376352429389953613e-01 -1.613491214811801910e-02 -9.841717481613159180e-01
5.308235287666320801e-01 -2.247809059917926788e-02 -9.928603172302246094e-01
7.599231004714965820e-01 -3.432801365852355957e-02 -9.965821504592895508e-01
1.003967046737670898e+00 1.017742790281772614e-02 -9.368151426315307617e-01
1.147816777229309082e+00 -4.290955141186714172e-03 -9.336194396018981934e-01
9.394882321357727051e-01 -8.032862097024917603e-04 -7.726358175277709961e-01
7.661788463592529297e-01 -1.130667887628078461e-02 -7.854280471801757812e-01
8.422497510910034180e-01 -2.182232588529586792e-02 -7.025226354598999023e-01
7.841526269912719727e-01 -4.151600599288940430e-02 -7.429036498069763184e-01
7.686593532562255859e-01 -3.227067366242408752e-02 -6.864316463470458984e-01
1.000188469886779785e+00 -7.415724918246269226e-03 -7.943798899650573730e-01
8.719926476478576660e-01 -3.134048357605934143e-02 -8.017721772193908691e-01
9.718719720840454102e-01 -1.036611758172512054e-02 -9.920270442962646484e-01
1.198338627815246582e+00 -2.087200991809368134e-02 -9.684494733810424805e-01
1.247289061546325684e+00 -1.746893115341663361e-02 -1.003974437713623047e+00
1.255797147750854492e+00 -1.591534353792667389e-02 -1.016050577163696289e+00
1.001320600509643555e+00 -3.404976427555084229e-02 -9.714590311050415039e-01
9.511461853981018066e-01 -2.551503665745258331e-02 -7.487105131149291992e-01
4.855511188507080078e-01 -2.378999628126621246e-02 -5.997194051742553711e-01
4.672884345054626465e-01 -2.060473896563053131e-02 -5.693335533142089844e-01
5.150706171989440918e-01 -2.561517991125583649e-02 -5.531697273254394531e-01
4.937737584114074707e-01 -3.192543983459472656e-02 -5.760112404823303223e-01
4.458822011947631836e-01 -3.610244393348693848e-02 -5.929433107376098633e-01
4.361338615417480469e-01 -2.734782360494136810e-02 -6.375641226768493652e-01
4.082353115081787109e-01 -3.803374618291854858e-02 -6.052244305610656738e-01
6.273473501205444336e-01 -3.336630016565322876e-02 -5.555468797683715820e-01
6.430727243423461914e-01 -4.501864314079284668e-02 -6.774949431419372559e-01
7.073327302932739258e-01 -3.554341942071914673e-02 -7.255158424377441406e-01
6.853865385055541992e-01 -4.231104254722595215e-02 -7.239854931831359863e-01
6.965368390083312988e-01 -6.926278769969940186e-02 -8.203036189079284668e-01
7.922836542129516602e-01 -6.807344406843185425e-02 -7.738239765167236328e-01
7.240942716598510742e-01 -6.277555972337722778e-02 -8.308860063552856445e-01
6.308526992797851562e-01 -3.674857318401336670e-02 -7.821907997131347656e-01
7.022148966789245605e-01 -3.916691988706588745e-02 -7.879577875137329102e-01
7.795730829238891602e-01 -4.316526651382446289e-02 -8.089777231216430664e-01
6.246899366378784180e-01 -4.927247017621994019e-02 -8.609311580657958984e-01
6.628462672233581543e-01 -4.616118967533111572e-02 -8.434146642684936523e-01
1.057789444923400879e+00 -2.339447475969791412e-02 -9.062568545341491699e-01
9.921172857284545898e-01 -5.441199243068695068e-02 -9.364223480224609375e-01
8.103622198104858398e-01 -6.605867296457290649e-02 -8.370633721351623535e-01
8.540250062942504883e-01 -4.721788316965103149e-02 -8.489224314689636230e-01
8.257686495780944824e-01 -3.854844719171524048e-02 -8.721222877502441406e-01
9.963448643684387207e-01 -1.461021415889263153e-02 -9.780921339988708496e-01
8.941276073455810547e-01 -2.040226943790912628e-02 -9.057894945144653320e-01
1.097227692604064941e+00 4.386285319924354553e-03 -9.890439510345458984e-01
5.764562487602233887e-01 1.570545136928558350e-04 -8.263124823570251465e-01
8.073561191558837891e-01 9.809490293264389038e-04 -8.889200091361999512e-01
8.847482800483703613e-01 -5.461091175675392151e-03 -8.204462528228759766e-01
5.340566635131835938e-01 -3.626171499490737915e-02 -6.197237372398376465e-01
2.952794432640075684e-01 -1.084467209875583649e-02 -5.346405506134033203e-01
2.624611258506774902e-01 -1.147285662591457367e-02 -6.172238588333129883e-01
6.193603277206420898e-01 9.740671142935752869e-03 -8.090885281562805176e-01
7.891101241111755371e-01 2.681948803365230560e-02 -9.322487115859985352e-01
5.286903977394104004e-01 1.013829000294208527e-02 -7.122844457626342773e-01
4.168134331703186035e-01 4.205269739031791687e-03 -6.847509741783142090e-01
4.482485055923461914e-01 3.261478617787361145e-03 -6.776829957962036133e-01
4.014606475830078125e-01 3.852481022477149963e-03 -6.465536355972290039e-01
3.604335188865661621e-01 1.982001774013042450e-02 -6.748800277709960938e-01
4.532396197319030762e-01 6.692385300993919373e-03 -6.923061609268188477e-01
7.548224329948425293e-01 3.818538039922714233e-02 -9.807432889938354492e-01
7.411261200904846191e-01 1.587731204926967621e-02 -1.013458490371704102e+00
5.401683449745178223e-01 1.639251969754695892e-02 -9.824512004852294922e-01
4.468799233436584473e-01 -3.377800807356834412e-03 -8.372506499290466309e-01
5.226981639862060547e-01 -2.048183791339397430e-02 -9.015109539031982422e-01
4.598118066787719727e-01 -1.621997728943824768e-02 -8.696724176406860352e-01
6.404448151588439941e-01 8.046554401516914368e-03 -1.030980348587036133e+00
5.575740933418273926e-01 3.396418690681457520e-02 -1.078272819519042969e+00
4.834734201431274414e-01 2.569874562323093414e-02 -1.007545590400695801e+00
3.938037157058715820e-01 1.354930736124515533e-02 -1.063900470733642578e+00
2.880977392196655273e-01 -3.654044866561889648e-02 -9.706552028656005859e-01
2.021096199750900269e-01 -2.299323864281177521e-02 -1.026859402656555176e+00
1.748222559690475464e-01 -2.313157357275485992e-02 -9.538690447807312012e-01
1.402766257524490356e-01 -5.588911473751068115e-03 -8.982855677604675293e-01
1.557184904813766479e-01 -1.304460689425468445e-03 -1.071259617805480957e+00
1.226854473352432251e-01 -3.507746011018753052e-02 -1.145403027534484863e+00
3.551919460296630859e-01 2.860691212117671967e-02 -1.263689994812011719e+00
1.121051162481307983e-01 -1.191021315753459930e-02 -1.167467594146728516e+00
1.153262704610824585e-01 -6.442410871386528015e-03 -9.773293137550354004e-01
1.154801398515701294e-01 1.130305044353008270e-02 -8.648357391357421875e-01
1.707953959703445435e-01 -3.544906154274940491e-03 -9.710451364517211914e-01
1.853713542222976685e-01 7.996654137969017029e-03 -7.449294328689575195e-01
1.682879477739334106e-01 1.225660555064678192e-02 -8.092537522315979004e-01
1.885566860437393188e-01 8.379904553294181824e-03 -7.527247667312622070e-01
1.145243495702743530e-01 1.881034858524799347e-02 -7.827078700065612793e-01
1.417400985956192017e-01 3.968680277466773987e-03 -8.786528110504150391e-01
1.602154225111007690e-01 1.007475703954696655e-02 -8.009308576583862305e-01
1.266906708478927612e-01 1.721460185945034027e-02 -8.688371181488037109e-01
1.395232230424880981e-01 3.018224798142910004e-02 -8.052134513854980469e-01
2.012276500463485718e-01 5.187591537833213806e-03 -7.650724053382873535e-01
2.118943184614181519e-01 1.124756596982479095e-02 -7.714532613754272461e-01
1.378318220376968384e-01 1.070821285247802734e-02 -8.499486446380615234e-01
1.392382532358169556e-01 5.481535568833351135e-03 -9.768877029418945312e-01
1.284711509943008423e-01 5.985109135508537292e-03 -9.217824935913085938e-01
7.351778447628021240e-02 -4.695430397987365723e-04 -9.424561262130737305e-01
4.570661485195159912e-02 -2.073099836707115173e-02 -9.069178104400634766e-01
9.613741934299468994e-02 -6.981125101447105408e-03 -9.684820175170898438e-01
1.241939216852188110e-01 -1.586347818374633789e-03 -9.596949219703674316e-01
1.139398366212844849e-01 5.115509033203125000e-03 -1.024264693260192871e+00
1.320490092039108276e-01 3.652160987257957458e-03 -9.562735557556152344e-01
1.738792210817337036e-01 9.845370426774024963e-03 -9.265947341918945312e-01
2.566727995872497559e-01 1.730099134147167206e-02 -9.666125178337097168e-01
1.116693168878555298e-01 -8.678986690938472748e-03 -1.013361692428588867e+00
1.086837798357009888e-01 1.240460574626922607e-02 -9.384194016456604004e-01
9.052552282810211182e-02 -1.320306025445461273e-02 -9.988249540328979492e-01
8.574216067790985107e-02 8.608741685748100281e-03 -9.343200922012329102e-01
3.503777086734771729e-02 4.679175093770027161e-03 -9.705364704132080078e-01
4.350002110004425049e-02 -1.081360690295696259e-02 -9.974191188812255859e-01
5.543945729732513428e-02 -2.148530818521976471e-02 -1.145059704780578613e+00
-2.388760447502136230e-03 -6.462031975388526917e-03 -1.042121529579162598e+00
6.236054003238677979e-02 -4.150494933128356934e-04 -1.028455615043640137e+00
1.801648288965225220e-01 3.109532408416271210e-02 -1.046330332756042480e+00
1.389664262533187866e-01 1.725030131638050079e-02 -9.806274175643920898e-01
2.890535593032836914e-01 5.724740773439407349e-02 -1.005923867225646973e+00
2.140680998563766479e-01 4.150658100843429565e-02 -1.036358118057250977e+00
2.003997713327407837e-01 3.170914947986602783e-02 -9.811674356460571289e-01
1.522101312875747681e-01 2.316558919847011566e-02 -8.618267178535461426e-01
2.066810280084609985e-01 3.901848942041397095e-02 -9.559357762336730957e-01
2.562064528465270996e-01 1.661416329443454742e-02 -1.016782164573669434e+00
3.939819335937500000e-01 2.869352139532566071e-02 -1.022910594940185547e+00
5.333608388900756836e-01 3.754695504903793335e-02 -1.129114151000976562e+00
5.165279507637023926e-01 4.064431041479110718e-02 -1.008984565734863281e+00
4.237573742866516113e-01 4.084400087594985962e-02 -1.110197901725769043e+00
1.557953208684921265e-01 1.958881877362728119e-02 -9.019060730934143066e-01
1.850422471761703491e-01 3.763962537050247192e-02 -1.055224657058715820e+00
1.346398741006851196e-01 2.605772577226161957e-02 -1.023686528205871582e+00
1.309211403131484985e-01 2.345615066587924957e-02 -1.018777370452880859e+00
1.956500858068466187e-01 1.994582451879978180e-02 -1.012278318405151367e+00
2.006336599588394165e-01 1.942889206111431122e-02 -1.011793732643127441e+00
2.808077931404113770e-01 2.819143049418926239e-02 -1.156517505645751953e+00
2.785040736198425293e-01 1.525710336863994598e-02 -1.090954065322875977e+00
4.133111238479614258e-01 5.109114944934844971e-02 -1.188881397247314453e+00
3.344428539276123047e-01 3.889072686433792114e-02 -1.110926866531372070e+00
1.707365661859512329e-01 2.213077433407306671e-02 -9.905846118927001953e-01
2.017172425985336304e-01 4.866599291563034058e-02 -1.061771631240844727e+00
1.821966916322708130e-01 6.213464587926864624e-02 -1.067815661430358887e+00
5.755777657032012939e-02 3.496047854423522949e-02 -1.075432896614074707e+00
1.643216460943222046e-01 5.794050171971321106e-03 -1.010985970497131348e+00
7.132335007190704346e-02 1.379805803298950195e-02 -1.021336317062377930e+00
-1.608605682849884033e-02 3.611859679222106934e-02 -9.567251205444335938e-01
4.839254915714263916e-02 2.637590281665325165e-02 -9.745652675628662109e-01
2.965404093265533447e-02 2.741223387420177460e-02 -1.065748810768127441e+00
7.010097801685333252e-02 2.290427871048450470e-02 -1.106776237487792969e+00
3.685547411441802979e-02 5.168021470308303833e-02 -1.012153625488281250e+00
4.993511736392974854e-02 3.934766352176666260e-02 -1.047976255416870117e+00
1.427163183689117432e-02 3.403868526220321655e-02 -1.045545578002929688e+00
3.696198761463165283e-02 4.645206034183502197e-02 -9.212683439254760742e-01
1.616028100252151489e-01 5.177368223667144775e-02 -1.004262566566467285e+00
-4.416473209857940674e-02 4.858092218637466431e-02 -9.692175984382629395e-01
5.020160973072052002e-02 7.018785923719406128e-02 -1.039444565773010254e+00
-3.696481883525848389e-02 4.701828211545944214e-02 -9.322323203086853027e-01
1.438595354557037354e-02 4.482188075780868530e-02 -9.306293725967407227e-01
-3.375016152858734131e-02 2.777508087456226349e-02 -9.658193588256835938e-01
-2.536921203136444092e-02 2.671795897185802460e-02 -1.056734561920166016e+00
3.710974752902984619e-02 2.482515387237071991e-02 -1.105861663818359375e+00
1.240099966526031494e-02 1.502571254968643188e-02 -1.095456004142761230e+00
2.526968717575073242e-01 5.842763930559158325e-02 -9.909520149230957031e-01
4.539760351181030273e-01 5.387255549430847168e-02 -9.102043509483337402e-01
1.399846822023391724e-01 6.177707761526107788e-02 -9.608405828475952148e-01
8.034579455852508545e-02 4.206825047731399536e-02 -8.930691480636596680e-01
7.826049625873565674e-02 3.177790343761444092e-02 -1.016866564750671387e+00
1.517729610204696655e-01 2.114821039140224457e-02 -1.073222398757934570e+00
5.610229074954986572e-02 6.746307015419006348e-03 -1.035424113273620605e+00
4.801546037197113037e-02 1.307008042931556702e-02 -1.056607127189636230e+00
5.907221138477325439e-02 -1.907540485262870789e-03 -1.067312240600585938e+00
1.130817979574203491e-01 3.998180851340293884e-03 -9.567899703979492188e-01
1.904244720935821533e-02 6.299117580056190491e-03 -1.094151377677917480e+00
8.845271170139312744e-02 3.231439739465713501e-02 -1.063671112060546875e+00
7.183881103992462158e-02 1.019601337611675262e-02 -1.095093846321105957e+00
1.309933811426162720e-01 4.139064252376556396e-02 -1.129248619079589844e+00
1.207226365804672241e-01 2.634847722947597504e-02 -1.075839519500732422e+00
2.274738997220993042e-01 3.822357207536697388e-02 -1.146238923072814941e+00
1.285087615251541138e-01 3.524475544691085815e-02 -1.016578674316406250e+00
2.045665532350540161e-01 6.844913214445114136e-02 -1.027221083641052246e+00
2.031291574239730835e-01 5.961161106824874878e-02 -1.150552272796630859e+00
9.459675848484039307e-02 1.618887670338153839e-02 -1.151487588882446289e+00
1.427272111177444458e-01 3.888106346130371094e-02 -1.048233389854431152e+00
1.260024458169937134e-01 4.731541126966476440e-02 -9.950648546218872070e-01
1.253622025251388550e-01 5.966836214065551758e-02 -9.591113328933715820e-01
1.204239875078201294e-01 3.241279721260070801e-02 -9.538800716400146484e-01
1.405859440565109253e-01 4.116386920213699341e-02 -8.694690465927124023e-01
6.891085207462310791e-02 2.622038684785366058e-02 -9.091136455535888672e-01
7.380159199237823486e-02 2.005810476839542389e-02 -9.096168279647827148e-01
1.008972376585006714e-01 2.347042597830295563e-02 -9.182720780372619629e-01
1.353367418050765991e-01 2.687584049999713898e-02 -9.315088987350463867e-01
1.134858280420303345e-01 1.584252528846263885e-02 -9.222401976585388184e-01
1.085595041513442993e-01 1.697777025401592255e-02 -8.973865509033203125e-01
1.260873526334762573e-01 1.390237733721733093e-02 -9.390925765037536621e-01
1.507479697465896606e-01 1.079432107508182526e-02 -9.298573732376098633e-01
1.799336224794387817e-01 1.267330721020698547e-03 -9.179792404174804688e-01
1.581860333681106567e-01 1.926237158477306366e-02 -1.071988821029663086e+00
1.660177856683731079e-01 3.212189301848411560e-03 -1.052987098693847656e+00
2.017499059438705444e-01 7.560299709439277649e-03 -9.782860279083251953e-01
1.673875600099563599e-01 2.756325714290142059e-02 -8.998597860336303711e-01
2.421095818281173706e-01 2.839486487209796906e-02 -9.949783086776733398e-01
2.829445600509643555e-01 3.518375754356384277e-02 -1.063207626342773438e+00
2.924275398254394531e-01 3.663703054189682007e-02 -1.133603215217590332e+00
2.366787940263748169e-01 2.552290074527263641e-02 -1.076200485229492188e+00
1.483785659074783325e-01 1.703835465013980865e-02 -9.518527984619140625e-01
1.801018863916397095e-01 1.126965135335922241e-02 -9.654136896133422852e-01
2.245113402605056763e-01 1.206269674003124237e-02 -9.520813226699829102e-01
1.788862794637680054e-01 1.277057267725467682e-02 -8.960680961608886719e-01
1.844400316476821899e-01 1.877988688647747040e-02 -9.129890203475952148e-01
1.755465418100357056e-01 1.968604512512683868e-02 -9.275786280632019043e-01
1.885829120874404907e-01 2.280682884156703949e-02 -9.310449957847595215e-01
1.308176070451736450e-01 1.498108170926570892e-02 -8.970650434494018555e-01
1.312790066003799438e-01 1.499660871922969818e-02 -8.972322940826416016e-01
1.470553725957870483e-01 1.566522009670734406e-02 -9.347858428955078125e-01
2.126639038324356079e-01 2.385676838457584381e-02 -9.918472766876220703e-01
2.140836268663406372e-01 2.312640286982059479e-02 -9.744917154312133789e-01
2.094411700963973999e-01 2.513013593852519989e-02 -9.655377268791198730e-01
2.106034904718399048e-01 2.415019087493419647e-02 -9.532790184020996094e-01
2.940981388092041016e-01 3.868465125560760498e-02 -1.007083654403686523e+00
3.843610882759094238e-01 4.951056838035583496e-02 -1.149666309356689453e+00
2.881614565849304199e-01 4.356691986322402954e-02 -1.179128646850585938e+00
2.931228876113891602e-01 3.500462323427200317e-02 -1.112217187881469727e+00
2.482055872678756714e-01 4.550257325172424316e-02 -1.023540854454040527e+00
1.562022715806961060e-01 1.670280471444129944e-03 -1.040968775749206543e+00
1.867986470460891724e-01 9.793573990464210510e-03 -9.672937989234924316e-01
2.266873568296432495e-01 1.638719253242015839e-02 -1.026754736900329590e+00
2.393694370985031128e-01 2.223663963377475739e-02 -1.028144359588623047e+00
2.148385494947433472e-01 2.510683797299861908e-02 -1.034431934356689453e+00
2.283481210470199585e-01 2.481735311448574066e-02 -1.015703916549682617e+00
2.030595988035202026e-01 2.161807380616664886e-02 -9.519153833389282227e-01
1.589619368314743042e-01 1.769777573645114899e-02 -9.073217511177062988e-01
2.087303251028060913e-01 2.843069843947887421e-02 -9.652264118194580078e-01
2.612161040306091309e-01 3.470186144113540649e-02 -1.018036484718322754e+00
1.848965734243392944e-01 2.552523650228977203e-02 -9.568970203399658203e-01
1.089971810579299927e-01 1.456742919981479645e-02 -9.824869632720947266e-01
1.371361166238784790e-01 1.601210050284862518e-02 -9.961389303207397461e-01
1.395963579416275024e-01 2.170476876199245453e-02 -9.908564090728759766e-01
1.024971455335617065e-01 2.167770080268383026e-02 -9.614983797073364258e-01
1.073053628206253052e-01 2.326643653213977814e-02 -9.614377021789550781e-01
1.240084618330001831e-01 1.991980709135532379e-02 -9.712258577346801758e-01
1.433651596307754517e-01 2.300466038286685944e-02 -1.000628113746643066e+00
1.313613206148147583e-01 1.505190506577491760e-02 -9.639089703559875488e-01
1.516084522008895874e-01 1.698763482272624969e-02 -9.361573457717895508e-01
1.715716570615768433e-01 1.644152961671352386e-02 -9.424309134483337402e-01
1.879780143499374390e-01 2.034406922757625580e-02 -9.626513719558715820e-01
1.391928046941757202e-01 9.354529902338981628e-03 -9.003340005874633789e-01
2.149032801389694214e-01 1.978901587426662445e-02 -9.695886969566345215e-01
1.537057608366012573e-01 8.369700983166694641e-03 -8.982384204864501953e-01
1.890917271375656128e-01 1.083002798259258270e-02 -9.162315726280212402e-01
1.871186345815658569e-01 9.789315983653068542e-03 -9.712227582931518555e-01
1.835035532712936401e-01 -2.554989419877529144e-03 -9.884115457534790039e-01
1.287516206502914429e-01 2.189809456467628479e-03 -1.053927898406982422e+00
1.325717121362686157e-01 6.997589021921157837e-03 -1.005386829376220703e+00
1.404230147600173950e-01 2.599474042654037476e-03 -9.739685058593750000e-01
2.525752782821655273e-01 2.485073171555995941e-02 -9.289574027061462402e-01
3.067914843559265137e-01 4.389230906963348389e-02 -1.011651039123535156e+00
1.950625330209732056e-01 2.817081473767757416e-02 -1.035945415496826172e+00
1.789987236261367798e-01 1.673350669443607330e-02 -9.476034641265869141e-01
2.476954013109207153e-01 5.091669037938117981e-03 -9.057294130325317383e-01
3.377310037612915039e-01 3.578995168209075928e-02 -1.024226784706115723e+00
1.757657080888748169e-01 2.093388698995113373e-02 -9.457862973213195801e-01
1.693401485681533813e-01 2.210887148976325989e-03 -8.278338909149169922e-01
1.874743849039077759e-01 -2.310656011104583740e-03 -7.549257278442382812e-01
2.658493518829345703e-01 1.881917938590049744e-03 -8.190070390701293945e-01
3.115523457527160645e-01 -1.106133535504341125e-01 -9.347409605979919434e-01
3.396652936935424805e-01 -1.746317185461521149e-02 -7.360220551490783691e-01
3.122993707656860352e-01 -2.562552690505981445e-03 -6.332489252090454102e-01
3.046404719352722168e-01 1.424910128116607666e-02 -7.573418021202087402e-01
3.436416983604431152e-01 -3.814669325947761536e-03 -7.495030760765075684e-01
3.587974905967712402e-01 -2.185654640197753906e-02 -7.746314406394958496e-01
4.433052539825439453e-01 7.846703752875328064e-03 -8.129600286483764648e-01
5.589574575424194336e-01 1.875073276460170746e-02 -9.100416302680969238e-01
4.599702954292297363e-01 -7.271448150277137756e-03 -7.826761603355407715e-01
4.455612897872924805e-01 2.613713964819908142e-03 -7.508688569068908691e-01
5.389249324798583984e-01 2.128102444112300873e-02 -8.296545147895812988e-01
5.008002519607543945e-01 7.253484800457954407e-03 -7.926217317581176758e-01
5.645116567611694336e-01 -1.146635040640830994e-03 -7.338460683822631836e-01
7.992457151412963867e-01 1.973507367074489594e-02 -6.429525613784790039e-01
6.215248107910156250e-01 -5.069786682724952698e-03 -6.086175441741943359e-01
6.207493543624877930e-01 -6.522538140416145325e-03 -4.970978498458862305e-01
6.853626370429992676e-01 -2.497508935630321503e-02 -5.807546377182006836e-01
5.745775699615478516e-01 -1.404523849487304688e-03 -3.936408460140228271e-01
5.742722749710083008e-01 -1.158010307699441910e-02 -3.345265388488769531e-01
7.902426123619079590e-01 -3.418933600187301636e-02 -2.652569413185119629e-01
5.848148465156555176e-01 -9.556406177580356598e-03 -3.376631140708923340e-01
6.635405421257019043e-01 -9.332032874226570129e-03 -2.780563235282897949e-01
5.373964309692382812e-01 -6.204785779118537903e-03 -1.762619018554687500e-01
8.564532995223999023e-01 -5.469175055623054504e-03 -2.097269296646118164e-01
8.696640729904174805e-01 -2.070908434689044952e-02 -3.829249739646911621e-02
8.987830281257629395e-01 -1.332888193428516388e-02 -1.790700480341911316e-03
9.240468144416809082e-01 -1.786945946514606476e-02 -9.105780720710754395e-02
8.882938027381896973e-01 -1.190543361008167267e-02 -1.245630085468292236e-01
8.094891905784606934e-01 -6.905937567353248596e-03 -1.073938012123107910e-01
8.532426357269287109e-01 -1.537343487143516541e-02 -3.548562526702880859e-02
7.381118535995483398e-01 -9.740263223648071289e-03 -5.008250474929809570e-02
8.501855731010437012e-01 -5.369326099753379822e-03 -5.721026659011840820e-02
8.286348581314086914e-01 4.678552970290184021e-03 -5.450332164764404297e-02
7.163834571838378906e-01 1.204863004386425018e-02 -6.183922290802001953e-02
8.598426580429077148e-01 1.932594738900661469e-02 -4.478049278259277344e-02
8.653271198272705078e-01 3.141621500253677368e-02 -9.641027450561523438e-02
6.187993288040161133e-01 2.726039104163646698e-02 -2.848219685256481171e-02
6.612536907196044922e-01 2.077095024287700653e-02 -2.426260523498058319e-02
7.470853924751281738e-01 1.976762525737285614e-02 -8.571010828018188477e-02
7.610763311386108398e-01 2.028762362897396088e-02 -6.806600093841552734e-02
7.310407161712646484e-01 2.327063120901584625e-02 -4.055285453796386719e-02
6.651902198791503906e-01 1.543462090194225311e-02 -3.003221563994884491e-02
7.072802186012268066e-01 1.676818914711475372e-02 -7.631975412368774414e-02
6.564145088195800781e-01 1.146296039223670959e-03 -3.192079067230224609e-02
6.719462871551513672e-01 2.834332548081874847e-02 -3.369599580764770508e-02
7.675600647926330566e-01 1.045392267405986786e-02 -9.303746744990348816e-03
7.499743103981018066e-01 4.501705989241600037e-03 3.921270370483398438e-02
6.893680095672607422e-01 3.525795415043830872e-03 7.154417037963867188e-02
7.068494558334350586e-01 -2.120660617947578430e-03 3.201210498809814453e-02
7.073720693588256836e-01 -2.221615985035896301e-03 2.821248956024646759e-02
7.128289937973022461e-01 -4.877740517258644104e-03 2.699542231857776642e-02
6.768329143524169922e-01 1.271819695830345154e-03 3.172816708683967590e-03
4.748606085777282715e-01 -4.028057679533958435e-03 2.694893069565296173e-02
6.504721641540527344e-01 -1.019852794706821442e-02 3.939896821975708008e-02
7.031897902488708496e-01 -8.184717968106269836e-03 1.787513680756092072e-02
6.266670823097229004e-01 -1.011613197624683380e-02 4.679894447326660156e-02
7.119612693786621094e-01 -5.775935947895050049e-03 1.160373687744140625e-01
7.212505340576171875e-01 8.159769698977470398e-03 5.326652526855468750e-02
6.442120075225830078e-01 -4.823865368962287903e-03 2.173054404556751251e-02
6.365053653717041016e-01 3.237104043364524841e-03 1.064247079193592072e-02
6.722157597541809082e-01 -1.021576486527919769e-02 2.918315120041370392e-02
6.836780309677124023e-01 -3.821255639195442200e-03 3.822984173893928528e-03
8.250281810760498047e-01 8.865501731634140015e-04 1.036042161285877228e-02
6.923815011978149414e-01 -6.758349016308784485e-03 4.867506027221679688e-02
7.721771597862243652e-01 -1.072678714990615845e-04 4.028606414794921875e-02
8.325769305229187012e-01 -6.792234256863594055e-03 4.336005449295043945e-02
7.075420618057250977e-01 -1.740540750324726105e-02 7.208647206425666809e-03
6.525795459747314453e-01 -2.207973785698413849e-02 -3.053126856684684753e-03
6.897935867309570312e-01 -1.840480603277683258e-02 2.873718924820423126e-02
8.261736035346984863e-01 -1.133658178150653839e-02 -5.656003952026367188e-02
8.002295494079589844e-01 -2.784624695777893066e-02 -4.905939102172851562e-02
9.386948943138122559e-01 -2.659075893461704254e-02 5.082553625106811523e-02
9.249572753906250000e-01 -2.671517618000507355e-02 6.655210256576538086e-02
8.140882849693298340e-01 -1.594755239784717560e-02 8.377814292907714844e-02
7.302827239036560059e-01 -1.715446449816226959e-02 5.632811784744262695e-02
8.520932197570800781e-01 -3.246037662029266357e-02 4.230332374572753906e-02
8.547680377960205078e-01 -3.727284073829650879e-02 4.282569885253906250e-02
8.330626487731933594e-01 -2.415854670107364655e-02 -5.915520712733268738e-03
6.973690986633300781e-01 -8.191267028450965881e-03 -8.377013728022575378e-03
7.648779153823852539e-01 -1.047651655972003937e-02 -7.640955969691276550e-03
7.566412091255187988e-01 3.574484959244728088e-03 3.449285030364990234e-02
7.174404859542846680e-01 -8.219489827752113342e-04 1.620787568390369415e-02
8.871066570281982422e-01 -5.348527804017066956e-03 6.350046396255493164e-02
9.117872714996337891e-01 2.099351957440376282e-03 5.763912200927734375e-02
8.920491933822631836e-01 -4.663001745939254761e-04 5.963909626007080078e-02
8.839339613914489746e-01 -1.165676303207874298e-02 3.802859783172607422e-02
9.142891764640808105e-01 -1.775698550045490265e-02 4.116296768188476562e-02
7.922201752662658691e-01 -5.300479009747505188e-03 5.840064957737922668e-03
7.266886830329895020e-01 -6.614545360207557678e-03 -4.241907596588134766e-02
7.458989620208740234e-01 6.836315616965293884e-03 -4.929327964782714844e-02
6.712215542793273926e-01 -2.845598384737968445e-03 -6.703704595565795898e-02
6.653693914413452148e-01 -6.001817062497138977e-03 -6.658971309661865234e-02
6.605433821678161621e-01 -7.015591487288475037e-03 -7.541936635971069336e-02
7.252067327499389648e-01 3.656351938843727112e-03 -7.147318124771118164e-02
7.736296057701110840e-01 -4.186298698186874390e-03 -3.563416004180908203e-02
7.320291399955749512e-01 -1.440837420523166656e-02 -1.994961313903331757e-02
6.313534379005432129e-01 -1.137167029082775116e-02 -2.380478195846080780e-02
7.290085554122924805e-01 -8.705837652087211609e-03 1.209618523716926575e-03
7.966926097869873047e-01 -3.690185025334358215e-03 8.369209244847297668e-03
8.482880592346191406e-01 -7.192138582468032837e-04 -2.652197889983654022e-02
9.287768602371215820e-01 -6.892187520861625671e-03 4.990341141819953918e-03
7.810749411582946777e-01 -2.100374549627304077e-04 -1.344591192901134491e-02
8.034067749977111816e-01 3.854241222143173218e-04 -5.409169197082519531e-02
7.794840931892395020e-01 7.626647129654884338e-03 -6.564205884933471680e-02
8.590794205665588379e-01 3.364419564604759216e-03 -1.996528916060924530e-02
9.172964692115783691e-01 -1.318643428385257721e-02 7.334472611546516418e-03
8.507813215255737305e-01 -1.109562255442142487e-02 1.521194167435169220e-02
8.276029825210571289e-01 -6.343880668282508850e-03 -3.146982192993164062e-02
7.189189791679382324e-01 -2.865748479962348938e-03 -4.859209060668945312e-02
8.257529139518737793e-01 9.238770231604576111e-03 -7.391935586929321289e-02
8.102647066116333008e-01 1.030568405985832214e-02 -7.378327846527099609e-02
8.807885646820068359e-01 -9.898791089653968811e-03 -4.329466819763183594e-02
8.763083815574645996e-01 -1.126286573708057404e-02 -2.157705835998058319e-02
9.085077047348022461e-01 -7.113596424460411072e-03 -2.917885594069957733e-02
8.661988377571105957e-01 -3.401966765522956848e-03 -3.714346885681152344e-02
8.219356536865234375e-01 4.436392337083816528e-04 -9.627652168273925781e-02
8.963999152183532715e-01 -6.086887791752815247e-03 2.466845698654651642e-02
9.248390197753906250e-01 -4.536906257271766663e-03 6.131064891815185547e-02
9.742885231971740723e-01 -3.010379150509834290e-03 2.056908793747425079e-02
9.951786994934082031e-01 6.063634529709815979e-03 1.987147517502307892e-02
9.671248793601989746e-01 1.365246623754501343e-02 1.317286677658557892e-02
9.265970587730407715e-01 6.182549521327018738e-03 -5.878685042262077332e-03
8.371835947036743164e-01 -1.960002817213535309e-02 3.270304203033447266e-02
7.503214478492736816e-01 -1.184446737170219421e-03 -4.814964532852172852e-02
7.768796682357788086e-01 -1.112345792353153229e-02 4.177333787083625793e-03
7.219334244728088379e-01 -7.593620568513870239e-03 -6.088972091674804688e-02
7.100147008895874023e-01 -8.877607062458992004e-03 -2.032154612243175507e-02
7.166825532913208008e-01 -5.765592679381370544e-03 -1.037359051406383514e-02
8.359661102294921875e-01 -1.131651736795902252e-02 2.338940091431140900e-02
7.170832157135009766e-01 1.723740249872207642e-03 -8.234737440943717957e-03
7.355565428733825684e-01 8.123081177473068237e-03 4.690410569310188293e-03
6.801239848136901855e-01 -9.010446257889270782e-03 6.596964597702026367e-02
8.022981882095336914e-01 -1.763673685491085052e-02 8.361911773681640625e-02
7.895499467849731445e-01 -3.120882995426654816e-02 2.801615186035633087e-02
7.826473712921142578e-01 -2.330624498426914215e-02 2.788031287491321564e-02
8.444926142692565918e-01 -2.950220741331577301e-02 1.637578196823596954e-02
1.008020758628845215e+00 -5.889786034822463989e-02 1.648562550544738770e-01
1.015979766845703125e+00 -3.543321043252944946e-02 1.447406411170959473e-01
6.976605653762817383e-01 -1.943251676857471466e-02 2.733046002686023712e-02
6.862698197364807129e-01 -1.929333433508872986e-02 8.887195587158203125e-02
7.669860124588012695e-01 -2.464199252426624298e-02 4.966825246810913086e-02
8.224660158157348633e-01 -3.832099586725234985e-02 1.180151104927062988e-01
6.311198472976684570e-01 -2.646506391465663910e-02 1.307952404022216797e-01
7.679459452629089355e-01 -3.165006637573242188e-02 1.395242214202880859e-01
7.350984215736389160e-01 -3.256089612841606140e-02 1.598630249500274658e-01
4.417211413383483887e-01 -2.092576585710048676e-02 1.430573165416717529e-01
3.827809691429138184e-01 -2.375920116901397705e-02 1.085979342460632324e-01
5.287131071090698242e-01 -2.354522235691547394e-02 5.966418981552124023e-02
5.728438496589660645e-01 -1.271210797131061554e-02 6.097489595413208008e-02
5.378083586692810059e-01 -9.846175089478492737e-03 1.035809516906738281e-01
6.501573920249938965e-01 -2.537854015827178955e-05 8.694797754287719727e-02
6.397579908370971680e-01 -1.226183958351612091e-02 8.556616306304931641e-02
6.403591632843017578e-01 -9.468737989664077759e-04 9.327179193496704102e-02
6.179146766662597656e-01 -7.379697635769844055e-03 1.144700050354003906e-01
7.174668312072753906e-01 -1.846238411962985992e-02 1.564455628395080566e-01
6.153104305267333984e-01 -6.664562970399856567e-04 1.881457865238189697e-01
5.469663739204406738e-01 -6.087893620133399963e-03 2.257798910140991211e-01
6.084259748458862305e-01 -7.872598245739936829e-03 2.510738074779510498e-01
5.276363492012023926e-01 -1.744958944618701935e-02 2.479633688926696777e-01
6.017455458641052246e-01 -1.861117221415042877e-02 2.334246635437011719e-01
5.590860843658447266e-01 -1.441186107695102692e-02 2.629175782203674316e-01
5.451153516769409180e-01 -1.615519262850284576e-02 3.239036798477172852e-01
5.049630403518676758e-01 -1.110780425369739532e-02 4.352209568023681641e-01
5.378841161727905273e-01 -1.835544593632221222e-02 5.361573100090026855e-01
4.198634028434753418e-01 1.747887581586837769e-04 4.098074734210968018e-01
4.843165278434753418e-01 -4.397051408886909485e-03 5.316195487976074219e-01
5.450106859207153320e-01 -1.018343307077884674e-02 6.682960391044616699e-01
6.410008072853088379e-01 -5.236477404832839966e-02 8.609700202941894531e-01
5.022631883621215820e-01 -9.064843878149986267e-03 6.323521137237548828e-01
4.026442170143127441e-01 2.860091626644134521e-05 5.886701941490173340e-01
3.980441093444824219e-01 -3.555022180080413818e-03 5.890421867370605469e-01
3.843650221824645996e-01 -7.345153018832206726e-03 5.556596517562866211e-01
4.018921256065368652e-01 -7.177719473838806152e-02 7.260985374450683594e-01
3.390910625457763672e-01 -5.578768253326416016e-02 9.242616891860961914e-01
2.318808287382125854e-01 -5.538400262594223022e-03 9.394685029983520508e-01
2.466334849596023560e-01 -2.088016085326671600e-02 9.568789005279541016e-01
2.244022935628890991e-01 -7.771290838718414307e-03 9.165424108505249023e-01
1.824087947607040405e-01 -1.461898349225521088e-02 8.339319229125976562e-01
1.461940407752990723e-01 -3.772220015525817871e-02 1.019692659378051758e+00
1.271076649427413940e-01 -1.932303421199321747e-03 9.175013899803161621e-01
1.276210695505142212e-01 -3.877360373735427856e-02 9.996799230575561523e-01
7.807965576648712158e-02 -1.587494276463985443e-03 9.482415318489074707e-01
1.221348196268081665e-01 7.620180025696754456e-03 1.076115250587463379e+00
7.455779612064361572e-02 -3.661311417818069458e-02 1.047161698341369629e+00
1.484155803918838501e-01 -2.897811122238636017e-02 1.062345027923583984e+00
8.858071267604827881e-02 -4.717934131622314453e-02 1.088945031166076660e+00
6.781603395938873291e-02 -1.854891516268253326e-02 1.019633173942565918e+00
7.727344334125518799e-02 -3.964185714721679688e-02 1.047556996345520020e+00
-1.517756283283233643e-02 -1.473651267588138580e-02 1.024506807327270508e+00
1.123429834842681885e-02 -5.271671339869499207e-03 9.745777845382690430e-01
3.557428717613220215e-03 -9.196707978844642639e-03 9.079238772392272949e-01
-3.376530110836029053e-02 -6.431275978684425354e-03 9.081920385360717773e-01
-2.058933675289154053e-02 -1.039556972682476044e-02 1.047821998596191406e+00
-4.475282132625579834e-02 -2.445405349135398865e-03 9.449322223663330078e-01
-2.996027469635009766e-02 -3.313915804028511047e-03 9.934279322624206543e-01
-2.487389743328094482e-02 -1.638234965503215790e-02 9.943500757217407227e-01
-4.524452984333038330e-02 -2.112989686429500580e-02 1.022006750106811523e+00
-3.245063126087188721e-02 -2.819645218551158905e-02 1.060600042343139648e+00
-4.670648276805877686e-02 -2.576678805053234100e-02 1.039926886558532715e+00
-5.375714600086212158e-02 -3.430836275219917297e-02 1.044851541519165039e+00
-7.503952085971832275e-02 -2.780475467443466187e-02 1.092181801795959473e+00
-4.133765399456024170e-02 -2.438440173864364624e-02 1.101449728012084961e+00
-6.207622587680816650e-02 -1.389209553599357605e-02 1.142956972122192383e+00
-8.094690740108489990e-02 -1.701750233769416809e-02 1.062486886978149414e+00
-5.834276974201202393e-02 -7.353100925683975220e-03 1.091455459594726562e+00
-7.071708142757415771e-02 -1.553701423108577728e-02 1.106317996978759766e+00
-6.296624243259429932e-02 -2.327782474458217621e-02 1.176110267639160156e+00
-5.218715965747833252e-02 -2.003992535173892975e-02 1.194810748100280762e+00
-3.943337500095367432e-02 -2.111082710325717926e-02 1.188251256942749023e+00
-5.272106826305389404e-02 -1.764762215316295624e-02 1.168785333633422852e+00
-5.541850626468658447e-02 -1.488375104963779449e-02 1.164039850234985352e+00
-1.028597801923751831e-01 -8.458303287625312805e-03 1.119986772537231445e+00
-8.970193564891815186e-02 -1.682101376354694366e-02 1.131083488464355469e+00
-6.750120222568511963e-02 -1.743208803236484528e-02 1.119295239448547363e+00
-5.808810889720916748e-02 -1.516235433518886566e-02 1.121163487434387207e+00
-5.049742758274078369e-02 -1.276654191315174103e-02 1.124874949455261230e+00
-5.369637906551361084e-02 -8.935870602726936340e-03 1.138655781745910645e+00
-5.363197624683380127e-02 -1.711649633944034576e-02 1.120093584060668945e+00
-4.199929535388946533e-02 -1.411673240363597870e-02 1.130399346351623535e+00
-3.763981163501739502e-02 -1.354764215648174286e-02 1.147942185401916504e+00
-3.400768339633941650e-02 -1.489898748695850372e-02 1.095616817474365234e+00
-4.686285555362701416e-02 -1.350295078009366989e-02 1.144514083862304688e+00
-5.054609477519989014e-02 -1.430108956992626190e-02 1.127352356910705566e+00
-4.104451835155487061e-02 -1.344677805900573730e-02 1.174044609069824219e+00
-2.123643457889556885e-02 -1.479745097458362579e-02 1.173955082893371582e+00
-2.264632284641265869e-02 -1.587465777993202209e-02 1.142238616943359375e+00
-4.617348313331604004e-03 -1.150735095143318176e-02 1.063816547393798828e+00
-8.355826139450073242e-04 -2.152114547789096832e-02 1.080888628959655762e+00
-2.028660476207733154e-02 -2.440326660871505737e-02 1.101318836212158203e+00
-5.190476775169372559e-03 -8.499924093484878540e-03 9.903520345687866211e-01
-3.253729641437530518e-02 -4.871948622167110443e-03 9.109679460525512695e-01
-2.236829698085784912e-02 -1.300158631056547165e-02 9.725524187088012695e-01
-4.748119413852691650e-02 -1.386943832039833069e-02 9.780859947204589844e-01
-2.779264748096466064e-02 -1.242829021066427231e-02 9.782608151435852051e-01
-2.727608382701873779e-02 -8.809816092252731323e-03 1.018388032913208008e+00
-7.406543195247650146e-02 -3.136793151497840881e-03 1.079889774322509766e+00
-6.358285248279571533e-02 -8.631631731986999512e-03 1.025174379348754883e+00
-6.381498277187347412e-02 -9.312406182289123535e-03 1.069376230239868164e+00
-3.793670237064361572e-02 -1.936362497508525848e-02 1.011013269424438477e+00
-2.734638750553131104e-02 -1.942510902881622314e-02 1.038337945938110352e+00
-4.274635016918182373e-02 -1.766494475305080414e-02 1.047368168830871582e+00
-4.600070416927337646e-02 -1.810547523200511932e-02 1.112820744514465332e+00
-5.208487808704376221e-02 -1.169338636100292206e-02 1.081373333930969238e+00
-4.257525503635406494e-02 -1.222050283104181290e-02 1.039562344551086426e+00
-6.069175899028778076e-02 -1.599939167499542236e-02 1.084851503372192383e+00
-5.132441222667694092e-02 -2.070948667824268341e-02 1.127242565155029297e+00
-4.618571698665618896e-02 -2.549420855939388275e-02 1.053225517272949219e+00
-2.812419831752777100e-02 -2.500907704234123230e-02 1.044388651847839355e+00
-1.154251396656036377e-02 -1.815062761306762695e-02 1.055029153823852539e+00
1.286700367927551270e-03 -8.054174482822418213e-03 9.914275407791137695e-01
-3.151075541973114014e-02 -1.234055776149034500e-02 1.029606342315673828e+00
-2.076999843120574951e-02 -1.439259108155965805e-02 1.061472654342651367e+00
-4.805132746696472168e-03 -6.363486871123313904e-03 1.010150313377380371e+00
-2.375499904155731201e-02 -1.534459460526704788e-02 1.026784658432006836e+00
-1.768361032009124756e-02 -1.266238838434219360e-02 1.025662302970886230e+00
-7.757321000099182129e-03 -1.328038796782493591e-02 1.029745340347290039e+00
2.315814793109893799e-02 -1.454731076955795288e-02 1.073396682739257812e+00
1.771737635135650635e-02 -1.248650811612606049e-02 1.159313559532165527e+00
-2.231016755104064941e-03 -1.850180514156818390e-02 1.096612453460693359e+00
-9.733662009239196777e-03 -2.216623723506927490e-02 1.164165973663330078e+00
-1.898668706417083740e-02 -2.859878726303577423e-02 1.126479744911193848e+00
-4.909275472164154053e-02 -3.300546109676361084e-02 1.122828364372253418e+00
-5.507878959178924561e-02 -2.556058205664157867e-02 1.084769368171691895e+00
-4.967011511325836182e-02 -2.163698524236679077e-02 1.110003352165222168e+00
-1.675491034984588623e-02 -1.919027417898178101e-02 1.110580086708068848e+00
-1.414425671100616455e-02 -2.533160522580146790e-02 1.116091847419738770e+00
-2.726162970066070557e-02 -2.029729448258876801e-02 1.118586897850036621e+00
-1.627145707607269287e-02 -2.066055499017238617e-02 1.148518323898315430e+00
-4.694251716136932373e-02 -1.388924010097980499e-02 1.212298750877380371e+00
-6.602261960506439209e-02 -1.246368326246738434e-02 1.171351671218872070e+00
-3.467108309268951416e-02 -2.001868747174739838e-02 1.077762961387634277e+00
-5.726741254329681396e-02 -2.373862452805042267e-02 9.959694147109985352e-01
-4.609291255474090576e-02 -2.655372954905033112e-02 9.756573438644409180e-01
-4.590676724910736084e-02 -3.062156029045581818e-02 1.031399607658386230e+00
-3.143565356731414795e-02 -2.125803194940090179e-02 9.924777150154113770e-01
-3.489844501018524170e-02 -2.427453733980655670e-02 1.015282034873962402e+00
-4.538203775882720947e-02 -2.423572354018688202e-02 1.031876087188720703e+00
-4.330419003963470459e-02 -2.417576871812343597e-02 1.068243980407714844e+00
-4.177896678447723389e-02 -2.313906140625476837e-02 1.064120650291442871e+00
-8.359913527965545654e-02 -2.324650250375270844e-02 1.145942211151123047e+00
-1.143117100000381470e-01 -1.998890750110149384e-02 1.167266845703125000e+00
-1.133391410112380981e-01 -2.558651752769947052e-02 1.182805299758911133e+00
-7.942722737789154053e-02 -1.277621649205684662e-02 1.176173686981201172e+00
-2.581749856472015381e-02 -1.287900656461715698e-02 1.171610355377197266e+00
-5.669559538364410400e-02 -2.355109900236129761e-03 1.192150354385375977e+00
-5.766688287258148193e-02 1.569645479321479797e-03 1.167690277099609375e+00
4.196301102638244629e-03 -9.448377415537834167e-03 1.220349669456481934e+00
-4.499758780002593994e-02 -6.537597626447677612e-03 1.204118013381958008e+00
-6.585396826267242432e-02 -5.347788333892822266e-03 1.208298563957214355e+00
-1.042926758527755737e-01 -8.488143794238567352e-03 1.229887485504150391e+00
-1.195021718740463257e-01 -9.766784496605396271e-03 1.212836027145385742e+00
-1.088448315858840942e-01 -8.150723762810230255e-03 1.156331181526184082e+00
-1.342055052518844604e-01 4.483461380004882812e-04 1.184494614601135254e+00
-1.691565364599227905e-01 2.710482105612754822e-03 1.192755341529846191e+00
-1.574401706457138062e-01 -2.001317217946052551e-03 1.162434816360473633e+00
-1.282031089067459106e-01 -1.624163240194320679e-03 1.166544914245605469e+00
-1.269063800573348999e-01 3.573115915060043335e-03 1.182709693908691406e+00
-1.150797456502914429e-01 2.845548093318939209e-03 1.205595850944519043e+00
-1.417566090822219849e-01 2.694947645068168640e-03 1.220039248466491699e+00
-1.389018744230270386e-01 -5.679838359355926514e-04 1.210201382637023926e+00
-1.322853416204452515e-01 2.447158098220825195e-03 1.183373093605041504e+00
-9.445814788341522217e-02 3.547651693224906921e-03 1.147648453712463379e+00
-1.084590703248977661e-01 1.417975872755050659e-04 1.158744931221008301e+00
-1.124596446752548218e-01 6.433589383959770203e-03 1.141894817352294922e+00
-1.097932606935501099e-01 7.622404024004936218e-03 1.153934717178344727e+00
-1.051945239305496216e-01 6.455654278397560120e-03 1.164855718612670898e+00
-1.440443247556686401e-01 1.158135198056697845e-02 1.157774329185485840e+00
-1.351852267980575562e-01 7.670851424336433411e-03 1.162745356559753418e+00
-9.971447288990020752e-02 9.005168452858924866e-03 1.162090659141540527e+00
-7.737429440021514893e-02 3.254810348153114319e-03 1.140631079673767090e+00
-3.036297857761383057e-02 8.898718282580375671e-03 1.226791977882385254e+00
-2.480690181255340576e-02 1.106737181544303894e-03 1.201404809951782227e+00
-3.578917682170867920e-02 -4.226690158247947693e-03 1.219416022300720215e+00
-1.336862146854400635e-02 5.792435258626937866e-04 1.242061734199523926e+00
-2.851508557796478271e-02 -9.685028344392776489e-04 1.259815573692321777e+00
-7.060064375400543213e-02 -1.985402777791023254e-03 1.190369486808776855e+00
-6.816209852695465088e-02 -5.123415961861610413e-03 1.188149929046630859e+00
-5.549369752407073975e-02 -4.152460023760795593e-03 1.186156988143920898e+00
-5.442766845226287842e-02 -8.494311943650245667e-03 1.152624130249023438e+00
-4.616503417491912842e-02 -4.236647859215736389e-03 1.156972765922546387e+00
-5.552519857883453369e-02 -6.200281903147697449e-03 1.197988748550415039e+00
-3.964020311832427979e-02 -2.880053594708442688e-03 1.133830189704895020e+00
-1.697163283824920654e-02 3.120657056570053101e-04 1.104431033134460449e+00
-5.895748734474182129e-03 -2.642398700118064880e-03 1.149351596832275391e+00
-1.041789352893829346e-02 -1.602562144398689270e-03 1.170880913734436035e+00
-4.204675555229187012e-03 -1.609968021512031555e-03 1.162039041519165039e+00
1.776163280010223389e-02 -1.473074778914451599e-03 1.149312496185302734e+00
3.320565819740295410e-02 -6.268629804253578186e-03 1.074896216392517090e+00
3.894463181495666504e-02 -1.505646295845508575e-02 1.091312885284423828e+00
1.850654184818267822e-02 -2.509482018649578094e-02 1.094424724578857422e+00
9.175583720207214355e-03 -1.832041144371032715e-02 1.148259520530700684e+00
1.303721964359283447e-02 -2.889289520680904388e-02 1.198455333709716797e+00
-2.118833363056182861e-02 -3.229102492332458496e-02 1.171842694282531738e+00
-1.359446346759796143e-02 -2.355077303946018219e-02 1.198586583137512207e+00
-1.431863009929656982e-02 -1.604445092380046844e-02 1.157345414161682129e+00
-6.395547091960906982e-02 -2.204434014856815338e-02 1.079156517982482910e+00
-8.627159893512725830e-02 -1.810538209974765778e-02 1.078678250312805176e+00
-1.216154843568801880e-01 -2.253104187548160553e-02 1.037546515464782715e+00
-1.340073496103286743e-01 -1.837901212275028229e-02 1.079855918884277344e+00
-1.538483649492263794e-01 -1.281830854713916779e-02 1.036113500595092773e+00
-1.809251457452774048e-01 -2.086110226809978485e-02 9.879918694496154785e-01
-2.066799253225326538e-01 -1.489034481346607208e-02 9.664122462272644043e-01
-1.617840081453323364e-01 1.289775595068931580e-03 1.013810276985168457e+00
-1.705141812562942505e-01 2.249559387564659119e-03 1.013706445693969727e+00
-1.721915155649185181e-01 -6.806308403611183167e-03 1.022524714469909668e+00
-1.597257107496261597e-01 -1.510155387222766876e-02 1.009159803390502930e+00
-9.712092578411102295e-02 -1.176594011485576630e-02 9.165959358215332031e-01
-8.610291779041290283e-02 -1.793129928410053253e-02 8.805509805679321289e-01
-8.718623220920562744e-02 -7.779339328408241272e-03 9.322361946105957031e-01
-3.912244737148284912e-02 -1.170725934207439423e-02 8.682891130447387695e-01
-9.036020934581756592e-02 -1.214532367885112762e-02 8.857502341270446777e-01
-1.072043031454086304e-01 -1.801864989101886749e-02 9.460135698318481445e-01
-8.487834036350250244e-02 -1.177458651363849640e-02 9.098837375640869141e-01
-8.825935423374176025e-02 -1.368435658514499664e-02 8.858143091201782227e-01
-8.445997536182403564e-02 -1.501871459186077118e-02 8.838635683059692383e-01
-8.339880406856536865e-02 -1.587022095918655396e-02 8.432474136352539062e-01
-9.688289463520050049e-02 -1.686802692711353302e-02 8.690017461776733398e-01
-8.871634304523468018e-02 -1.206113211810588837e-02 9.447124600410461426e-01
-9.248541295528411865e-02 -1.474737189710140228e-02 9.212876558303833008e-01
-7.823528349399566650e-02 -1.384834386408329010e-02 9.507346153259277344e-01
-9.798185527324676514e-02 -1.150309480726718903e-02 9.487054944038391113e-01
-9.822715818881988525e-02 -1.147524081170558929e-02 9.484601616859436035e-01
-1.073121577501296997e-01 -1.150583289563655853e-02 9.488514661788940430e-01
